Creation_Time,Sensor_Time,Arrival_Time,x,y,z
1398519510180646760,1790561,1398519509756,-0.019515991,-9.86676,0.45370483
1398519510185926301,1790561,1398519509757,0.07807922,-9.857239,0.50250244
1398519510190137727,1790568,1398519509763,0.07807922,-9.857239,0.50250244
1398519510195234163,1790569,1398519509765,0.05189514,-9.872711,0.45489502
1398519510201276643,1790581,1398519509776,0.035232544,-9.835815,0.4406128
1398519510206556184,1790581,1398519509777,0.053085327,-9.853668,0.4156189
1398519510210309846,1790588,1398519509784,0.053085327,-9.853668,0.4156189
1398519510215497835,1790591,1398519509786,0.011428833,-9.907227,0.46798706
1398519510220350130,1790600,1398519509795,0.011428833,-9.907227,0.46798706
1398519510225629671,1790600,1398519509795,0.02571106,-9.888184,0.45846558
1398519510231183870,1790611,1398519509806,0.011428833,-9.878662,0.40847778
1398519510236463411,1790611,1398519509807,0.026901245,-9.883423,0.46679688
1398519510240552766,1790620,1398519509815,0.0388031,-9.858429,0.50250244
1398519510245801790,1790620,1398519509815,0.05189514,-9.885803,0.5203552
1398519510251386507,1790631,1398519509826,0.011428833,-9.854858,0.45370483
1398519510256605012,1790631,1398519509827,0.006668091,-9.844147,0.43823242
1398519510260663850,1790641,1398519509836,0.06022644,-9.908417,0.40847778
1398519510265882356,1790641,1398519509836,0.06260681,-9.821533,0.41680908
1398519510270826204,1790650,1398519509846,0.02571106,-9.858429,0.43347168
1398519510276197298,1790650,1398519509846,0.018569946,-9.860809,0.38467407
1398519510281415803,1790661,1398519509857,0.03642273,-9.876282,0.3834839
1398519510286664827,1790661,1398519509857,0.006668091,-9.844147,0.4560852
1398519510290998323,1790671,1398519509866,0.04118347,-9.833435,0.42871094
1398519510296369417,1790671,1398519509867,0.04118347,-9.896515,0.47512817
1398519510301069124,1790681,1398519509876,-0.012374878,-9.8013,0.48464966
1398519510306440218,1790681,1398519509876,-0.0135650635,-9.885803,0.43823242
1398519510311017854,1790704,1398519509899,-0.0028533936,-9.86557,0.47036743
1398519510316022737,1790704,1398519509900,0.016189575,-9.882233,0.4144287
1398519510321088655,1790750,1398519509946,0.020950317,-9.852478,0.43585205
1398519510326093538,1790750,1398519509946,0.04118347,-9.848907,0.42633057
1398519510331128938,1790751,1398519509946,0.08164978,-9.8298645,0.43585205
1398519510336164339,1790751,1398519509946,-0.004043579,-9.838196,0.4406128
1398519510341199739,1790751,1398519509946,0.03642273,-9.909607,0.5144043
1398519510346265657,1790751,1398519509946,0.01499939,-9.86438,0.39300537
1398519510351270540,1790751,1398519509946,0.02809143,-9.882233,0.35372925
1398519510356305940,1790751,1398519509946,0.023330688,-9.858429,0.4477539
1398519510361371858,1790751,1398519509946,0.050704956,-9.875092,0.3894348
1398519510366376741,1790751,1398519509946,0.030471802,-9.897705,0.43585205
1398519510371412141,1790751,1398519509947,0.03642273,-9.900085,0.37753296
1398519510376386507,1790751,1398519509947,-0.0135650635,-9.9131775,0.46679688
1398519510381391389,1790768,1398519509964,0.037612915,-9.835815,0.43823242
1398519510386426790,1790768,1398519509964,-0.001663208,-9.882233,0.43704224
1398519510391462190,1790768,1398519509964,0.059036255,-9.812012,0.5036926
1398519510396497591,1790774,1398519509969,0.06855774,-9.823914,0.46679688
1398519510401532991,1790779,1398519509975,0.012619019,-9.902466,0.47155762
1398519510406568391,1790780,1398519509975,0.031661987,-9.853668,0.51678467
1398519510411603792,1790785,1398519509980,0.019760132,-9.889374,0.390625
1398519510416639192,1790795,1398519509991,0.009048462,-9.817963,0.39300537
1398519510421674593,1790795,1398519509991,0.019760132,-9.837006,0.38824463
1398519510426709993,1790800,1398519509996,0.030471802,-9.878662,0.43347168
1398519510431745393,1790805,1398519510001,0.0554657,-9.857239,0.45489502
1398519510436780794,1790810,1398519510006,0.04475403,-9.883423,0.4394226
1398519510441816194,1790818,1398519510013,0.020950317,-9.846527,0.46917725
1398519510446851594,1790820,1398519510016,0.06855774,-9.86438,0.45370483
1398519510451886995,1790825,1398519510021,0.026901245,-9.840576,0.45013428
1398519510456922395,1790830,1398519510026,0.026901245,-9.869141,0.42276
1398519510461957796,1790835,1398519510031,0.04951477,-9.86438,0.4072876
1398519510466993196,1790840,1398519510036,0.037612915,-9.886993,0.42037964
1398519510472028596,1790845,1398519510041,0.023330688,-9.871521,0.4477539
1398519510477063997,1790850,1398519510046,0.024520874,-9.827484,0.45013428
1398519510482099397,1790855,1398519510051,0.04475403,-9.86795,0.4239502
1398519510487134798,1790860,1398519510056,0.026901245,-9.850098,0.40014648
1398519510492170198,1790865,1398519510061,0.0030975342,-9.854858,0.42276
1398519510497205598,1790870,1398519510066,-0.0028533936,-9.871521,0.45013428
1398519510502240999,1790875,1398519510071,0.06736755,-9.882233,0.49179077
1398519510507276399,1790880,1398519510076,0.06022644,-9.840576,0.37158203
1398519510512311800,1790885,1398519510081,0.03404236,-9.8941345,0.5036926
1398519510517347200,1790890,1398519510086,0.016189575,-9.875092,0.49417114
1398519510522382600,1790896,1398519510091,0.0471344,-9.895325,0.42276
1398519510527418001,1790901,1398519510096,0.06022644,-9.86557,0.4727478
1398519510532453401,1790906,1398519510101,0.05189514,-9.883423,0.40966797
1398519510537488801,1790911,1398519510106,-0.00642395,-9.872711,0.4072876
1398519510542524202,1790916,1398519510111,0.042373657,-9.891754,0.4406128
1398519510547559602,1790921,1398519510116,0.029281616,-9.853668,0.46084595
1398519510552595003,1790926,1398519510121,0.03642273,-9.871521,0.39657593
1398519510557630403,1790931,1398519510126,-0.024276733,-9.860809,0.39419556
1398519510562665803,1790936,1398519510131,0.035232544,-9.850098,0.5536804
1398519510567701204,1790941,1398519510137,0.029281616,-9.914368,0.40490723
1398519510572736604,1790946,1398519510142,-0.011184692,-9.883423,0.45251465
1398519510577772005,1790951,1398519510147,0.0054779053,-9.8810425,0.42990112
1398519510582807405,1790956,1398519510152,0.061416626,-9.842957,0.4656067
1398519510587842805,1790961,1398519510157,0.018569946,-9.858429,0.41680908
1398519510592878206,1790966,1398519510162,0.032852173,-9.854858,0.39538574
1398519510597913606,1790971,1398519510167,0.054275513,-9.851288,0.4822693
1398519510602949007,1790976,1398519510172,0.023330688,-9.827484,0.4727478
1398519510607984407,1790981,1398519510177,0.082839966,-9.897705,0.4060974
1398519510613019807,1790986,1398519510182,0.03642273,-9.896515,0.4965515
1398519510618055208,1790992,1398519510187,0.02571106,-9.884613,0.4406128
1398519510623090608,1790997,1398519510192,0.012619019,-9.872711,0.44180298
1398519510628126009,1791002,1398519510197,0.06617737,-9.921509,0.390625
1398519510633161409,1791007,1398519510202,0.024520874,-9.860809,0.4406128
1398519510638196809,1791012,1398519510207,0.0042877197,-9.859619,0.4977417
1398519510643232210,1791017,1398519510212,0.023330688,-9.837006,0.4406128
1398519510648267610,1791022,1398519510217,0.026901245,-9.86438,0.42871094
1398519510653303010,1791027,1398519510222,0.018569946,-9.871521,0.4572754
1398519510658338411,1791032,1398519510227,0.056655884,-9.875092,0.4727478
1398519510663373811,1791037,1398519510232,-0.032608032,-9.822723,0.5227356
1398519510668409212,1791044,1398519510239,0.043563843,-9.837006,0.46679688
1398519510673444612,1791047,1398519510242,0.032852173,-9.875092,0.41323853
1398519510678480012,1791052,1398519510248,-0.011184692,-9.854858,0.47036743
1398519510683606966,1791057,1398519510253,-0.023086548,-9.884613,0.42990112
1398519510688642366,1791062,1398519510258,0.01499939,-9.884613,0.3739624
1398519510693677766,1791068,1398519510263,-0.009994507,-9.853668,0.4560852
1398519510698713167,1791073,1398519510268,0.01499939,-9.831055,0.42633057
1398519510703748567,1791078,1398519510273,0.0554657,-9.86319,0.3822937
1398519510708783968,1791083,1398519510278,0.039993286,-9.884613,0.4144287
1398519510713819368,1791088,1398519510283,-4.7302246E-4,-9.858429,0.4156189
1398519510718854768,1791103,1398519510298,0.02809143,-9.833435,0.44299316
1398519510723890169,1791103,1398519510299,0.010238647,-9.839386,0.47750854
1398519510728956087,1791103,1398519510299,-0.014755249,-9.86676,0.47631836
1398519510733960969,1791109,1398519510305,-0.0028533936,-9.844147,0.45370483
1398519510738996370,1791116,1398519510312,0.0042877197,-9.86795,0.42752075
1398519510744031770,1791119,1398519510315,0.02571106,-9.909607,0.4072876
1398519510749128206,1791126,1398519510322,-0.018325806,-9.896515,0.39419556
1398519510754194124,1791128,1398519510324,0.04475403,-9.822723,0.4072876
1398519510759199007,1791136,1398519510332,0.02809143,-9.879852,0.4644165
1398519510764264925,1791138,1398519510334,0.011428833,-9.891754,0.43823242
1398519510769208772,1791145,1398519510340,-0.0052337646,-9.896515,0.45965576
1398519510774244173,1791150,1398519510345,0.02809143,-9.86676,0.4822693
1398519510779340608,1791156,1398519510352,0.016189575,-9.79892,0.4322815
1398519510784406526,1791158,1398519510354,0.06022644,-9.858429,0.49417114
1398519510789411409,1791167,1398519510362,0.030471802,-9.886993,0.46203613
1398519510794507844,1791168,1398519510364,0.024520874,-9.889374,0.45965576
1398519510799482210,1791177,1398519510372,0.024520874,-9.889374,0.45965576
1398519510804578645,1791178,1398519510374,0.029281616,-9.842957,0.40847778
1398519510809644563,1791187,1398519510382,0.019760132,-9.872711,0.47869873
1398519510814618928,1791189,1398519510384,0.020950317,-9.923889,0.46322632
1398519510819562776,1791197,1398519510392,0.010238647,-9.870331,0.47750854
1398519510824598176,1791199,1398519510394,-0.0028533936,-9.876282,0.40490723
1398519510829786165,1791207,1398519510403,0.012619019,-9.851288,0.45013428
1398519510834760530,1791209,1398519510404,-0.01713562,-9.850098,0.38705444
1398519510839918001,1791217,1398519510413,0.04475403,-9.896515,0.38824463
1398519510844831331,1791219,1398519510414,0.013809204,-9.890564,0.43466187
1398519510849775178,1791225,1398519510420,0.06617737,-9.845337,0.41918945
1398519510854810579,1791231,1398519510427,0.03642273,-9.869141,0.44418335
1398519510859845979,1791234,1398519510430,0.013809204,-9.904846,0.38110352
1398519510864911897,1791241,1398519510437,0.042373657,-9.86795,0.38824463
1398519510869916780,1791247,1398519510443,0.019760132,-9.885803,0.42156982
1398519510874952180,1791249,1398519510444,0.045944214,-9.860809,0.41680908
1398519510880262239,1791258,1398519510453,0.010238647,-9.871521,0.35372925
1398519510885114534,1791259,1398519510455,-0.001663208,-9.839386,0.37158203
1398519510890424593,1791268,1398519510463,0.04475403,-9.903656,0.4644165
1398519510895185335,1791269,1398519510465,0.08522034,-9.885803,0.4644165
1398519510900495393,1791278,1398519510473,0.07093811,-9.910797,0.42156982
1398519510905256135,1791280,1398519510475,0.02809143,-9.870331,0.45132446
1398519510910505159,1791288,1398519510483,0.05189514,-9.885803,0.42037964
1398519510915326936,1791290,1398519510486,0.04118347,-9.902466,0.4727478
1398519510920331819,1791298,1398519510493,-0.00642395,-9.875092,0.4977417
1398519510925397737,1791299,1398519510495,0.05189514,-9.884613,0.4239502
1398519510930738313,1791308,1398519510504,-0.0052337646,-9.852478,0.43823242
1398519510935468538,1791309,1398519510505,0.032852173,-9.823914,0.43466187
1398519510940839632,1791318,1398519510514,-0.0052337646,-9.876282,0.44537354
1398519510945569856,1791320,1398519510515,0.042373657,-9.847717,0.45013428
1398519510950879915,1791328,1398519510524,0.032852173,-9.8941345,0.41204834
1398519510955640657,1791330,1398519510526,0.035232544,-9.871521,0.44418335
1398519510960859163,1791338,1398519510534,-0.012374878,-9.850098,0.41085815
1398519510965711458,1791341,1398519510536,0.019760132,-9.898895,0.45489502
1398519510970685823,1791348,1398519510543,0.056655884,-9.877472,0.38467407
1398519510975751741,1791350,1398519510545,0.03642273,-9.823914,0.3977661
1398519510981092317,1791358,1398519510554,0.045944214,-9.884613,0.44180298
1398519510985822542,1791360,1398519510555,0.031661987,-9.906036,0.45846558
1398519510991193635,1791368,1398519510564,0.032852173,-9.904846,0.41680908
1398519510995923860,1791370,1398519510566,0.029281616,-9.857239,0.39300537
1398519511001233919,1791379,1398519510574,0.032852173,-9.837006,0.45370483
1398519511005964143,1791380,1398519510576,0.01737976,-9.858429,0.40133667
1398519511011182649,1791388,1398519510584,7.171631E-4,-9.876282,0.4394226
1398519511016065462,1791391,1398519510587,0.02571106,-9.8810425,0.42037964
1398519511021039827,1791398,1398519510594,0.007858276,-9.877472,0.43347168
1398519511026136262,1791400,1398519510596,0.010238647,-9.86676,0.5036926
1398519511031446321,1791409,1398519510604,0.06022644,-9.885803,0.45489502
1398519511036176546,1791410,1398519510606,0.0471344,-9.86557,0.50131226
1398519511041547639,1791419,1398519510614,0.019760132,-9.837006,0.45965576
1398519511046277864,1791420,1398519510616,0.024520874,-9.900085,0.3668213
1398519511051587923,1791429,1398519510624,-0.004043579,-9.841766,0.45370483
1398519511056318147,1791431,1398519510627,-0.0135650635,-9.876282,0.47036743
1398519511061261995,1791437,1398519510632,-0.019515991,-9.911987,0.4644165
1398519511066621147,1791446,1398519510641,0.022140503,-9.878662,0.42514038
1398519511071870171,1791446,1398519510641,0.020950317,-9.837006,0.39300537
1398519511077546440,1791457,1398519510652,0.042373657,-9.814392,0.46798706
1398519511082825981,1791457,1398519510653,0.024520874,-9.878662,0.42752075
1398519511086762749,1791466,1398519510661,0.024520874,-9.878662,0.42752075
1398519511092011772,1791466,1398519510661,0.05189514,-9.896515,0.45013428
1398519511097962700,1791477,1398519510673,0.0042877197,-9.875092,0.40966797
1398519511103242241,1791477,1398519510673,0.045944214,-9.850098,0.44537354
1398519511106904350,1791484,1398519510680,0.035232544,-9.877472,0.4822693
1398519511112061821,1791486,1398519510682,0.007858276,-9.835815,0.46084595
1398519511117860161,1791497,1398519510693,0.018569946,-9.859619,0.47631836
1398519511123078667,1791497,1398519510693,-0.004043579,-9.896515,0.4239502
1398519511127045952,1791506,1398519510702,0.022140503,-9.908417,0.42037964
1398519511132294975,1791506,1398519510702,0.0054779053,-9.86438,0.39538574
1398519511138215386,1791517,1398519510713,0.013809204,-9.871521,0.4394226
1398519511143403374,1791518,1398519510713,0.04118347,-9.8619995,0.40371704
1398519511147218071,1791525,1398519510721,-4.7302246E-4,-9.86795,0.44299316
1398519511152375542,1791526,1398519510722,0.029281616,-9.839386,0.4894104
1398519511158540093,1791538,1398519510733,0.0042877197,-9.859619,0.4406128
1398519511163728081,1791538,1398519510734,0.026901245,-9.919128,0.3989563
1398519511167359673,1791545,1398519510740,0.0388031,-9.891754,0.4822693
1398519511172486626,1791547,1398519510742,0.0042877197,-9.856049,0.45251465
1398519511178284966,1791558,1398519510753,-0.026657104,-9.883423,0.4310913
1398519511183503471,1791558,1398519510753,0.0471344,-9.890564,0.38824463
1398519511187470757,1791566,1398519510762,0.053085327,-9.858429,0.4072876
1398519511192719780,1791567,1398519510762,0.039993286,-9.882233,0.47750854
1398519511198640190,1791578,1398519510774,0.02571106,-9.860809,0.47869873
1398519511203919731,1791578,1398519510774,0.023330688,-9.823914,0.41085815
1398519511207642876,1791585,1398519510781,0.0388031,-9.877472,0.51083374
1398519511212800346,1791587,1398519510782,0.0042877197,-9.886993,0.4489441
1398519511218293511,1791598,1398519510793,-0.020706177,-9.86676,0.43823242
1398519511223573052,1791598,1398519510793,-0.039749146,-9.831055,0.40133667
1398519511227876030,1791607,1398519510803,0.039993286,-9.808441,0.41085815
1398519511233277641,1791607,1398519510803,0.045944214,-9.86319,0.4310913
1398519511238435112,1791618,1398519510813,0.0471344,-9.872711,0.4406128
1398519511243714653,1791618,1398519510814,0.035232544,-9.892944,0.42514038
1398519511248048149,1791627,1398519510823,0.02571106,-9.858429,0.4394226
1398519511253419243,1791627,1398519510823,0.035232544,-9.870331,0.4727478
1398519511258576714,1791638,1398519510833,0.01737976,-9.844147,0.4239502
1398519511263795220,1791638,1398519510834,0.061416626,-9.875092,0.47988892
1398519511268189751,1791647,1398519510843,0.018569946,-9.8619995,0.42871094
1398519511273530327,1791647,1398519510843,0.0030975342,-9.838196,0.37753296
1398519511278779350,1791658,1398519510854,0.07331848,-9.872711,0.4656067
1398519511283967339,1791658,1398519510854,0.045944214,-9.840576,0.473938
1398519511288331352,1791667,1398519510863,7.171631E-4,-9.858429,0.50131226
1398519511293671928,1791667,1398519510863,0.031661987,-9.909607,0.5048828
1398519511298859917,1791678,1398519510874,-0.061172485,-9.870331,0.4810791
1398519511304078423,1791678,1398519510874,0.024520874,-9.86795,0.49536133
1398519511308442436,1791687,1398519510883,0.06260681,-9.892944,0.47036743
1398519511313783012,1791688,1398519510883,0.032852173,-9.858429,0.3977661
1398519511319093071,1791701,1398519510896,-0.029037476,-9.885803,0.46084595
1398519511324311577,1791701,1398519510897,0.030471802,-9.883423,0.48703003
1398519511328461968,1791702,1398519510898,0.023330688,-9.857239,0.4560852
1398519511334779106,1791713,1398519510908,0.013809204,-9.86557,0.45013428
1398519511338807427,1791713,1398519510908,0.013809204,-9.86557,0.45013428
1398519511343568169,1791719,1398519510914,0.01499939,-9.910797,0.44299316
1398519511348603569,1791726,1398519510921,0.022140503,-9.856049,0.4406128
1398519511353638970,1791727,1398519510923,0.053085327,-9.909607,0.45251465
1398519511358674370,1791736,1398519510932,0.011428833,-9.8810425,0.44299316
1398519511363709770,1791738,1398519510933,0.045944214,-9.86438,0.40847778
1398519511369874321,1791749,1398519510945,-0.001663208,-9.853668,0.47155762
1398519511375153862,1791749,1398519510945,0.037612915,-9.906036,0.4394226
1398519511378846489,1791754,1398519510950,0.01499939,-9.8298645,0.40847778
1398519511383851372,1791759,1398519510954,0.03404236,-9.885803,0.42156982
1398519511388886772,1791767,1398519510962,0.010238647,-9.850098,0.40133667
1398519511394074761,1791768,1398519510963,0.024520874,-9.848907,0.4656067
1398519511398957573,1791778,1398519510973,0.031661987,-9.848907,0.4310913
1398519511404206596,1791778,1398519510973,0.0042877197,-9.877472,0.41680908
1398519511409028374,1791788,1398519510983,0.0042877197,-9.897705,0.46798706
1398519511414277397,1791788,1398519510984,0.012619019,-9.813202,0.39300537
1398519511420319878,1791801,1398519510996,-0.0052337646,-9.850098,0.41680908
1398519511425507866,1791801,1398519510996,0.011428833,-9.883423,0.5227356
1398519511429169975,1791804,1398519511000,0.06617737,-9.8298645,0.43585205
1398519511434205376,1791809,1398519511005,-0.019515991,-9.825104,0.4656067
1398519511439332329,1791818,1398519511014,-4.7302246E-4,-9.86438,0.3989563
1398519511444642387,1791818,1398519511014,0.03404236,-9.826294,0.41799927
1398519511449464165,1791829,1398519511024,0.07093811,-9.856049,0.42871094
1398519511454804741,1791829,1398519511024,0.059036255,-9.86438,0.44537354
1398519511459504448,1791839,1398519511034,0.026901245,-9.8619995,0.47988892
1398519511464845024,1791839,1398519511034,0.056655884,-9.882233,0.39657593
1398519511470155083,1791849,1398519511045,0.03642273,-9.895325,0.4322815
1398519511475343071,1791851,1398519511046,0.04118347,-9.876282,0.52511597
1398519511479554497,1791857,1398519511052,0.02571106,-9.883423,0.4072876
1398519511484559380,1791858,1398519511054,0.026901245,-9.860809,0.48703003
1398519511489716850,1791869,1398519511065,0.007858276,-9.875092,0.49417114
1398519511495179497,1791869,1398519511065,0.04475403,-9.852478,0.4489441
1398519511499848686,1791879,1398519511075,-0.0135650635,-9.92865,0.4060974
1398519511505311333,1791879,1398519511075,-0.0052337646,-9.854858,0.40252686
1398519511510011040,1791889,1398519511085,0.08403015,-9.852478,0.44656372
1398519511515443169,1791889,1398519511085,0.007858276,-9.896515,0.40371704
1398519511520051323,1791899,1398519511095,-0.014755249,-9.837006,0.40133667
1398519511525513970,1791900,1398519511095,0.04118347,-9.911987,0.4572754
1398519511529877983,1791907,1398519511103,0.03642273,-9.922699,0.4906006
1398519511535065971,1791909,1398519511104,0.011428833,-9.884613,0.40966797
1398519511540528618,1791920,1398519511116,0.05189514,-9.859619,0.4156189
1398519511545808159,1791920,1398519511116,0.024520874,-9.8941345,0.4144287
1398519511550172173,1791929,1398519511125,0.0019073486,-9.900085,0.44418335
1398519511555512749,1791929,1398519511125,0.02571106,-9.9131775,0.4310913
1398519511560670220,1791940,1398519511136,0.08403015,-9.892944,0.44180298
1398519511565858208,1791940,1398519511136,0.009048462,-9.891754,0.42871094
1398519511570283257,1791949,1398519511145,0.022140503,-9.888184,0.44299316
1398519511575654350,1791949,1398519511145,-0.011184692,-9.819153,0.4060974
1398519511580293022,1791959,1398519511155,0.04118347,-9.825104,0.43466187
1398519511585542046,1791959,1398519511155,0.012619019,-9.840576,0.36206055
1398519511591340386,1791971,1398519511166,0.03642273,-9.890564,0.45013428
1398519511596619927,1791971,1398519511167,0.045944214,-9.8619995,0.4322815
1398519511600404106,1791978,1398519511173,0.045944214,-9.8619995,0.4322815
1398519511605561577,1791979,1398519511175,0.01737976,-9.872711,0.44656372
1398519511611634575,1791991,1398519511186,0.053085327,-9.891754,0.506073
1398519511616822563,1791991,1398519511187,0.024520874,-9.890564,0.44656372
1398519511620545708,1791998,1398519511194,0.024520874,-9.890564,0.44656372
1398519511625703178,1791999,1398519511195,0.012619019,-9.885803,0.50250244
1398519511630738579,1792010,1398519511206,0.006668091,-9.915558,0.41204834
1398519511636201225,1792010,1398519511206,0.016189575,-9.86676,0.3918152
1398519511640931450,1792021,1398519511217,0.016189575,-9.86676,0.3918152
1398519511646210991,1792022,1398519511217,0.050704956,-9.822723,0.40490723
1398519511650727593,1792025,1398519511221,0.050704956,-9.822723,0.40490723
1398519511655762993,1792030,1398519511226,0.018569946,-9.854858,0.4477539
1398519511660798393,1792037,1398519511233,0.018569946,-9.872711,0.43585205
1398519511665833794,1792040,1398519511236,0.011428833,-9.923889,0.5001221
1398519511670869194,1792048,1398519511244,0.06260681,-9.852478,0.4727478
1398519511675904595,1792051,1398519511246,-4.7302246E-4,-9.8298645,0.45132446
1398519511681214653,1792061,1398519511257,7.171631E-4,-9.8298645,0.42156982
1398519511686494194,1792061,1398519511257,0.053085327,-9.8810425,0.40847778
1398519511691132866,1792071,1398519511266,0.056655884,-9.828674,0.41323853
1398519511696534477,1792071,1398519511267,0.0019073486,-9.897705,0.42990112
1398519511701203667,1792081,1398519511276,0.042373657,-9.86795,0.42276
1398519511706605278,1792081,1398519511277,0.0030975342,-9.911987,0.50131226
1398519511711274468,1792090,1398519511286,0.031661987,-9.848907,0.46917725
1398519511716676079,1792091,1398519511286,0.03642273,-9.858429,0.3989563
1398519511721833550,1792101,1398519511297,0.029281616,-9.845337,0.4477539
1398519511727052055,1792101,1398519511297,0.020950317,-9.858429,0.49893188
1398519511731416069,1792111,1398519511307,-0.032608032,-9.826294,0.45846558
1398519511736756645,1792112,1398519511307,0.029281616,-9.838196,0.47155762
1398519511741517387,1792121,1398519511316,0.016189575,-9.821533,0.37991333
1398519511746796928,1792121,1398519511317,-0.0076141357,-9.902466,0.45013428
1398519511751862846,1792132,1398519511327,0.012619019,-9.872711,0.47512817
1398519511757447563,1792132,1398519511328,0.0471344,-9.8810425,0.44537354
1398519511761536919,1792140,1398519511335,-0.008804321,-9.823914,0.39419556
1398519511766694389,1792140,1398519511336,0.024520874,-9.8810425,0.35610962
1398519511772828423,1792152,1398519511348,0.018569946,-9.86438,0.47512817
1398519511778107964,1792152,1398519511348,0.024520874,-9.911987,0.473938
1398519511781648003,1792159,1398519511355,0.035232544,-9.859619,0.4156189
1398519511786683403,1792161,1398519511356,0.03642273,-9.812012,0.41680908
1398519511792695366,1792172,1398519511368,0.02809143,-9.86795,0.40014648
1398519511797974907,1792172,1398519511368,-0.018325806,-9.813202,0.4406128
1398519511801820122,1792181,1398519511377,0.016189575,-9.896515,0.4489441
1398519511807008110,1792182,1398519511377,0.023330688,-9.877472,0.42633057
1398519511812287651,1792192,1398519511388,0.06498718,-9.853668,0.4644165
1398519511817750298,1792192,1398519511388,-0.020706177,-9.871521,0.4156189
1398519511822022759,1792201,1398519511397,0.0030975342,-9.860809,0.46798706
1398519511827393852,1792201,1398519511397,-0.018325806,-9.840576,0.46917725
1398519511832642876,1792212,1398519511408,0.04118347,-9.901276,0.4477539
1398519511837891899,1792212,1398519511408,0.013809204,-9.8941345,0.50964355
1398519511842225395,1792221,1398519511417,0.011428833,-9.86319,0.42514038
1398519511847565971,1792221,1398519511417,0.030471802,-9.850098,0.4727478
1398519511852723442,1792232,1398519511428,0.06736755,-9.844147,0.40490723
1398519511857941948,1792232,1398519511428,0.032852173,-9.835815,0.3977661
1398519511862366997,1792241,1398519511437,0.024520874,-9.787018,0.37634277
1398519511867738091,1792242,1398519511437,0.045944214,-9.888184,0.39300537
1398519511872865044,1792252,1398519511448,0.045944214,-9.810822,0.45013428
1398519511878083550,1792252,1398519511448,0.037612915,-9.876282,0.44656372
1398519511882478081,1792262,1398519511457,-0.0076141357,-9.876282,0.5144043
1398519511887818657,1792262,1398519511457,0.061416626,-9.878662,0.41918945
1398519511893037163,1792272,1398519511468,-0.008804321,-9.825104,0.40014648
1398519511898225151,1792273,1398519511468,0.013809204,-9.871521,0.40847778
1398519511902650200,1792282,1398519511477,0.0554657,-9.882233,0.42871094
1398519511908021294,1792282,1398519511478,0.050704956,-9.844147,0.38824463
1398519511913148247,1792293,1398519511488,0.019760132,-9.883423,0.38824463
1398519511918366753,1792293,1398519511488,-0.004043579,-9.869141,0.42037964
1398519511922761284,1792302,1398519511497,-0.004043579,-9.869141,0.42037964
1398519511928162895,1792302,1398519511498,0.018569946,-9.86557,0.4489441
1398519511933289848,1792313,1398519511508,0.018569946,-9.86557,0.4489441
1398519511938569389,1792313,1398519511508,-0.011184692,-9.8619995,0.40847778
1398519511942780815,1792318,1398519511513,-0.011184692,-9.8619995,0.40847778
1398519511947816216,1792322,1398519511518,0.05189514,-9.86557,0.42514038
1398519511953614555,1792332,1398519511528,0.030471802,-9.845337,0.4156189
1398519511958344780,1792332,1398519511528,0.031661987,-9.901276,0.40133667
1398519511962952934,1792338,1398519511534,0.031661987,-9.890564,0.45370483
1398519511967957817,1792343,1398519511539,0.032852173,-9.850098,0.4560852
1398519511972993218,1792348,1398519511544,0.053085327,-9.898895,0.44537354
1398519511978028618,1792353,1398519511549,0.03642273,-9.910797,0.49893188
1398519511983186089,1792362,1398519511558,0.022140503,-9.856049,0.36087036
1398519511988587700,1792362,1398519511558,-0.0135650635,-9.890564,0.4489441
1398519511993745171,1792373,1398519511569,0.039993286,-9.86795,0.42156982
1398519511998933159,1792373,1398519511569,0.023330688,-9.86557,0.4965515
1398519512003358208,1792382,1398519511578,0.032852173,-9.837006,0.40490723
1398519512008729302,1792383,1398519511578,0.009048462,-9.869141,0.4810791
1398519512013886772,1792393,1398519511589,0.016189575,-9.869141,0.44180298
1398519512019074761,1792393,1398519511589,0.04951477,-9.844147,0.47869873
1398519512023499809,1792403,1398519511598,-0.001663208,-9.86795,0.46679688
1398519512028870903,1792403,1398519511598,0.029281616,-9.871521,0.45013428
1398519512033997856,1792413,1398519511609,0.030471802,-9.857239,0.42752075
1398519512039216362,1792414,1398519511609,0.037612915,-9.825104,0.41918945
1398519512043610893,1792423,1398519511618,-0.012374878,-9.878662,0.42156982
1398519512048981987,1792423,1398519511618,0.02809143,-9.878662,0.42871094
1398519512054169975,1792434,1398519511629,0.01737976,-9.889374,0.40490723
1398519512059357964,1792434,1398519511629,0.07450867,-9.848907,0.4156189
1398519512063752495,1792443,1398519511638,0.018569946,-9.876282,0.45013428
1398519512069093071,1792443,1398519511639,0.01499939,-9.876282,0.43466187
1398519512074433647,1792454,1398519511649,-0.009994507,-9.860809,0.4656067
1398519512079713188,1792454,1398519511650,0.020950317,-9.86557,0.44656372
1398519512083833061,1792463,1398519511658,0.019760132,-9.871521,0.4977417
1398519512089143120,1792463,1398519511659,-0.008804321,-9.837006,0.3918152
1398519512094819389,1792474,1398519511670,0.0030975342,-9.86438,0.41918945
1398519512100098930,1792474,1398519511670,-0.018325806,-9.921509,0.41085815
1398519512103944145,1792483,1398519511678,0.054275513,-9.886993,0.47869873
1398519512109132134,1792483,1398519511679,0.019760132,-9.877472,0.3894348
1398519512115144096,1792495,1398519511690,0.0388031,-9.850098,0.43585205
1398519512120423637,1792495,1398519511690,0.032852173,-9.837006,0.42037964
1398519512124085747,1792502,1398519511697,-0.004043579,-9.939362,0.41085815
1398519512129212700,1792503,1398519511699,-0.031417847,-9.842957,0.42156982
1398519512134126030,1792518,1398519511714,0.010238647,-9.851288,0.4965515
1398519512139161430,1792519,1398519511714,0.05189514,-9.872711,0.4156189
1398519512144227348,1792519,1398519511714,0.023330688,-9.873901,0.4310913
1398519512149262749,1792543,1398519511739,0.032852173,-9.871521,0.47036743
1398519512154298149,1792544,1398519511739,0.011428833,-9.839386,0.49893188
1398519512159333550,1792544,1398519511739,0.018569946,-9.93103,0.4477539
1398519512164338432,1792544,1398519511740,0.031661987,-9.837006,0.4822693
1398519512169404350,1792544,1398519511740,0.0042877197,-9.833435,0.47869873
1398519512174409233,1792550,1398519511746,-0.009994507,-9.840576,0.43823242
1398519512179444634,1792557,1398519511752,0.01499939,-9.889374,0.46679688
1398519512184602104,1792559,1398519511754,-0.004043579,-9.839386,0.43823242
1398519512190583550,1792571,1398519511767,0.026901245,-9.860809,0.44418335
1398519512195802055,1792571,1398519511767,0.02571106,-9.907227,0.4810791
1398519512199586235,1792575,1398519511770,0.02571106,-9.907227,0.4810791
1398519512204621636,1792580,1398519511775,-0.0076141357,-9.883423,0.39538574
1398519512209779106,1792589,1398519511784,0.042373657,-9.892944,0.4060974
1398519512215119682,1792589,1398519511785,7.171631E-4,-9.832245,0.4322815
1398519512220124565,1792600,1398519511795,0.024520874,-9.903656,0.42037964
1398519512225404106,1792600,1398519511795,0.04475403,-9.833435,0.40252686
1398519512229920708,1792609,1398519511805,0.04475403,-9.833435,0.40252686
1398519512235322319,1792609,1398519511805,-0.009994507,-9.870331,0.4572754
1398519512240479790,1792621,1398519511817,-4.7302246E-4,-9.814392,0.41680908
1398519512245789848,1792621,1398519511817,0.026901245,-9.882233,0.41680908
1398519512249940239,1792626,1398519511821,0.02809143,-9.852478,0.4656067
1398519512254975639,1792630,1398519511826,0.02571106,-9.882233,0.44418335
1398519512260133110,1792639,1398519511835,0.016189575,-9.839386,0.35253906
1398519512265534721,1792639,1398519511835,0.0388031,-9.885803,0.4310913
1398519512270692192,1792651,1398519511846,0.037612915,-9.86557,0.42156982
1398519512276002251,1792651,1398519511847,0.04118347,-9.872711,0.44299316
1398519512280183159,1792657,1398519511853,0.032852173,-9.886993,0.41799927
1398519512285188042,1792659,1398519511855,0.056655884,-9.846527,0.4239502
1398519512291505180,1792671,1398519511866,0.01737976,-9.873901,0.42871094
1398519512296723686,1792671,1398519511867,0.035232544,-9.871521,0.47988892
1398519512300294243,1792678,1398519511873,0.020950317,-9.883423,0.38824463
1398519512305390678,1792679,1398519511875,0.03404236,-9.838196,0.46679688
1398519512310487114,1792690,1398519511885,0.06617737,-9.850098,0.49417114
1398519512315888725,1792690,1398519511886,-0.001663208,-9.854858,0.44537354
1398519512321046196,1792701,1398519511896,0.050704956,-9.884613,0.42752075
1398519512326356255,1792701,1398519511896,-0.031417847,-9.876282,0.4489441
1398519512330537163,1792709,1398519511905,0.020950317,-9.822723,0.37872314
1398519512335755669,1792710,1398519511905,0.010238647,-9.840576,0.45251465
1398519512341584526,1792721,1398519511917,0.010238647,-9.869141,0.43347168
1398519512346803032,1792721,1398519511917,0.006668091,-9.886993,0.4560852
1398519512350678764,1792732,1398519511927,0.035232544,-9.895325,0.41680908
1398519512355897270,1792732,1398519511928,0.019760132,-9.841766,0.4656067
1398519512360719048,1792735,1398519511930,0.06260681,-9.870331,0.43466187
1398519512365754448,1792741,1398519511936,0.02571106,-9.856049,0.38824463
1398519512370911919,1792750,1398519511946,0.050704956,-9.826294,0.4156189
1398519512376313530,1792750,1398519511946,0.06260681,-9.839386,0.40490723
1398519512381471001,1792761,1398519511957,0.030471802,-9.848907,0.5001221
1398519512386842095,1792761,1398519511957,0.019760132,-9.9131775,0.4310913
1398519512390961968,1792770,1398519511966,0.01737976,-9.857239,0.44180298
1398519512396210991,1792770,1398519511966,0.03642273,-9.904846,0.40133667
1398519512401917778,1792781,1398519511977,0.019760132,-9.878662,0.4477539
1398519512407227837,1792782,1398519511977,0.04951477,-9.859619,0.4644165
1398519512411073052,1792791,1398519511986,0.0471344,-9.939362,0.40014648
1398519512416322075,1792791,1398519511987,0.048324585,-9.831055,0.4310913
1398519512421265923,1792801,1398519511997,0.019760132,-9.878662,0.42871094
1398519512426728569,1792801,1398519511997,0.045944214,-9.825104,0.46084595
1398519512431336723,1792811,1398519512007,0.022140503,-9.898895,0.3918152
1398519512436768852,1792811,1398519512007,0.05784607,-9.900085,0.3989563
1398519512441407524,1792821,1398519512017,-0.0076141357,-9.86438,0.38705444
1398519512446809136,1792821,1398519512017,0.031661987,-9.842957,0.4810791
1398519512451356255,1792827,1398519512023,0.03642273,-9.8619995,0.46917725
1398519512456391655,1792834,1398519512030,0.063797,-9.917938,0.4572754
1398519512461579643,1792835,1398519512031,0.08403015,-9.93103,0.38467407
1398519512467744194,1792847,1398519512043,0.026901245,-9.854858,0.4906006
1398519512472932182,1792847,1398519512043,0.016189575,-9.891754,0.35491943
1398519512476563774,1792854,1398519512050,0.016189575,-9.891754,0.35491943
1398519512481660210,1792856,1398519512051,0.08522034,-9.872711,0.41918945
1398519512487672173,1792867,1398519512063,-0.01713562,-9.835815,0.41085815
1398519512492860161,1792867,1398519512063,-4.7302246E-4,-9.896515,0.42633057
1398519512496705376,1792876,1398519512071,-4.7302246E-4,-9.896515,0.42633057
1398519512501893364,1792876,1398519512071,-0.025466919,-9.847717,0.40490723
1398519512507996880,1792887,1398519512083,0.022140503,-9.850098,0.4060974
1398519512513276421,1792888,1398519512083,0.026901245,-9.857239,0.46203613
1398519512516816460,1792894,1398519512090,0.026901245,-9.857239,0.46203613
1398519512521851860,1792896,1398519512092,-0.009994507,-9.878662,0.43704224
1398519512527924858,1792907,1398519512103,0.010238647,-9.846527,0.45013428
1398519512533204399,1792908,1398519512103,-0.0052337646,-9.8941345,0.43704224
1398519512536988579,1792915,1398519512110,0.0471344,-9.896515,0.46322632
1398519512542146050,1792916,1398519512111,0.03404236,-9.86438,0.4644165
1398519512548310600,1792928,1398519512123,0.061416626,-9.875092,0.4810791
1398519512553590141,1792928,1398519512124,0.024520874,-9.858429,0.4727478
1398519512557099663,1792935,1398519512130,0.06855774,-9.884613,0.39419556
1398519512562135063,1792936,1398519512132,0.026901245,-9.900085,0.4144287
1398519512568147026,1792948,1398519512143,0.007858276,-9.896515,0.50250244
1398519512573396050,1792948,1398519512143,0.031661987,-9.852478,0.4144287
1398519512577241264,1792955,1398519512151,0.045944214,-9.882233,0.44656372
1398519512582429253,1792956,1398519512152,-4.7302246E-4,-9.872711,0.43347168
1398519512588593803,1792968,1398519512164,0.023330688,-9.826294,0.40847778
1398519512593781792,1792968,1398519512164,0.04118347,-9.884613,0.45251465
1398519512597413384,1792975,1398519512170,0.048324585,-9.877472,0.42514038
1398519512602540337,1792977,1398519512172,0.06617737,-9.86319,0.3977661
1398519512608369194,1792988,1398519512183,-0.0076141357,-9.858429,0.43704224
1398519512613557182,1792988,1398519512184,0.01737976,-9.879852,0.42276
1398519512617524468,1792997,1398519512192,0.02571106,-9.858429,0.49298096
1398519512622773491,1792997,1398519512192,0.054275513,-9.904846,0.44418335
1398519512628724419,1793008,1398519512204,0.02571106,-9.86438,0.46917725
1398519512633912407,1793008,1398519512204,-0.043319702,-9.872711,0.48464966
1398519512637666069,1793015,1398519512211,0.030471802,-9.907227,0.44418335
1398519512642854057,1793017,1398519512213,0.05189514,-9.885803,0.44656372
1398519512648499809,1793028,1398519512224,0.019760132,-9.852478,0.42037964
1398519512653718315,1793028,1398519512224,-0.00642395,-9.859619,0.4489441
1398519512657868706,1793038,1398519512233,0.05189514,-9.873901,0.5036926
1398519512663178764,1793038,1398519512234,0.03404236,-9.900085,0.38824463
1398519512668269199,1793047,1398519512243,0.016189575,-9.891754,0.42037964
1398519512673640293,1793047,1398519512243,0.032852173,-9.827484,0.3822937
1398519512678797764,1793058,1398519512254,0.043563843,-9.8619995,0.4560852
1398519512684077305,1793058,1398519512254,7.171631E-4,-9.873901,0.49893188
1398519512688410801,1793067,1398519512263,-0.0076141357,-9.886993,0.45132446
1398519512693781895,1793068,1398519512263,0.01499939,-9.856049,0.42037964
1398519512698969883,1793078,1398519512274,0.023330688,-9.915558,0.42752075
1398519512704218906,1793078,1398519512274,0.031661987,-9.917938,0.44418335
1398519512708521885,1793088,1398519512283,-0.0076141357,-9.871521,0.34301758
1398519512713892979,1793088,1398519512283,-0.025466919,-9.840576,0.41799927
1398519512719050449,1793098,1398519512294,0.0030975342,-9.904846,0.42037964
1398519512724329990,1793098,1398519512294,-0.0135650635,-9.86795,0.4727478
1398519512728663486,1793108,1398519512303,0.006668091,-9.841766,0.42156982
1398519512734004063,1793108,1398519512303,0.043563843,-9.890564,0.40371704
1398519512739344639,1793119,1398519512314,-0.021896362,-9.837006,0.4310913
1398519512744532627,1793119,1398519512314,0.030471802,-9.870331,0.39657593
1398519512748774570,1793128,1398519512323,-0.023086548,-9.854858,0.38467407
1398519512754054111,1793128,1398519512323,0.006668091,-9.884613,0.506073
1398519512759577793,1793139,1398519512334,7.171631E-4,-9.896515,0.42037964
1398519512764765781,1793139,1398519512335,0.07331848,-9.8941345,0.47869873
1398519512768855137,1793148,1398519512343,0.07331848,-9.8941345,0.47869873
1398519512774104160,1793148,1398519512343,0.010238647,-9.901276,0.4810791
1398519512779780430,1793159,1398519512355,0.016189575,-9.848907,0.4489441
1398519512784998936,1793159,1398519512355,0.02571106,-9.910797,0.47155762
1398519512788966221,1793168,1398519512363,0.02571106,-9.910797,0.47155762
1398519512794215244,1793168,1398519512364,0.032852173,-9.841766,0.4322815
1398519512800044102,1793179,1398519512375,0.042373657,-9.871521,0.44418335
1398519512805262608,1793179,1398519512375,0.006668091,-9.852478,0.38824463
1398519512809107822,1793184,1398519512380,0.006668091,-9.852478,0.38824463
1398519512814143223,1793189,1398519512385,0.072128296,-9.878662,0.46322632
1398519512819178623,1793198,1398519512394,-0.009994507,-9.892944,0.43585205
1398519512824458164,1793198,1398519512394,-0.0052337646,-9.8619995,0.41085815
1398519512829279942,1793208,1398519512404,0.01737976,-9.831055,0.46203613
1398519512834528965,1793208,1398519512404,0.010238647,-9.839386,0.37991333
1398519512839442295,1793218,1398519512414,0.04475403,-9.841766,0.45132446
1398519512844752354,1793218,1398519512414,0.012619019,-9.859619,0.47750854
1398519512850031895,1793229,1398519512425,-0.03617859,-9.8941345,0.506073
1398519512855311436,1793229,1398519512425,0.02809143,-9.889374,0.44418335
1398519512859492344,1793237,1398519512432,0.05784607,-9.923889,0.4822693
1398519512864497227,1793238,1398519512434,0.013809204,-9.907227,0.47036743
1398519512869654697,1793249,1398519512444,0.01499939,-9.909607,0.36206055
1398519512875056309,1793249,1398519512444,-4.7302246E-4,-9.883423,0.44656372
1398519512879756016,1793259,1398519512454,0.056655884,-9.833435,0.44537354
1398519512885127110,1793259,1398519512455,-0.019515991,-9.876282,0.39657593
1398519512889826817,1793269,1398519512464,0.013809204,-9.8941345,0.38705444
1398519512895197910,1793269,1398519512465,0.007858276,-9.892944,0.42752075
1398519512900324863,1793280,1398519512476,0.0554657,-9.883423,0.40014648
1398519512905543369,1793281,1398519512476,0.006668091,-9.876282,0.49893188
1398519512909815830,1793287,1398519512482,-0.020706177,-9.838196,0.42514038
1398519512914851231,1793288,1398519512484,0.018569946,-9.883423,0.42514038
1398519512920222324,1793299,1398519512495,0.0388031,-9.850098,0.53582764
1398519512925440830,1793300,1398519512495,0.037612915,-9.852478,0.36325073
1398519512930110020,1793309,1398519512505,0.0554657,-9.846527,0.46917725
1398519512935511631,1793309,1398519512505,0.045944214,-9.858429,0.43466187
1398519512940485996,1793320,1398519512515,0.006668091,-9.872711,0.41085815
1398519512945673985,1793320,1398519512516,0.06498718,-9.846527,0.4310913
1398519512950251621,1793329,1398519512525,0.04951477,-9.859619,0.4060974
1398519512955622715,1793329,1398519512525,0.02571106,-9.854858,0.47036743
1398519512960230869,1793339,1398519512535,0.04475403,-9.86319,0.4560852
1398519512965479893,1793339,1398519512535,-0.018325806,-9.892944,0.40847778
1398519512970881504,1793351,1398519512546,0.0030975342,-9.8298645,0.42871094
1398519512976161045,1793351,1398519512547,0.053085327,-9.900085,0.36087036
1398519512980341953,1793357,1398519512553,0.02809143,-9.856049,0.47036743
1398519512985346836,1793359,1398519512554,0.030471802,-9.841766,0.46917725
1398519512991297764,1793371,1398519512566,0.03404236,-9.822723,0.45132446
1398519512996577305,1793371,1398519512566,0.07569885,-9.839386,0.46084595
1398519513000453037,1793378,1398519512574,0.02809143,-9.858429,0.44180298
1398519513005671543,1793379,1398519512575,-0.021896362,-9.850098,0.38110352
1398519513011805576,1793391,1398519512587,0.04118347,-9.86319,0.4644165
1398519513017085117,1793391,1398519512587,0.032852173,-9.908417,0.44299316
1398519513020594639,1793396,1398519512591,-0.023086548,-9.853668,0.42871094
1398519513025630039,1793399,1398519512595,-0.012374878,-9.911987,0.49417114
1398519513030909580,1793410,1398519512606,0.043563843,-9.879852,0.3894348
1398519513036341709,1793410,1398519512606,0.043563843,-9.888184,0.41323853
1398519513041010899,1793420,1398519512616,0.04118347,-9.908417,0.4977417
1398519513046412510,1793420,1398519512616,0.0042877197,-9.882233,0.5132141
1398519513050959629,1793430,1398519512626,0.02571106,-9.888184,0.38110352
1398519513056361240,1793430,1398519512626,-0.004043579,-9.871521,0.41085815
1398519513061396641,1793441,1398519512636,-0.008804321,-9.910797,0.4406128
1398519513066615147,1793441,1398519512636,0.043563843,-9.870331,0.46322632
1398519513071070713,1793451,1398519512647,0.022140503,-9.877472,0.37872314
1398519513076441807,1793451,1398519512647,0.031661987,-9.883423,0.47750854
1398519513081110996,1793460,1398519512656,0.037612915,-9.86557,0.44180298
1398519513086421055,1793460,1398519512656,0.0388031,-9.852478,0.45965576
1398519513091822666,1793471,1398519512667,0.031661987,-9.882233,0.44418335
1398519513097041172,1793471,1398519512667,0.053085327,-9.891754,0.45251465
1398519513101252598,1793481,1398519512677,0.053085327,-9.891754,0.45251465
1398519513106623692,1793481,1398519512677,-0.004043579,-9.846527,0.4572754
1398519513111384434,1793491,1398519512686,7.171631E-4,-9.845337,0.4394226
1398519513116755527,1793491,1398519512686,0.07450867,-9.873901,0.3822937
1398519513121912998,1793501,1398519512697,0.06260681,-9.857239,0.41323853
1398519513127192539,1793501,1398519512697,0.035232544,-9.878662,0.45013428
1398519513131526035,1793511,1398519512707,0.020950317,-9.870331,0.45846558
1398519513136897129,1793512,1398519512707,0.059036255,-9.834625,0.42633057
1398519513141535801,1793521,1398519512717,0.010238647,-9.904846,0.42156982
1398519513146876377,1793521,1398519512717,0.043563843,-9.915558,0.42633057
1398519513151820225,1793531,1398519512727,0.0054779053,-9.879852,0.4644165
1398519513157130283,1793531,1398519512727,-0.012374878,-9.871521,0.47750854
1398519513161707920,1793541,1398519512737,0.016189575,-9.839386,0.45846558
1398519513167201084,1793541,1398519512737,-0.033798218,-9.916748,0.47869873
1398519513172053379,1793551,1398519512747,0.01499939,-9.86676,0.48703003
1398519513177271885,1793551,1398519512747,0.029281616,-9.891754,0.41799927
1398519513181941074,1793561,1398519512757,0.009048462,-9.878662,0.4489441
1398519513187342686,1793561,1398519512757,0.06260681,-9.859619,0.4644165
1398519513192194981,1793571,1398519512767,0.024520874,-9.8298645,0.3989563
1398519513197413486,1793572,1398519512767,0.05784607,-9.853668,0.48583984
1398519513202052158,1793581,1398519512777,0.050704956,-9.8619995,0.42871094
1398519513207453770,1793581,1398519512777,0.018569946,-9.8619995,0.45846558
1398519513212489170,1793592,1398519512787,0.016189575,-9.898895,0.5286865
1398519513217646641,1793592,1398519512787,0.04475403,-9.897705,0.4822693
1398519513222163242,1793601,1398519512797,0.020950317,-9.827484,0.42871094
1398519513227534336,1793601,1398519512797,0.048324585,-9.841766,0.43585205
1398519513232691807,1793612,1398519512808,0.019760132,-9.870331,0.5370178
1398519513237910313,1793612,1398519512808,0.007858276,-9.833435,0.43823242
1398519513242274326,1793621,1398519512817,0.06617737,-9.86795,0.45489502
1398519513247614902,1793621,1398519512817,0.031661987,-9.826294,0.4822693
1398519513252924961,1793632,1398519512828,0.02809143,-9.857239,0.42633057
1398519513258204502,1793632,1398519512828,-4.7302246E-4,-9.892944,0.48583984
1398519513262415928,1793641,1398519512837,0.010238647,-9.872711,0.35968018
1398519513267756504,1793642,1398519512837,0.02571106,-9.911987,0.4239502
1398519513273005527,1793652,1398519512848,0.011428833,-9.850098,0.4477539
1398519513278285068,1793652,1398519512848,0.030471802,-9.86438,0.44418335
1398519513282557529,1793662,1398519512857,0.09593201,-9.856049,0.4394226
1398519513287928623,1793662,1398519512857,-0.019515991,-9.886993,0.4572754
1398519513293177647,1793672,1398519512868,-0.0076141357,-9.820343,0.42633057
1398519513298426670,1793673,1398519512868,-0.001663208,-9.856049,0.4656067
1398519513302668613,1793682,1398519512877,0.024520874,-9.877472,0.4394226
1398519513308009190,1793682,1398519512877,0.06260681,-9.93103,0.47036743
1398519513313471836,1793693,1398519512888,-0.0076141357,-9.871521,0.4477539
1398519513318751377,1793693,1398519512888,0.01499939,-9.832245,0.44656372
1398519513322718662,1793702,1398519512897,0.054275513,-9.817963,0.45251465
1398519513327967686,1793702,1398519512897,0.026901245,-9.86795,0.4560852
1398519513333796543,1793713,1398519512909,0.019760132,-9.850098,0.43347168
1398519513339015049,1793713,1398519512909,-0.0076141357,-9.86557,0.4156189
1398519513342860264,1793722,1398519512917,-0.0076141357,-9.86557,0.4156189
1398519513348048252,1793722,1398519512917,0.019760132,-9.891754,0.4477539
1398519513354182285,1793733,1398519512929,0.063797,-9.890564,0.4906006
1398519513359400791,1793734,1398519512929,0.026901245,-9.847717,0.44418335
1398519513363001865,1793742,1398519512937,0.026901245,-9.847717,0.44418335
1398519513368098301,1793742,1398519512937,0.035232544,-9.852478,0.506073
1398519513374354404,1793752,1398519512948,0.056655884,-9.892944,0.4727478
1398519513378565830,1793753,1398519512948,0.031661987,-9.908417,0.38705444
1398519513383143467,1793758,1398519512954,0.031661987,-9.908417,0.38705444
1398519513388178867,1793764,1398519512959,0.06498718,-9.873901,0.40133667
1398519513393214268,1793768,1398519512964,0.01737976,-9.86795,0.44656372
1398519513398249668,1793774,1398519512969,0.007858276,-9.859619,0.4810791
1398519513403285068,1793782,1398519512978,0.01737976,-9.840576,0.50131226
1398519513408534092,1793782,1398519512978,0.006668091,-9.871521,0.44299316
1398519513414515537,1793794,1398519512989,0.072128296,-9.853668,0.41918945
1398519513419795078,1793794,1398519512990,0.026901245,-9.828674,0.4727478
1398519513423457188,1793801,1398519512996,-0.008804321,-9.850098,0.42276
1398519513428584141,1793803,1398519512998,-0.004043579,-9.860809,0.42871094
1398519513434260410,1793814,1398519513009,-0.030227661,-9.856049,0.4060974
1398519513439539951,1793814,1398519513009,0.045944214,-9.944122,0.37872314
1398519513443629307,1793823,1398519513018,0.035232544,-9.884613,0.3739624
1398519513448878330,1793823,1398519513018,0.056655884,-9.859619,0.45846558
1398519513454585117,1793834,1398519513029,0.043563843,-9.872711,0.39538574
1398519513459834141,1793834,1398519513030,0.07807922,-9.897705,0.47869873
1398519513463709873,1793843,1398519513039,-0.020706177,-9.850098,0.44537354
1398519513468928379,1793843,1398519513039,0.031661987,-9.921509,0.46679688
1398519513474342654,1793854,1398519513049,0.0471344,-9.852478,0.40133667
1398519513479561160,1793854,1398519513049,0.043563843,-9.875092,0.4727478
1398519513483955691,1793863,1398519513059,0.04118347,-9.831055,0.42990112
1398519513489296267,1793863,1398519513059,0.007858276,-9.907227,0.4727478
1398519513494575808,1793874,1398519513069,0.03404236,-9.882233,0.47750854
1398519513499794314,1793874,1398519513070,0.042373657,-9.878662,0.3989563
1398519513504127810,1793883,1398519513079,0.04951477,-9.834625,0.4560852
1398519513509468386,1793883,1398519513079,0.07688904,-9.889374,0.38110352
1398519513514656375,1793894,1398519513089,0.03404236,-9.854858,0.538208
1398519513519844363,1793894,1398519513090,-0.001663208,-9.845337,0.43704224
1398519513524269412,1793903,1398519513099,0.06617737,-9.837006,0.3894348
1398519513529640506,1793903,1398519513099,0.02809143,-9.92746,0.42990112
1398519513534767459,1793914,1398519513110,0.054275513,-9.869141,0.45965576
1398519513539985964,1793914,1398519513110,0.0471344,-9.86438,0.44537354
1398519513544411013,1793924,1398519513119,7.171631E-4,-9.850098,0.43347168
1398519513549782107,1793924,1398519513119,0.048324585,-9.914368,0.4322815
1398519513554939578,1793934,1398519513130,0.01499939,-9.859619,0.4072876
1398519513560219119,1793934,1398519513130,0.026901245,-9.870331,0.42633057
1398519513564552615,1793944,1398519513139,7.171631E-4,-9.872711,0.49893188
1398519513569923709,1793944,1398519513139,0.031661987,-9.906036,0.5203552
1398519513575081179,1793954,1398519513150,7.171631E-4,-9.834625,0.37039185
1398519513580360720,1793955,1398519513150,0.04118347,-9.869141,0.47869873
1398519513584663699,1793964,1398519513159,0.053085327,-9.860809,0.48464966
1398519513590034793,1793964,1398519513159,0.023330688,-9.890564,0.42276
1398519513595253298,1793975,1398519513170,0.04475403,-9.842957,0.4060974
1398519513600502322,1793975,1398519513170,0.020950317,-9.889374,0.46203613
1398519513604805300,1793984,1398519513179,-0.012374878,-9.885803,0.39657593
1398519513610176394,1793984,1398519513180,0.03404236,-9.871521,0.5072632
1398519513615364382,1793995,1398519513190,0.04475403,-9.904846,0.45132446
1398519513620552371,1793995,1398519513190,0.024520874,-9.841766,0.47036743
1398519513624977420,1794004,1398519513200,-0.015945435,-9.854858,0.4882202
1398519513630348513,1794004,1398519513200,0.030471802,-9.826294,0.45965576
1398519513635475466,1794015,1398519513210,-0.019515991,-9.904846,0.44180298
1398519513640693972,1794015,1398519513210,-0.0076141357,-9.890564,0.4310913
1398519513645088504,1794024,1398519513220,0.022140503,-9.875092,0.46084595
1398519513650459597,1794024,1398519513220,0.07093811,-9.86557,0.48464966
1398519513655647586,1794035,1398519513231,-0.011184692,-9.872711,0.43704224
1398519513660835574,1794035,1398519513231,0.029281616,-9.914368,0.4572754
1398519513665260623,1794044,1398519513240,0.029281616,-9.914368,0.4572754
1398519513670631716,1794044,1398519513240,-0.0135650635,-9.86438,0.4810791
1398519513675758670,1794055,1398519513251,0.045944214,-9.904846,0.49298096
1398519513680977175,1794055,1398519513251,0.054275513,-9.851288,0.42871094
1398519513685371707,1794064,1398519513260,0.054275513,-9.851288,0.42871094
1398519513690712283,1794065,1398519513260,0.0554657,-9.891754,0.45965576
1398519513695930789,1794075,1398519513271,0.022140503,-9.8810425,0.3989563
1398519513701210330,1794075,1398519513271,0.022140503,-9.820343,0.47750854
1398519513705543826,1794085,1398519513280,0.032852173,-9.834625,0.4394226
1398519513710914920,1794085,1398519513280,0.039993286,-9.870331,0.4156189
1398519513716102908,1794095,1398519513291,7.171631E-4,-9.831055,0.42633057
1398519513721351931,1794096,1398519513291,0.0042877197,-9.878662,0.46084595
1398519513725654910,1794105,1398519513300,0.016189575,-9.853668,0.46679688
1398519513730995486,1794105,1398519513300,0.054275513,-9.857239,0.45846558
1398519513736213992,1794116,1398519513311,0.04951477,-9.859619,0.473938
1398519513741463015,1794116,1398519513311,0.022140503,-9.844147,0.45846558
1398519513745796511,1794125,1398519513320,0.02809143,-9.883423,0.44299316
1398519513751167605,1794125,1398519513321,-0.029037476,-9.911987,0.48703003
1398519513756355593,1794136,1398519513331,-0.009994507,-9.890564,0.4310913
1398519513761604617,1794136,1398519513331,0.0019073486,-9.942932,0.50845337
1398519513765938113,1794145,1398519513341,0.016189575,-9.852478,0.45251465
1398519513771278689,1794145,1398519513341,-0.0076141357,-9.900085,0.51797485
1398519513776588748,1794156,1398519513351,0.0042877197,-9.847717,0.4060974
1398519513781807254,1794156,1398519513352,0.043563843,-9.853668,0.41918945
1398519513786079714,1794165,1398519513361,-0.0052337646,-9.86319,0.4072876
1398519513791389773,1794165,1398519513361,-0.023086548,-9.804871,0.4656067
1398519513796791384,1794176,1398519513372,-0.0052337646,-9.870331,0.4322815
1398519513802009890,1794176,1398519513372,0.05784607,-9.819153,0.47036743
1398519513806190798,1794185,1398519513381,0.013809204,-9.885803,0.45489502
1398519513811470339,1794185,1398519513381,0.029281616,-9.903656,0.43704224
1398519513817055056,1794196,1398519513392,-0.004043579,-9.9131775,0.44656372
1398519513822273562,1794197,1398519513392,0.02571106,-9.882233,0.4894104
1398519513826240847,1794205,1398519513401,0.019760132,-9.816772,0.35968018
1398519513831489871,1794205,1398519513401,0.01499939,-9.879852,0.45965576
1398519513837349246,1794217,1398519513412,0.024520874,-9.848907,0.4394226
1398519513842628787,1794217,1398519513412,0.0030975342,-9.892944,0.4322815
1398519513846382449,1794224,1398519513420,0.013809204,-9.838196,0.42276
1398519513851570437,1794226,1398519513421,0.035232544,-9.816772,0.39538574
1398519513857033084,1794236,1398519513432,-0.01713562,-9.846527,0.40847778
1398519513862312625,1794237,1398519513432,0.048324585,-9.884613,0.4406128
1398519513866676638,1794246,1398519513441,0.02571106,-9.900085,0.41799927
1398519513872047732,1794246,1398519513441,0.05189514,-9.92627,0.4477539
1398519513877235720,1794257,1398519513452,0.03642273,-9.826294,0.48345947
1398519513882484744,1794257,1398519513452,0.023330688,-9.900085,0.41918945
1398519513886787722,1794266,1398519513461,0.016189575,-9.851288,0.4477539
1398519513892158816,1794266,1398519513462,0.07331848,-9.925079,0.45370483
1398519513897346804,1794277,1398519513472,0.016189575,-9.846527,0.40490723
1398519513902595828,1794277,1398519513472,0.026901245,-9.86438,0.43585205
1398519513906929324,1794286,1398519513482,0.01737976,-9.915558,0.4572754
1398519513912269900,1794286,1398519513482,-0.023086548,-9.875092,0.4656067
1398519513917518923,1794297,1398519513492,0.02571106,-9.872711,0.45132446
1398519513922706912,1794297,1398519513493,0.037612915,-9.827484,0.46084595
1398519513927101443,1794306,1398519513502,0.045944214,-9.826294,0.45370483
1398519513932442019,1794306,1398519513502,0.08998108,-9.860809,0.45846558
1398519513937660525,1794317,1398519513513,0.019760132,-9.860809,0.39657593
1398519513942879031,1794317,1398519513513,0.030471802,-9.858429,0.4644165
1398519513947090457,1794321,1398519513517,0.030471802,-9.858429,0.4644165
1398519513952736209,1794332,1398519513528,0.0554657,-9.845337,0.50964355
1398519513957924197,1794332,1398519513528,0.030471802,-9.844147,0.46203613
1398519513962349246,1794342,1398519513538,0.030471802,-9.844147,0.46203613
1398519513968025515,1794342,1398519513538,0.023330688,-9.853668,0.4560852
1398519513972389529,1794352,1398519513548,0.023330688,-9.853668,0.4560852
1398519513978035281,1794352,1398519513548,0.0388031,-9.852478,0.49536133
1398519513982490847,1794362,1398519513557,0.016189575,-9.884613,0.46322632
1398519513987922976,1794362,1398519513558,0.0054779053,-9.845337,0.4156189
1398519513992866824,1794372,1398519513568,0.04951477,-9.808441,0.46917725
1398519513998115847,1794372,1398519513568,-0.012374878,-9.900085,0.41204834
1398519514002601931,1794382,1398519513577,0.063797,-9.850098,0.4822693
1398519514008003543,1794382,1398519513578,-0.015945435,-9.877472,0.42752075
1398519514013161013,1794393,1398519513588,0.04475403,-9.9131775,0.44656372
1398519514018471072,1794393,1398519513588,0.006668091,-9.92627,0.42156982
1398519514022774050,1794402,1398519513597,-0.0028533936,-9.846527,0.42156982
1398519514028145144,1794402,1398519513598,0.013809204,-9.884613,0.40133667
1398519514033302615,1794413,1398519513608,0.054275513,-9.890564,0.44180298
1398519514038612673,1794413,1398519513608,-0.0028533936,-9.856049,0.3989563
1398519514042915652,1794422,1398519513618,0.013809204,-9.8941345,0.44180298
1398519514048286746,1794422,1398519513618,0.0554657,-9.907227,0.42752075
1398519514052864382,1794428,1398519513624,0.018569946,-9.916748,0.4560852
1398519514057869265,1794437,1398519513632,-0.018325806,-9.919128,0.42752075
1398519514063087771,1794437,1398519513632,0.032852173,-9.86795,0.38467407
1398519514069191287,1794449,1398519513644,0.01499939,-9.889374,0.3989563
1398519514074379275,1794449,1398519513644,0.043563843,-9.900085,0.49179077
1398519514078041384,1794455,1398519513651,0.0388031,-9.907227,0.41680908
1398519514083168338,1794457,1398519513653,0.0054779053,-9.8810425,0.5048828
1398519514088936160,1794468,1398519513664,0.01499939,-9.901276,0.40371704
1398519514094124148,1794468,1398519513664,0.032852173,-9.840576,0.44180298
1398519514098213504,1794477,1398519513673,0.0030975342,-9.826294,0.42156982
1398519514103432009,1794477,1398519513673,0.03642273,-9.86557,0.40966797
1398519514109352420,1794489,1398519513684,0.04118347,-9.890564,0.37158203
1398519514114540408,1794489,1398519513684,0.026901245,-9.857239,0.46084595
1398519514118294070,1794496,1398519513691,-0.011184692,-9.853668,0.40371704
1398519514123512576,1794498,1398519513693,-4.7302246E-4,-9.869141,0.42633057
1398519514129005740,1794508,1398519513704,0.007858276,-9.853668,0.39538574
1398519514134254763,1794509,1398519513704,0.03404236,-9.86795,0.40966797
1398519514138588259,1794518,1398519513713,-0.001663208,-9.86319,0.44180298
1398519514143959353,1794518,1398519513713,0.056655884,-9.891754,0.45132446
1398519514149116824,1794529,1398519513724,0.053085327,-9.858429,0.50250244
1398519514154396365,1794529,1398519513724,-0.019515991,-9.838196,0.44180298
1398519514158699343,1794538,1398519513733,0.07688904,-9.858429,0.42276
1398519514164070437,1794538,1398519513734,0.06736755,-9.860809,0.46679688
1398519514169258425,1794549,1398519513744,0.026901245,-9.872711,0.4644165
1398519514174507449,1794549,1398519513744,-0.012374878,-9.826294,0.43466187
1398519514178840945,1794558,1398519513754,0.01737976,-9.886993,0.41085815
1398519514184212039,1794558,1398519513754,0.050704956,-9.842957,0.46679688
1398519514189430545,1794569,1398519513764,0.07569885,-9.876282,0.45251465
1398519514194710086,1794569,1398519513765,0.07093811,-9.888184,0.41085815
1398519514198952029,1794578,1398519513774,0.02809143,-9.878662,0.4144287
1398519514204323123,1794578,1398519513774,0.056655884,-9.86676,0.47155762
1398519514209572146,1794589,1398519513785,-0.019515991,-9.879852,0.4072876
1398519514214760134,1794589,1398519513785,0.04951477,-9.86795,0.4560852
1398519514219154666,1794598,1398519513794,0.04118347,-9.859619,0.47750854
1398519514224495242,1794598,1398519513794,0.056655884,-9.847717,0.4322815
1398519514229683230,1794609,1398519513805,0.048324585,-9.8941345,0.45132446
1398519514234871218,1794609,1398519513805,0.06617737,-9.823914,0.47869873
1398519514239296267,1794618,1398519513814,0.06617737,-9.823914,0.47869873
1398519514244636843,1794619,1398519513814,0.03642273,-9.847717,0.47155762
1398519514249794314,1794629,1398519513825,-0.023086548,-9.86319,0.45370483
1398519514255012820,1794629,1398519513825,0.013809204,-9.876282,0.42037964
1398519514259285281,1794637,1398519513832,0.013809204,-9.876282,0.42037964
1398519514264351199,1794638,1398519513834,0.04475403,-9.895325,0.48464966
1398519514270424197,1794651,1398519513846,0.006668091,-9.810822,0.4572754
1398519514275612185,1794651,1398519513846,0.030471802,-9.892944,0.52630615
1398519514279426882,1794655,1398519513850,0.0054779053,-9.850098,0.47155762
1398519514284462283,1794660,1398519513855,0.0042877197,-9.875092,0.44537354
1398519514289619754,1794669,1398519513864,0.024520874,-9.816772,0.45846558
1398519514295021365,1794669,1398519513864,0.032852173,-9.882233,0.51678467
1398519514299690554,1794679,1398519513875,0.032852173,-9.886993,0.44656372
1398519514305153201,1794679,1398519513875,-0.00642395,-9.902466,0.46203613
1398519514309822390,1794689,1398519513885,0.029281616,-9.850098,0.45132446
1398519514315285037,1794689,1398519513885,-0.001663208,-9.847717,0.41323853
1398519514319984744,1794699,1398519513895,0.020950317,-9.883423,0.41204834
1398519514325416873,1794699,1398519513895,0.030471802,-9.869141,0.45370483
1398519514329811404,1794707,1398519513903,0.006668091,-9.854858,0.44299316
1398519514334968875,1794709,1398519513904,0.022140503,-9.921509,0.4477539
1398519514340431521,1794720,1398519513915,0.037612915,-9.851288,0.3977661
1398519514345680545,1794720,1398519513916,-0.014755249,-9.831055,0.45846558
1398519514350044558,1794729,1398519513925,0.037612915,-9.872711,0.4156189
1398519514355385134,1794729,1398519513925,0.059036255,-9.877472,0.473938
1398519514360573123,1794740,1398519513936,-0.004043579,-9.883423,0.3977661
1398519514365791629,1794740,1398519513936,-0.004043579,-9.876282,0.49536133
1398519514370186160,1794749,1398519513945,0.0019073486,-9.879852,0.473938
1398519514375526736,1794749,1398519513945,0.012619019,-9.86795,0.42276
1398519514380287478,1794759,1398519513955,-0.0076141357,-9.8619995,0.40847778
1398519514385597537,1794760,1398519513955,0.0030975342,-9.869141,0.38110352
1398519514390846560,1794771,1398519513967,-4.7302246E-4,-9.897705,0.40371704
1398519514396034548,1794771,1398519513967,0.009048462,-9.892944,0.4310913
1398519514400307009,1794778,1398519513973,0.07093811,-9.885803,0.47512817
1398519514405342410,1794779,1398519513975,0.07807922,-9.840576,0.47036743
1398519514411445925,1794791,1398519513986,-0.055221558,-9.832245,0.41204834
1398519514416664431,1794791,1398519513987,0.053085327,-9.885803,0.37634277
1398519514420418093,1794798,1398519513994,0.009048462,-9.911987,0.47155762
1398519514425636599,1794801,1398519513996,-0.0599823,-9.892944,0.41680908
1398519514430580447,1794810,1398519514005,0.06498718,-9.851288,0.41085815
1398519514435951541,1794810,1398519514005,0.019760132,-9.900085,0.44537354
1398519514441200564,1794821,1398519514016,0.023330688,-9.860809,0.4965515
1398519514446541140,1794821,1398519514017,0.039993286,-9.878662,0.41204834
1398519514450661013,1794830,1398519514025,0.042373657,-9.838196,0.4477539
1398519514455910037,1794830,1398519514025,0.059036255,-9.845337,0.52749634
1398519514461647341,1794841,1398519514037,0.04475403,-9.876282,0.4560852
1398519514466987918,1794841,1398519514037,0.023330688,-9.911987,0.42752075
1398519514470802615,1794848,1398519514044,-0.00642395,-9.86319,0.43585205
1398519514475929568,1794851,1398519514047,0.011428833,-9.885803,0.40133667
1398519514480964968,1794860,1398519514056,0.02571106,-9.885803,0.48703003
1398519514486366580,1794860,1398519514056,0.01499939,-9.871521,0.37158203
1398519514491493533,1794871,1398519514067,0.01737976,-9.859619,0.473938
1398519514496803591,1794871,1398519514067,0.02571106,-9.884613,0.4406128
1398519514501137088,1794881,1398519514076,0.007858276,-9.833435,0.46203613
1398519514506477664,1794881,1398519514077,0.018569946,-9.879852,0.44656372
1398519514511207888,1794890,1398519514086,0.02571106,-9.817963,0.41799927
1398519514516578982,1794891,1398519514086,0.006668091,-9.857239,0.36087036
1398519514521736453,1794901,1398519514097,0.018569946,-9.879852,0.41918945
1398519514526954959,1794901,1398519514097,0.037612915,-9.907227,0.46917725
1398519514531318972,1794911,1398519514107,0.037612915,-9.907227,0.46917725
1398519514536659548,1794911,1398519514107,-0.026657104,-9.882233,0.4156189
1398519514541420291,1794921,1398519514117,0.023330688,-9.8619995,0.4572754
1398519514546699832,1794921,1398519514117,0.05189514,-9.871521,0.4656067
1398519514551491091,1794931,1398519514127,0.05189514,-9.871521,0.4656067
1398519514556984256,1794931,1398519514127,0.022140503,-9.871521,0.44418335
1398519514561683963,1794941,1398519514137,0.016189575,-9.875092,0.47512817
1398519514567085574,1794941,1398519514137,0.009048462,-9.878662,0.44299316
1398519514571785281,1794951,1398519514147,0.042373657,-9.854858,0.4394226
1398519514577034304,1794951,1398519514147,-0.011184692,-9.853668,0.34777832
1398519514581795047,1794961,1398519514157,0.06022644,-9.892944,0.42037964
1398519514587227175,1794961,1398519514157,0.02809143,-9.901276,0.40133667
1398519514591987918,1794971,1398519514167,0.0554657,-9.827484,0.4156189
1398519514597267459,1794972,1398519514167,0.05784607,-9.826294,0.44180298
1398519514601845095,1794981,1398519514177,0.018569946,-9.898895,0.41918945
1398519514607277224,1794981,1398519514177,0.056655884,-9.882233,0.42633057
1398519514612221072,1794992,1398519514187,0.01499939,-9.916748,0.47155762
1398519514617470095,1794992,1398519514187,0.030471802,-9.86319,0.37158203
1398519514621986697,1795001,1398519514197,0.02809143,-9.837006,0.47631836
1398519514627388308,1795001,1398519514197,0.06022644,-9.860809,0.46322632
1398519514632454226,1795012,1398519514207,0.03642273,-9.854858,0.4572754
1398519514637703250,1795012,1398519514208,-4.7302246E-4,-9.842957,0.51083374
1398519514642097781,1795021,1398519514217,0.048324585,-9.853668,0.43704224
1398519514647468875,1795021,1398519514217,0.026901245,-9.870331,0.46322632
1398519514652717898,1795032,1398519514228,0.013809204,-9.8298645,0.3918152
1398519514657936404,1795032,1398519514228,0.029281616,-9.837006,0.4810791
1398519514662239382,1795041,1398519514237,0.035232544,-9.883423,0.4144287
1398519514667579959,1795042,1398519514237,0.009048462,-9.895325,0.45132446
1398519514672920535,1795052,1398519514248,0.010238647,-9.875092,0.43466187
1398519514678108523,1795052,1398519514248,0.02571106,-9.839386,0.44299316
1398519514682350466,1795061,1398519514257,-0.019515991,-9.850098,0.39657593
1398519514687660525,1795062,1398519514257,0.010238647,-9.852478,0.49179077
1398519514693214724,1795073,1398519514268,0.02571106,-9.86438,0.49893188
1398519514698402713,1795073,1398519514268,0.045944214,-9.885803,0.4572754
1398519514702461550,1795081,1398519514277,0.04475403,-9.922699,0.4394226
1398519514707649539,1795082,1398519514277,0.026901245,-9.86676,0.42514038
1398519514713661502,1795093,1398519514289,-0.008804321,-9.853668,0.3977661
1398519514718880007,1795093,1398519514289,0.0030975342,-9.889374,0.4644165
1398519514722542117,1795102,1398519514297,0.01499939,-9.8619995,0.41680908
1398519514727699588,1795102,1398519514297,0.026901245,-9.907227,0.47036743
1398519514733711550,1795112,1398519514308,-0.021896362,-9.882233,0.36920166
1398519514738350222,1795113,1398519514308,0.02809143,-9.835815,0.4394226
1398519514742714236,1795118,1398519514313,0.029281616,-9.888184,0.4489441
1398519514747719119,1795123,1398519514319,0.035232544,-9.825104,0.42752075
1398519514752754519,1795128,1398519514323,0.056655884,-9.848907,0.41918945
1398519514757789920,1795133,1398519514329,0.02571106,-9.891754,0.45846558
1398519514762855838,1795142,1398519514337,-0.037368774,-9.837006,0.39657593
1398519514768165896,1795142,1398519514338,0.07450867,-9.8619995,0.42156982
1398519514773994754,1795153,1398519514349,0.006668091,-9.845337,0.5310669
1398519514779274295,1795154,1398519514349,0.007858276,-9.904846,0.45013428
1398519514782966922,1795161,1398519514356,0.007858276,-9.904846,0.45013428
1398519514788154910,1795162,1398519514358,0.01737976,-9.876282,0.46322632
1398519514793709109,1795173,1398519514369,0.019760132,-9.888184,0.47155762
1398519514798897097,1795173,1398519514369,0.03404236,-9.838196,0.43585205
1398519514803261111,1795182,1398519514378,0.011428833,-9.853668,0.3739624
1398519514808601687,1795183,1398519514378,0.0030975342,-9.840576,0.4489441
1398519514813789675,1795193,1398519514389,0.0554657,-9.80249,0.37158203
1398519514818977664,1795193,1398519514389,0.08998108,-9.903656,0.40847778
1398519514823402713,1795203,1398519514398,0.08998108,-9.903656,0.40847778
1398519514828773806,1795203,1398519514398,0.020950317,-9.872711,0.5203552
1398519514833931277,1795213,1398519514409,0.022140503,-9.814392,0.3739624
1398519514839149783,1795213,1398519514409,0.010238647,-9.875092,0.41680908
1398519514843513797,1795223,1398519514418,0.010238647,-9.875092,0.41680908
1398519514848854373,1795223,1398519514418,0.043563843,-9.914368,0.42752075
1398519514853493045,1795229,1398519514425,0.054275513,-9.877472,0.40490723
1398519514858497927,1795237,1398519514433,0.023330688,-9.834625,0.44299316
1398519514863716433,1795238,1398519514433,0.013809204,-9.850098,0.5155945
1398519514869789431,1795249,1398519514445,0.01499939,-9.817963,0.42633057
1398519514875099490,1795249,1398519514445,0.030471802,-9.895325,0.39657593
1398519514878670047,1795254,1398519514450,0.07093811,-9.884613,0.48345947
1398519514883674929,1795259,1398519514454,0.03642273,-9.848907,0.44180298
1398519514888710330,1795266,1398519514462,0.04475403,-9.859619,0.45251465
1398519514893898318,1795268,1398519514463,-0.014755249,-9.856049,0.4406128
1398519514898781131,1795277,1398519514472,0.037612915,-9.827484,0.4406128
1398519514903969119,1795278,1398519514473,-0.004043579,-9.852478,0.3918152
1398519514908851931,1795288,1398519514483,0.023330688,-9.837006,0.41918945
1398519514914039920,1795288,1398519514483,0.0388031,-9.910797,0.47750854
1398519514920204470,1795301,1398519514496,0.029281616,-9.940552,0.44180298
1398519514925514529,1795301,1398519514496,-4.7302246E-4,-9.851288,0.45846558
1398519514928993533,1795304,1398519514500,0.06022644,-9.873901,0.4322815
1398519514934028933,1795309,1398519514505,0.01499939,-9.888184,0.41918945
1398519514939125369,1795318,1398519514514,0.09593201,-9.857239,0.4644165
1398519514944374392,1795318,1398519514514,0.035232544,-9.860809,0.43347168
1398519514949165652,1795328,1398519514524,0.013809204,-9.857239,0.45132446
1398519514954414675,1795328,1398519514524,0.011428833,-9.869141,0.4239502
1398519514959328006,1795338,1398519514534,0.06736755,-9.850098,0.43823242
1398519514964668582,1795339,1398519514534,-0.0028533936,-9.842957,0.45489502
1398519514969917605,1795349,1398519514545,0.022140503,-9.889374,0.46084595
1398519514975136111,1795349,1398519514545,0.02809143,-9.845337,0.42871094
1398519514979378054,1795357,1398519514552,0.010238647,-9.882233,0.4906006
1398519514984382937,1795358,1398519514554,7.171631E-4,-9.86319,0.4810791
1398519514989540408,1795369,1398519514564,0.01737976,-9.9131775,0.44656372
1398519514994942019,1795369,1398519514565,0.035232544,-9.873901,0.4965515
1398519514999672244,1795379,1398519514575,0.016189575,-9.888184,0.43704224
1398519515005073855,1795379,1398519514575,0.0030975342,-9.845337,0.3834839
1398519515009773562,1795389,1398519514585,0.023330688,-9.876282,0.41799927
1398519515015205691,1795389,1398519514585,0.031661987,-9.860809,0.37872314
1398519515019935916,1795399,1398519514595,-0.0052337646,-9.892944,0.49536133
1398519515025215457,1795399,1398519514595,0.018569946,-9.92984,0.46084595
1398519515029732058,1795407,1398519514603,0.011428833,-9.882233,0.4489441
1398519515034859011,1795409,1398519514604,-0.00642395,-9.846527,0.52630615
1398519515040321658,1795420,1398519514615,0.031661987,-9.870331,0.35849
1398519515045601199,1795420,1398519514616,-0.0028533936,-9.86438,0.5155945
1398519515049995730,1795429,1398519514625,-0.011184692,-9.854858,0.48464966
1398519515055366824,1795429,1398519514625,0.022140503,-9.847717,0.3751526
1398519515060524295,1795440,1398519514636,-0.025466919,-9.819153,0.40371704
1398519515065834353,1795440,1398519514636,-0.031417847,-9.859619,0.43704224
1398519515070106814,1795451,1398519514647,-0.00642395,-9.886993,0.41085815
1398519515075508425,1795451,1398519514647,0.020950317,-9.834625,0.43466187
1398519515080294248,1795457,1398519514653,0.05784607,-9.884613,0.43466187
1398519515085329648,1795459,1398519514654,0.035232544,-9.903656,0.5048828
1398519515091189023,1795471,1398519514667,-0.020706177,-9.911987,0.47036743
1398519515096407529,1795471,1398519514667,0.018569946,-9.885803,0.41085815
1398519515100466367,1795477,1398519514673,0.018569946,-9.885803,0.41085815
1398519515105471250,1795479,1398519514675,0.018569946,-9.878662,0.39300537
1398519515111605283,1795491,1398519514686,0.0054779053,-9.842957,0.44656372
1398519515116823789,1795491,1398519514687,0.006668091,-9.86319,0.40847778
1398519515120607968,1795498,1398519514694,0.006668091,-9.86319,0.40847778
1398519515125765439,1795499,1398519514695,0.02571106,-9.9131775,0.473938
1398519515131929990,1795511,1398519514707,0.01499939,-9.86438,0.4239502
1398519515137148496,1795511,1398519514707,-0.008804321,-9.827484,0.41918945
1398519515140749570,1795518,1398519514714,0.016189575,-9.873901,0.43466187
1398519515145846005,1795521,1398519514716,0.026901245,-9.86795,0.3751526
1398519515150911923,1795530,1398519514726,0.059036255,-9.842957,0.38824463
1398519515156283017,1795530,1398519514726,7.171631E-4,-9.900085,0.45132446
1398519515161440488,1795541,1398519514736,-0.008804321,-9.86438,0.4406128
1398519515166811582,1795541,1398519514737,0.050704956,-9.922699,0.47869873
1398519515170961972,1795550,1398519514746,0.0042877197,-9.873901,0.46084595
1398519515176302548,1795550,1398519514746,0.019760132,-9.842957,0.3822937
1398519515181673642,1795561,1398519514757,0.013809204,-9.876282,0.4144287
1398519515186983701,1795561,1398519514757,0.031661987,-9.9131775,0.45370483
1398519515191164609,1795571,1398519514767,-0.030227661,-9.86319,0.4239502
1398519515196505185,1795571,1398519514767,0.030471802,-9.886993,0.4060974
1398519515201296445,1795581,1398519514777,0.063797,-9.895325,0.45846558
1398519515206698056,1795581,1398519514777,0.06617737,-9.906036,0.46203613
1398519515211367246,1795591,1398519514787,0.01499939,-9.869141,0.46798706
1398519515216799375,1795591,1398519514787,-0.0135650635,-9.909607,0.47512817
1398519515221407529,1795601,1398519514796,0.029281616,-9.851288,0.42871094
1398519515226809140,1795601,1398519514797,0.0019073486,-9.858429,0.41799927
1398519515231508847,1795611,1398519514806,0.029281616,-9.8941345,0.4882202
1398519515236940976,1795611,1398519514806,0.037612915,-9.853668,0.4322815
1398519515241793271,1795621,1398519514817,0.06498718,-9.852478,0.44180298
1398519515247042294,1795621,1398519514817,0.032852173,-9.853668,0.3977661
1398519515251650449,1795632,1398519514827,0.026901245,-9.86795,0.45132446
1398519515257082578,1795632,1398519514827,0.030471802,-9.872711,0.390625
1398519515261568662,1795640,1398519514836,0.020950317,-9.859619,0.43585205
1398519515266756650,1795640,1398519514836,0.020950317,-9.914368,0.4882202
1398519515272890683,1795652,1398519514848,0.02809143,-9.860809,0.35134888
1398519515278078671,1795652,1398519514848,0.011428833,-9.886993,0.44180298
1398519515281740781,1795659,1398519514855,0.031661987,-9.906036,0.4239502
1398519515286867734,1795660,1398519514856,-0.009994507,-9.854858,0.45251465
1398519515293062802,1795672,1398519514868,0.04951477,-9.86795,0.40133667
1398519515298281308,1795686,1398519514881,0.030471802,-9.919128,0.42633057
1398519515301882382,1795686,1398519514881,-0.00642395,-9.8619995,0.4906006
1398519515306887265,1795686,1398519514882,0.009048462,-9.848907,0.45132446
1398519515311922666,1795686,1398519514882,0.07331848,-9.916748,0.40847778
1398519515316958066,1795711,1398519514906,0.07926941,-9.86319,0.42752075
1398519515321993466,1795711,1398519514906,0.03642273,-9.896515,0.47512817
1398519515327028867,1795711,1398519514907,0.05784607,-9.871521,0.4477539
1398519515332064267,1795711,1398519514907,-0.012374878,-9.859619,0.4072876
1398519515337099667,1795711,1398519514907,0.035232544,-9.86795,0.4644165
1398519515342135068,1795739,1398519514935,0.07093811,-9.886993,0.45370483
1398519515347170468,1795739,1398519514935,0.018569946,-9.848907,0.42037964
1398519515352205869,1795739,1398519514935,0.054275513,-9.890564,0.42752075
1398519515357241269,1795739,1398519514935,0.022140503,-9.853668,0.3406372
1398519515362276669,1795739,1398519514935,-0.0052337646,-9.8810425,0.46322632
1398519515367220517,1795745,1398519514941,0.045944214,-9.903656,0.3572998
1398519515372255917,1795745,1398519514941,0.02571106,-9.911987,0.42037964
1398519515377291318,1795770,1398519514966,0.053085327,-9.815582,0.47869873
1398519515382326718,1795770,1398519514966,0.06855774,-9.878662,0.41680908
1398519515387362119,1795770,1398519514966,0.030471802,-9.839386,0.4310913
1398519515392428037,1795770,1398519514966,0.031661987,-9.857239,0.42276
1398519515397432919,1795770,1398519514966,-4.7302246E-4,-9.883423,0.49179077
1398519515402468320,1795780,1398519514975,0.01737976,-9.871521,0.44656372
1398519515407503720,1795785,1398519514981,-0.008804321,-9.807251,0.47631836
1398519515412539121,1795785,1398519514981,-0.012374878,-9.884613,0.49536133
1398519515417574521,1795790,1398519514986,0.03642273,-9.808441,0.47869873
1398519515423586484,1795800,1398519514995,0.061416626,-9.857239,0.47036743
1398519515427797910,1795801,1398519514996,0.0019073486,-9.825104,0.40966797
1398519515434176084,1795811,1398519515007,0.023330688,-9.873901,0.45846558
1398519515438082334,1795811,1398519515007,0.02571106,-9.876282,0.47512817
1398519515444094296,1795824,1398519515019,0.010238647,-9.86319,0.40966797
1398519515449648496,1795824,1398519515019,-0.0052337646,-9.845337,0.4060974
1398519515452822324,1795828,1398519515024,-0.009994507,-9.860809,0.46203613
1398519515457918759,1795837,1398519515032,0.024520874,-9.847717,0.40014648
1398519515463411923,1795837,1398519515032,0.0042877197,-9.779877,0.45251465
1398519515469027158,1795849,1398519515044,0.0019073486,-9.838196,0.42156982
1398519515474642392,1795849,1398519515044,0.0471344,-9.848907,0.52749634
1398519515477999326,1795855,1398519515051,0.0554657,-9.851288,0.42156982
1398519515483065244,1795856,1398519515052,0.032852173,-9.86319,0.43466187
1398519515489443417,1795869,1398519515065,0.019760132,-9.846527,0.40847778
1398519515495058652,1795869,1398519515065,0.010238647,-9.885803,0.45846558
1398519515498140927,1795873,1398519515069,0.009048462,-9.879852,0.42514038
1398519515503481503,1795883,1398519515078,0.02571106,-9.917938,0.43823242
1398519515509127255,1795883,1398519515078,0.007858276,-9.901276,0.47036743
1398519515513735410,1795893,1398519515089,-0.012374878,-9.844147,0.49179077
1398519515519320126,1795893,1398519515089,0.019760132,-9.892944,0.40014648
1398519515523440000,1795903,1398519515098,0.006668091,-9.885803,0.4965515
1398519515528994199,1795903,1398519515098,0.026901245,-9.875092,0.48345947
1398519515534334775,1795914,1398519515110,0.035232544,-9.901276,0.43466187
1398519515539888974,1795914,1398519515110,0.04951477,-9.903656,0.47155762
1398519515543459531,1795921,1398519515117,0.022140503,-9.8619995,0.45013428
1398519515548678037,1795922,1398519515118,7.171631E-4,-9.884613,0.44537354
1398519515554903623,1795935,1398519515130,0.019760132,-9.891754,0.4072876
1398519515560457822,1795935,1398519515130,0.07926941,-9.820343,0.47512817
1398519515563601132,1795939,1398519515134,-0.015945435,-9.8810425,0.4477539
1398519515568758603,1795948,1398519515143,-0.008804321,-9.850098,0.4239502
1398519515574343320,1795948,1398519515144,0.072128296,-9.784637,0.49536133
1398519515578707334,1795956,1398519515152,0.023330688,-9.821533,0.506073
1398519515583773251,1795957,1398519515153,0.020950317,-9.897705,0.57748413
1398519515588808652,1795962,1398519515158,0.018569946,-9.921509,0.42871094
1398519515593844052,1795967,1398519515162,0.048324585,-9.835815,0.4394226
1398519515599001523,1795972,1398519515168,0.069747925,-9.870331,0.37872314
1398519515603914853,1795977,1398519515173,0.03404236,-9.86557,0.42633057
1398519515608950253,1795986,1398519515181,0.04951477,-9.890564,0.4239502
1398519515613985654,1795989,1398519515184,0.04951477,-9.883423,0.4239502
1398519515619234677,1795996,1398519515192,-0.009994507,-9.845337,0.48583984
1398519515624178525,1795998,1398519515193,-0.011184692,-9.916748,0.44299316
1398519515629580136,1796007,1398519515203,0.05784607,-9.878662,0.4394226
1398519515634218808,1796007,1398519515203,0.012619019,-9.858429,0.46084595
1398519515639681455,1796017,1398519515213,0.01737976,-9.853668,0.41323853
1398519515644289609,1796017,1398519515213,0.01499939,-9.883423,0.49179077
1398519515649752255,1796027,1398519515223,0.032852173,-9.872711,0.5310669
1398519515654360410,1796028,1398519515223,0.012619019,-9.879852,0.5144043
1398519515659823056,1796038,1398519515233,0.04475403,-9.842957,0.48464966
1398519515664431210,1796038,1398519515233,0.054275513,-9.873901,0.37872314
1398519515669893857,1796048,1398519515243,0.0471344,-9.900085,0.46084595
1398519515674502011,1796048,1398519515243,0.007858276,-9.909607,0.4822693
1398519515679964658,1796058,1398519515253,0.026901245,-9.876282,0.47036743
1398519515684572812,1796058,1398519515253,0.018569946,-9.851288,0.48464966
1398519515690035459,1796068,1398519515263,0.029281616,-9.819153,0.47750854
1398519515694643613,1796068,1398519515263,0.06498718,-9.871521,0.4156189
1398519515700106259,1796078,1398519515273,0.042373657,-9.891754,0.42871094
1398519515704714414,1796078,1398519515273,0.042373657,-9.891754,0.42871094
1398519515710177060,1796088,1398519515283,0.012619019,-9.903656,0.4656067
1398519515714785214,1796088,1398519515284,0.012619019,-9.903656,0.4656067
1398519515720247861,1796098,1398519515293,0.013809204,-9.902466,0.49536133
1398519515724856015,1796098,1398519515294,0.035232544,-9.816772,0.42037964
1398519515730318662,1796108,1398519515304,-0.0028533936,-9.825104,0.5227356
1398519515734926816,1796108,1398519515304,-0.0028533936,-9.882233,0.40490723
1398519515740389462,1796118,1398519515314,0.018569946,-9.878662,0.45489502
1398519515744997617,1796118,1398519515314,-0.008804321,-9.86795,0.3822937
1398519515750460263,1796128,1398519515324,0.007858276,-9.86795,0.4144287
1398519515755068417,1796128,1398519515324,0.080459595,-9.856049,0.42633057
1398519515760531064,1796138,1398519515334,0.01499939,-9.884613,0.42156982
1398519515765139218,1796138,1398519515334,0.009048462,-9.859619,0.4560852
1398519515770601865,1796148,1398519515344,0.0019073486,-9.891754,0.43704224
1398519515775210019,1796148,1398519515344,0.031661987,-9.858429,0.4072876
1398519515780672666,1796158,1398519515354,-0.008804321,-9.901276,0.47631836
1398519515785280820,1796158,1398519515354,7.171631E-4,-9.8013,0.44537354
1398519515790743466,1796168,1398519515364,0.035232544,-9.858429,0.41204834
1398519515795351621,1796169,1398519515364,0.09474182,-9.895325,0.45965576
1398519515800295468,1796175,1398519515370,0.030471802,-9.8619995,0.3834839
1398519515805330869,1796183,1398519515378,0.080459595,-9.826294,0.35610962
1398519515810427304,1796184,1398519515380,0.013809204,-9.869141,0.4060974
1398519515815462705,1796189,1398519515385,-0.0052337646,-9.915558,0.42633057
1398519515820803281,1796197,1398519515393,0.01737976,-9.890564,0.44180298
1398519515825655576,1796199,1398519515395,-0.032608032,-9.907227,0.38824463
1398519515830996152,1796208,1398519515404,0.03642273,-9.914368,0.43585205
1398519515835695859,1796210,1398519515405,0.054275513,-9.889374,0.46917725
1398519515840914365,1796218,1398519515413,0.023330688,-9.889374,0.4560852
1398519515845766660,1796221,1398519515416,-4.7302246E-4,-9.848907,0.4477539
1398519515850771542,1796228,1398519515423,0.0042877197,-9.8941345,0.52511597
1398519515855837460,1796229,1398519515425,0.032852173,-9.86438,0.47869873
1398519515861178037,1796238,1398519515434,0.013809204,-9.896515,0.4310913
1398519515865908261,1796240,1398519515435,0.016189575,-9.879852,0.5132141
1398519515871279355,1796248,1398519515444,0.045944214,-9.840576,0.40847778
1398519515876009580,1796251,1398519515446,0.030471802,-9.853668,0.39657593
1398519515881026711,1796258,1398519515454,-0.015945435,-9.841766,0.45251465
1398519515886031594,1796260,1398519515455,0.053085327,-9.882233,0.4406128
1398519515891372170,1796268,1398519515464,-0.033798218,-9.8810425,0.4239502
1398519515896102395,1796271,1398519515467,0.03404236,-9.86676,0.41323853
1398519515901107277,1796278,1398519515474,0.05189514,-9.906036,0.40371704
1398519515906173195,1796280,1398519515475,0.022140503,-9.882233,0.47631836
1398519515911513772,1796289,1398519515484,0.031661987,-9.8941345,0.43347168
1398519515916243996,1796290,1398519515486,0.05784607,-9.86319,0.39538574
1398519515921615090,1796299,1398519515494,0.07688904,-9.834625,0.51083374
1398519515926345315,1796300,1398519515496,0.022140503,-9.846527,0.47155762
1398519515931685891,1796309,1398519515504,0.0042877197,-9.86676,0.45489502
1398519515936416115,1796310,1398519515506,0.05189514,-9.832245,0.4394226
1398519515941634621,1796319,1398519515514,0.029281616,-9.847717,0.39538574
1398519515946456398,1796321,1398519515517,0.023330688,-9.835815,0.46679688
1398519515951491799,1796329,1398519515524,0.0471344,-9.835815,0.41085815
1398519515956557717,1796330,1398519515526,0.007858276,-9.878662,0.4310913
1398519515961867775,1796339,1398519515534,0.023330688,-9.840576,0.45965576
1398519515966598000,1796340,1398519515536,0.013809204,-9.850098,0.45251465
1398519515971969094,1796349,1398519515544,-4.7302246E-4,-9.883423,0.3668213
1398519515976699318,1796350,1398519515546,0.01499939,-9.8810425,0.39657593
1398519515982009377,1796359,1398519515555,0.07093811,-9.922699,0.42633057
1398519515986739602,1796361,1398519515556,0.0388031,-9.813202,0.42633057
1398519515991988625,1796369,1398519515565,-0.015945435,-9.837006,0.47869873
1398519515996810402,1796371,1398519515566,-0.048080444,-9.900085,0.39538574
1398519516002150979,1796379,1398519515575,0.02571106,-9.882233,0.473938
1398519516006911721,1796383,1398519515578,0.0054779053,-9.891754,0.36920166
1398519516011825051,1796386,1398519515581,0.018569946,-9.826294,0.43585205
1398519516016860451,1796391,1398519515587,0.01499939,-9.851288,0.41918945
1398519516022475686,1796398,1398519515593,0.011428833,-9.86676,0.42990112
1398519516026961770,1796401,1398519515597,0.056655884,-9.859619,0.44180298
1398519516032760109,1796412,1398519515608,-0.009994507,-9.848907,0.4322815
1398519516037948098,1796412,1398519515608,-0.008804321,-9.872711,0.36444092
1398519516042067971,1796421,1398519515616,0.050704956,-9.907227,0.4394226
1398519516047316994,1796421,1398519515617,-0.043319702,-9.842957,0.42514038
1398519516053237404,1796433,1398519515628,0.019760132,-9.8810425,0.43704224
1398519516058516945,1796433,1398519515628,0.0030975342,-9.901276,0.43704224
1398519516062179055,1796441,1398519515637,-0.014755249,-9.903656,0.4394226
1398519516067336525,1796441,1398519515637,-0.0052337646,-9.86319,0.45370483
1398519516072921242,1796452,1398519515648,0.020950317,-9.888184,0.390625
1398519516078170266,1796452,1398519515648,0.042373657,-9.897705,0.42514038
1398519516082351174,1796457,1398519515653,0.072128296,-9.86438,0.46203613
1398519516087356057,1796461,1398519515657,0.013809204,-9.904846,0.50250244
1398519516093673195,1796472,1398519515668,0.024520874,-9.873901,0.43347168
1398519516098433938,1796472,1398519515668,0.04951477,-9.860809,0.43823242
1398519516102614846,1796482,1398519515677,0.03642273,-9.900085,0.3834839
1398519516107985940,1796482,1398519515677,0.012619019,-9.872711,0.40966797
1398519516113143410,1796493,1398519515688,0.042373657,-9.892944,0.41799927
1398519516118422951,1796493,1398519515688,0.022140503,-9.883423,0.45370483
1398519516122756447,1796502,1398519515697,0.023330688,-9.840576,0.47631836
1398519516128097023,1796502,1398519515697,0.032852173,-9.86676,0.4572754
1398519516133346047,1796513,1398519515708,0.06022644,-9.895325,0.39300537
1398519516138534035,1796513,1398519515708,-0.009994507,-9.888184,0.47631836
1398519516142898049,1796522,1398519515717,0.04118347,-9.860809,0.40252686
1398519516148238625,1796522,1398519515718,-0.026657104,-9.900085,0.42752075
1398519516153426613,1796533,1398519515728,0.026901245,-9.892944,0.4310913
1398519516158614602,1796533,1398519515728,0.063797,-9.851288,0.48345947
1398519516163039650,1796542,1398519515738,0.019760132,-9.857239,0.42990112
1398519516168380227,1796542,1398519515738,0.045944214,-9.815582,0.43347168
1398519516173537697,1796553,1398519515748,-0.004043579,-9.859619,0.45489502
1398519516178756203,1796553,1398519515749,0.069747925,-9.92984,0.46798706
1398519516183150734,1796562,1398519515758,0.045944214,-9.850098,0.44299316
1398519516188521828,1796562,1398519515758,7.171631E-4,-9.844147,0.4560852
1398519516193709816,1796573,1398519515769,-0.03617859,-9.898895,0.4406128
1398519516198989357,1796573,1398519515769,0.045944214,-9.852478,0.473938
1398519516203292336,1796582,1398519515778,0.06260681,-9.854858,0.4727478
1398519516208663430,1796583,1398519515778,0.03642273,-9.8619995,0.4310913
1398519516213851418,1796593,1398519515789,0.0388031,-9.857239,0.4144287
1398519516219100441,1796593,1398519515789,0.029281616,-9.878662,0.4060974
1398519516223433938,1796603,1398519515798,0.039993286,-9.911987,0.44299316
1398519516228805031,1796603,1398519515798,0.043563843,-9.896515,0.44180298
1398519516233993020,1796613,1398519515809,-0.018325806,-9.8941345,0.46322632
1398519516239242043,1796614,1398519515809,0.07331848,-9.872711,0.41085815
1398519516243575539,1796623,1398519515818,-0.014755249,-9.875092,0.46203613
1398519516248946633,1796623,1398519515818,0.069747925,-9.842957,0.47036743
1398519516254134621,1796634,1398519515829,0.039993286,-9.831055,0.4644165
1398519516259383645,1796634,1398519515829,0.048324585,-9.892944,0.47512817
1398519516263717141,1796643,1398519515838,0.048324585,-9.892944,0.47512817
1398519516269057717,1796643,1398519515838,0.042373657,-9.879852,0.46798706
1398519516274367775,1796654,1398519515849,0.012619019,-9.86557,0.4882202
1398519516279555764,1796654,1398519515849,0.023330688,-9.844147,0.40014648
1398519516283858742,1796663,1398519515858,0.023330688,-9.844147,0.40014648
1398519516289199318,1796663,1398519515859,0.04475403,-9.875092,0.3894348
1398519516294478859,1796674,1398519515869,-0.0052337646,-9.898895,0.41918945
1398519516299697365,1796674,1398519515870,0.020950317,-9.838196,0.4144287
1398519516304030861,1796683,1398519515879,0.050704956,-9.837006,0.43585205
1398519516309371438,1796683,1398519515879,0.03642273,-9.876282,0.4156189
1398519516314559426,1796694,1398519515889,0.0554657,-9.882233,0.5144043
1398519516319747414,1796694,1398519515890,0.012619019,-9.876282,0.47869873
1398519516324172463,1796703,1398519515899,0.032852173,-9.850098,0.4489441
1398519516329543557,1796703,1398519515899,0.01499939,-9.890564,0.41204834
1398519516334670510,1796714,1398519515910,0.07569885,-9.86557,0.3418274
1398519516339889016,1796714,1398519515910,0.0019073486,-9.858429,0.38110352
1398519516344314065,1796723,1398519515919,0.010238647,-9.810822,0.38110352
1398519516349685158,1796724,1398519515919,-0.0028533936,-9.850098,0.45251465
1398519516354842629,1796734,1398519515930,-0.011184692,-9.850098,0.4489441
1398519516360122170,1796734,1398519515930,0.07569885,-9.86676,0.45013428
1398519516364455666,1796744,1398519515939,0.03642273,-9.885803,0.41204834
1398519516369826760,1796744,1398519515939,0.039993286,-9.839386,0.3918152
1398519516375014748,1796754,1398519515950,0.029281616,-9.882233,0.4310913
1398519516380263772,1796755,1398519515950,0.02809143,-9.877472,0.3572998
1398519516384566750,1796764,1398519515959,0.07450867,-9.844147,0.4489441
1398519516389937844,1796764,1398519515959,0.07688904,-9.831055,0.43585205
1398519516395186867,1796775,1398519515970,0.026901245,-9.884613,0.45846558
1398519516400435891,1796775,1398519515970,0.029281616,-9.869141,0.46917725
1398519516404677834,1796784,1398519515979,0.06736755,-9.902466,0.42990112
1398519516410048928,1796784,1398519515979,0.023330688,-9.845337,0.4144287
1398519516415328469,1796795,1398519515990,0.054275513,-9.884613,0.3656311
1398519516420516457,1796795,1398519515990,0.024520874,-9.886993,0.43347168
1398519516424849953,1796804,1398519515999,-0.004043579,-9.869141,0.4882202
1398519516430190529,1796804,1398519516000,0.05189514,-9.832245,0.45489502
1398519516435561623,1796815,1398519516010,0.02571106,-9.870331,0.42871094
1398519516440749611,1796815,1398519516011,-0.0052337646,-9.7977295,0.48583984
1398519516445022072,1796824,1398519516020,0.07093811,-9.854858,0.4310913
1398519516450332131,1796824,1398519516020,0.012619019,-9.883423,0.41918945
1398519516454970803,1796831,1398519516027,0.006668091,-9.859619,0.3989563
1398519516459975686,1796835,1398519516031,0.04475403,-9.822723,0.47155762
1398519516465011086,1796840,1398519516036,0.006668091,-9.842957,0.42514038
1398519516470168557,1796849,1398519516045,0.07331848,-9.883423,0.4072876
1398519516475509133,1796849,1398519516045,0.07688904,-9.86438,0.42871094
1398519516480727639,1796860,1398519516056,0.037612915,-9.876282,0.4727478
1398519516485946145,1796860,1398519516056,0.020950317,-9.884613,0.41204834
1398519516490310158,1796869,1398519516065,0.07807922,-9.822723,0.3834839
1398519516495711770,1796870,1398519516065,0.053085327,-9.9131775,0.4644165
1398519516500869240,1796881,1398519516077,0.05189514,-9.885803,0.4656067
1398519516506179299,1796881,1398519516077,0.031661987,-9.883423,0.44180298
1398519516510360207,1796887,1398519516083,0.030471802,-9.858429,0.46322632
1398519516515365090,1796889,1398519516085,0.039993286,-9.877472,0.45251465
1398519516521590676,1796901,1398519516097,-0.030227661,-9.877472,0.44537354
1398519516526961770,1796901,1398519516097,0.031661987,-9.860809,0.473938
1398519516530471291,1796908,1398519516103,0.031661987,-9.860809,0.473938
1398519516535506691,1796909,1398519516105,0.032852173,-9.875092,0.42871094
1398519516541823830,1796921,1398519516117,0.024520874,-9.8810425,0.42633057
1398519516547103371,1796921,1398519516117,0.048324585,-9.901276,0.36325073
1398519516550612893,1796928,1398519516123,0.048324585,-9.901276,0.36325073
1398519516555648293,1796929,1398519516125,0.07926941,-9.848907,0.41680908
1398519516560958352,1796941,1398519516136,0.01737976,-9.851288,0.40966797
1398519516566390481,1796941,1398519516137,0.0054779053,-9.8941345,0.45846558
1398519516570846047,1796950,1398519516145,0.0054779053,-9.8941345,0.45846558
1398519516576156106,1796950,1398519516146,0.07093811,-9.8619995,0.47155762
1398519516581527199,1796961,1398519516157,0.06260681,-9.869141,0.41799927
1398519516586776223,1796961,1398519516157,0.0054779053,-9.900085,0.47750854
1398519516590957131,1796970,1398519516166,0.030471802,-9.9131775,0.4656067
1398519516596175637,1796970,1398519516166,0.05189514,-9.86319,0.4560852
1398519516601943459,1796981,1398519516177,0.02571106,-9.839386,0.42514038
1398519516607161965,1796981,1398519516177,0.04951477,-9.86676,0.45370483
1398519516611037697,1796991,1398519516186,0.072128296,-9.906036,0.4727478
1398519516616225686,1796991,1398519516186,0.010238647,-9.848907,0.42990112
1398519516621230568,1797001,1398519516196,0.037612915,-9.857239,0.33587646
1398519516626662697,1797001,1398519516197,0.0030975342,-9.86795,0.46679688
1398519516631331887,1797011,1398519516206,0.056655884,-9.891754,0.48583984
1398519516636764016,1797011,1398519516207,0.026901245,-9.878662,0.43347168
1398519516641524758,1797021,1398519516217,0.01737976,-9.804871,0.47750854
1398519516646987404,1797021,1398519516217,0.026901245,-9.870331,0.41680908
1398519516651473488,1797031,1398519516226,0.06855774,-9.852478,0.36920166
1398519516656905617,1797031,1398519516227,0.050704956,-9.845337,0.4477539
1398519516661696877,1797041,1398519516237,0.061416626,-9.9131775,0.47036743
1398519516667006936,1797041,1398519516237,0.042373657,-9.857239,0.42871094
1398519516671584572,1797051,1398519516247,0.012619019,-9.848907,0.473938
1398519516677047219,1797051,1398519516247,-0.018325806,-9.840576,0.4644165
1398519516682052102,1797062,1398519516257,0.02809143,-9.903656,0.40490723
1398519516687362160,1797062,1398519516257,-0.001663208,-9.892944,0.45489502
1398519516691756691,1797071,1398519516267,0.023330688,-9.878662,0.42990112
1398519516697127785,1797071,1398519516267,0.061416626,-9.847717,0.46917725
1398519516702285256,1797082,1398519516277,0.0054779053,-9.86319,0.40252686
1398519516707595315,1797082,1398519516277,0.045944214,-9.878662,0.45489502
1398519516711898293,1797091,1398519516287,0.022140503,-9.817963,0.41680908
1398519516717238869,1797091,1398519516287,-0.008804321,-9.901276,0.473938
1398519516722487893,1797102,1398519516297,0.08879089,-9.909607,0.45132446
1398519516727706398,1797102,1398519516298,0.04475403,-9.883423,0.42633057
1398519516732009377,1797111,1398519516307,-0.018325806,-9.876282,0.42990112
1398519516737349953,1797111,1398519516307,0.0030975342,-9.856049,0.49179077
1398519516742629494,1797122,1398519516318,0.010238647,-9.828674,0.5120239
1398519516747848000,1797122,1398519516318,0.01499939,-9.840576,0.45132446
1398519516752150979,1797131,1398519516327,-0.00642395,-9.890564,0.42871094
1398519516757491555,1797131,1398519516327,0.054275513,-9.909607,0.46084595
1398519516762771096,1797142,1398519516338,0.07331848,-9.840576,0.4894104
1398519516767989602,1797142,1398519516338,-0.0028533936,-9.833435,0.42514038
1398519516772292580,1797151,1398519516347,7.171631E-4,-9.870331,0.4894104
1398519516777633156,1797152,1398519516347,0.013809204,-9.8619995,0.44180298
1398519516782943215,1797162,1398519516358,0.05189514,-9.8619995,0.3918152
1398519516788222756,1797163,1398519516358,0.0054779053,-9.841766,0.4477539
1398519516792434182,1797172,1398519516367,0.061416626,-9.871521,0.4644165
1398519516797774758,1797172,1398519516367,0.031661987,-9.857239,0.4560852
1398519516803023781,1797182,1398519516378,0.050704956,-9.847717,0.44537354
1398519516808333840,1797183,1398519516378,0.03404236,-9.922699,0.46203613
1398519516812606301,1797192,1398519516387,0.01499939,-9.858429,0.37991333
1398519516817946877,1797192,1398519516387,0.0042877197,-9.885803,0.39300537
1398519516823165383,1797203,1398519516398,0.024520874,-9.878662,0.44537354
1398519516828444924,1797203,1398519516398,0.050704956,-9.858429,0.4310913
1398519516832747902,1797212,1398519516407,0.050704956,-9.858429,0.4310913
1398519516838118996,1797212,1398519516408,-0.018325806,-9.873901,0.46322632
1398519516843276467,1797223,1398519516418,0.031661987,-9.848907,0.4144287
1398519516848586525,1797223,1398519516418,0.030471802,-9.857239,0.4060974
1398519516852889504,1797232,1398519516428,0.030471802,-9.857239,0.4060974
1398519516858230080,1797232,1398519516428,0.093551636,-9.914368,0.47750854
1398519516863448586,1797243,1398519516438,-0.008804321,-9.884613,0.43704224
1398519516868667092,1797243,1398519516439,0.050704956,-9.858429,0.3989563
1398519516873000588,1797252,1398519516448,0.013809204,-9.845337,0.41085815
1398519516878341164,1797252,1398519516448,0.053085327,-9.875092,0.42633057
1398519516883590188,1797263,1398519516459,0.0054779053,-9.857239,0.3918152
1398519516888808693,1797263,1398519516459,0.035232544,-9.814392,0.40014648
1398519516893142190,1797272,1398519516468,0.059036255,-9.903656,0.42752075
1398519516898482766,1797272,1398519516468,0.03404236,-9.854858,0.48464966
1398519516903701272,1797283,1398519516479,0.024520874,-9.8619995,0.49536133
1398519516908919777,1797283,1398519516479,0.010238647,-9.851288,0.4977417
1398519516913314309,1797292,1398519516488,0.042373657,-9.900085,0.39538574
1398519516918654885,1797293,1398519516488,0.01499939,-9.841766,0.42037964
1398519516923812356,1797303,1398519516499,0.04475403,-9.883423,0.46203613
1398519516929061379,1797303,1398519516499,0.020950317,-9.890564,0.46322632
1398519516933425393,1797313,1398519516508,0.043563843,-9.895325,0.48703003
1398519516938827004,1797313,1398519516508,0.023330688,-9.8941345,0.43704224
1398519516943404641,1797318,1398519516514,0.019760132,-9.86319,0.44180298
1398519516948409523,1797324,1398519516519,0.02571106,-9.839386,0.41085815
1398519516953475441,1797329,1398519516524,0.035232544,-9.86795,0.3918152
1398519516958480324,1797336,1398519516531,0.02809143,-9.850098,0.4060974
1398519516963515725,1797339,1398519516534,0.006668091,-9.896515,0.4572754
1398519516968551125,1797346,1398519516541,0.03404236,-9.908417,0.43823242
1398519516973586525,1797347,1398519516543,0.03404236,-9.878662,0.46322632
1398519516978621926,1797356,1398519516552,-0.0076141357,-9.886993,0.43347168
1398519516983657326,1797358,1398519516553,0.009048462,-9.892944,0.42871094
1398519516989821877,1797369,1398519516565,-0.0052337646,-9.835815,0.4810791
1398519516995101418,1797369,1398519516565,0.019760132,-9.854858,0.4656067
1398519516998794045,1797374,1398519516570,0.056655884,-9.871521,0.40847778
1398519517003798928,1797379,1398519516574,0.048324585,-9.850098,0.42037964
1398519517008834328,1797387,1398519516582,0.02809143,-9.846527,0.36801147
1398519517014022316,1797388,1398519516583,0.0554657,-9.854858,0.5072632
1398519517018905129,1797398,1398519516593,0.050704956,-9.889374,0.39419556
1398519517024123635,1797398,1398519516593,0.022140503,-9.853668,0.37872314
1398519517028975930,1797408,1398519516603,0.056655884,-9.86438,0.4072876
1398519517034224953,1797408,1398519516604,-0.00642395,-9.840576,0.46798706
1398519517040267434,1797421,1398519516616,0.026901245,-9.858429,0.45846558
1398519517045485940,1797421,1398519516616,0.030471802,-9.820343,0.42276
1398519517049117531,1797425,1398519516620,0.0042877197,-9.870331,0.4810791
1398519517054152932,1797429,1398519516625,0.01499939,-9.852478,0.44656372
1398519517059310402,1797438,1398519516634,0.012619019,-9.900085,0.46798706
1398519517064620461,1797438,1398519516634,0.023330688,-9.890564,0.390625
1398519517069411721,1797449,1398519516644,0.018569946,-9.914368,0.47750854
1398519517074752297,1797449,1398519516644,0.063797,-9.832245,0.45251465
1398519517079452004,1797459,1398519516654,0.04951477,-9.859619,0.4156189
1398519517084853615,1797459,1398519516654,-0.0076141357,-9.878662,0.43823242
1398519517090041604,1797469,1398519516665,0.05784607,-9.8810425,0.4144287
1398519517095290627,1797471,1398519516666,-0.014755249,-9.891754,0.44418335
1398519517099471535,1797476,1398519516671,0.04475403,-9.919128,0.40966797
1398519517104506936,1797480,1398519516675,0.03404236,-9.831055,0.36920166
1398519517109664406,1797489,1398519516684,-0.0135650635,-9.906036,0.46917725
1398519517115066018,1797489,1398519516685,0.07569885,-9.841766,0.49179077
1398519517119857277,1797499,1398519516695,0.037612915,-9.902466,0.44418335
1398519517125197854,1797499,1398519516695,0.009048462,-9.827484,0.40133667
1398519517129806008,1797509,1398519516705,-0.009994507,-9.882233,0.44418335
1398519517135268654,1797509,1398519516705,0.053085327,-9.860809,0.42037964
1398519517140273537,1797521,1398519516716,0.059036255,-9.871521,0.44299316
1398519517145553078,1797521,1398519516716,0.020950317,-9.869141,0.4489441
1398519517149825539,1797527,1398519516722,0.020950317,-9.869141,0.4489441
1398519517154860940,1797529,1398519516724,0.06736755,-9.908417,0.44180298
1398519517160476174,1797540,1398519516735,0.03404236,-9.8298645,0.38110352
1398519517165694680,1797540,1398519516736,0.006668091,-9.86438,0.40133667
1398519517170089211,1797549,1398519516745,0.048324585,-9.8619995,0.42514038
1398519517175429787,1797549,1398519516745,0.011428833,-9.850098,0.44537354
1398519517180678811,1797560,1398519516756,-0.009994507,-9.792969,0.390625
1398519517185866799,1797560,1398519516756,0.007858276,-9.869141,0.49417114
1398519517190261330,1797569,1398519516765,0.023330688,-9.86438,0.4060974
1398519517195601906,1797570,1398519516766,0.045944214,-9.876282,0.46203613
1398519517200240578,1797579,1398519516775,0.0030975342,-9.859619,0.47869873
1398519517205459084,1797579,1398519516775,0.0388031,-9.86676,0.43823242
1398519517210952248,1797591,1398519516787,0.007858276,-9.875092,0.46203613
1398519517216170754,1797591,1398519516787,0.063797,-9.845337,0.41323853
1398519517220351662,1797598,1398519516793,0.04118347,-9.878662,0.4477539
1398519517225417580,1797599,1398519516795,0.030471802,-9.871521,0.42990112
1398519517231612648,1797611,1398519516807,0.03404236,-9.878662,0.42633057
1398519517236892190,1797611,1398519516807,0.009048462,-9.878662,0.38110352
1398519517240462746,1797618,1398519516813,0.02809143,-9.883423,0.40014648
1398519517245528664,1797621,1398519516816,0.043563843,-9.844147,0.40014648
1398519517250655617,1797630,1398519516826,-0.011184692,-9.852478,0.5072632
1398519517256057229,1797631,1398519516826,0.01499939,-9.897705,0.4656067
1398519517260756936,1797640,1398519516836,0.045944214,-9.902466,0.45489502
1398519517266189065,1797640,1398519516836,-0.0135650635,-9.889374,0.4394226
1398519517271132912,1797651,1398519516846,0.06855774,-9.892944,0.44537354
1398519517276381936,1797651,1398519516847,0.022140503,-9.888184,0.3989563
1398519517280837502,1797660,1398519516855,0.019760132,-9.86557,0.45489502
1398519517286086525,1797660,1398519516856,-0.0135650635,-9.86795,0.46679688
1398519517291579690,1797671,1398519516867,0.018569946,-9.895325,0.4727478
1398519517296859231,1797671,1398519516867,-0.0052337646,-9.838196,0.4144287
1398519517300948586,1797681,1398519516877,0.06022644,-9.907227,0.43585205
1398519517306197609,1797681,1398519516877,0.01737976,-9.86319,0.42514038
1398519517311019387,1797690,1398519516886,0.048324585,-9.8810425,0.4810791
1398519517316359963,1797690,1398519516886,0.03642273,-9.882233,0.42514038
1398519517321700539,1797701,1398519516897,0.012619019,-9.871521,0.41918945
1398519517326888527,1797701,1398519516897,-4.7302246E-4,-9.848907,0.46917725
1398519517331222023,1797711,1398519516906,0.04475403,-9.859619,0.4477539
1398519517336593117,1797711,1398519516907,0.08522034,-9.844147,0.44656372
1398519517341384377,1797721,1398519516916,0.02571106,-9.844147,0.43704224
1398519517346785988,1797721,1398519516917,0.0388031,-9.916748,0.43347168
1398519517351516213,1797733,1398519516928,0.023330688,-9.875092,0.42752075
1398519517357345070,1797733,1398519516929,7.171631E-4,-9.831055,0.4489441
1398519517361312356,1797735,1398519516931,0.01499939,-9.895325,0.4394226
1398519517367568459,1797747,1398519516943,-0.0076141357,-9.859619,0.42752075
1398519517372817482,1797747,1398519516943,-0.008804321,-9.875092,0.46084595
1398519517376418557,1797754,1398519516949,-0.008804321,-9.875092,0.46084595
1398519517381514992,1797756,1398519516951,0.023330688,-9.857239,0.41918945
1398519517387526955,1797767,1398519516963,0.03642273,-9.842957,0.49179077
1398519517392837014,1797767,1398519516963,0.031661987,-9.897705,0.4239502
1398519517396560158,1797774,1398519516970,0.031661987,-9.897705,0.4239502
1398519517401748147,1797776,1398519516972,0.048324585,-9.840576,0.42156982
1398519517407241311,1797787,1398519516982,0.0054779053,-9.886993,0.40133667
1398519517412520852,1797787,1398519516982,0.03404236,-9.857239,0.43823242
1398519517416854348,1797796,1398519516992,0.03404236,-9.857239,0.43823242
1398519517422225441,1797796,1398519516992,0.07807922,-9.856049,0.42752075
1398519517427382912,1797807,1398519517002,0.018569946,-9.853668,0.4239502
1398519517432692971,1797807,1398519517003,0.07926941,-9.878662,0.45489502
1398519517436995949,1797816,1398519517012,0.07926941,-9.878662,0.45489502
1398519517442367043,1797816,1398519517012,0.009048462,-9.828674,0.45370483
1398519517447524514,1797827,1398519517023,0.026901245,-9.879852,0.42037964
1398519517452743020,1797827,1398519517023,0.06260681,-9.851288,0.41085815
1398519517457107033,1797836,1398519517032,0.054275513,-9.870331,0.47036743
1398519517462447609,1797836,1398519517032,0.020950317,-9.848907,0.4727478
1398519517467666115,1797847,1398519517043,0.016189575,-9.8619995,0.39419556
1398519517472884621,1797847,1398519517043,0.010238647,-9.891754,0.4810791
1398519517477279152,1797857,1398519517053,0.0019073486,-9.895325,0.42276
1398519517482619729,1797857,1398519517053,0.04118347,-9.86319,0.3977661
1398519517487527571,1797866,1398519517062,0.031661987,-9.956024,0.43585205
1398519517492868147,1797867,1398519517062,0.018569946,-9.883423,0.42156982
1398519517498330794,1797878,1398519517073,0.05784607,-9.860809,0.42037964
1398519517503549300,1797878,1398519517073,0.0042877197,-9.842957,0.4822693
1398519517507608137,1797886,1398519517082,0.02571106,-9.847717,0.39657593
1398519517512857161,1797887,1398519517082,0.061416626,-9.883423,0.48583984
1398519517518747053,1797898,1398519517094,0.011428833,-9.8810425,0.42276
1398519517524057112,1797898,1398519517094,0.024520874,-9.895325,0.48464966
1398519517527719221,1797905,1398519517101,0.0042877197,-9.884613,0.43347168
1398519517532876692,1797907,1398519517102,0.018569946,-9.904846,0.41680908
1398519517538522444,1797918,1398519517113,0.01737976,-9.895325,0.4156189
1398519517543832503,1797918,1398519517114,0.032852173,-9.834625,0.47869873
1398519517547891341,1797927,1398519517122,0.009048462,-9.844147,0.4489441
1398519517553170882,1797927,1398519517122,0.037612915,-9.846527,0.44537354
1398519517559030257,1797938,1398519517134,0.006668091,-9.8941345,0.53344727
1398519517564309798,1797938,1398519517134,0.0471344,-9.886993,0.38705444
1398519517568002425,1797945,1398519517141,0.0054779053,-9.823914,0.4810791
1398519517573159895,1797947,1398519517143,0.0054779053,-9.889374,0.506073
1398519517578836165,1797958,1398519517154,0.03404236,-9.872711,0.4322815
1398519517584115706,1797958,1398519517154,-0.019515991,-9.898895,0.4406128
1398519517588174544,1797967,1398519517163,0.054275513,-9.915558,0.36444092
1398519517593423567,1797967,1398519517163,0.02809143,-9.845337,0.4322815
1398519517599313460,1797979,1398519517174,0.023330688,-9.883423,0.4060974
1398519517604531966,1797979,1398519517174,0.02809143,-9.852478,0.43347168
1398519517608316145,1797986,1398519517182,0.0042877197,-9.8619995,0.40490723
1398519517613473616,1797987,1398519517183,0.07569885,-9.870331,0.42752075
1398519517619638167,1797999,1398519517194,0.037612915,-9.86795,0.42156982
1398519517624856673,1797999,1398519517195,0.050704956,-9.879852,0.47750854
1398519517628457747,1798006,1398519517201,0.032852173,-9.847717,0.42990112
1398519517633523665,1798007,1398519517203,0.011428833,-9.892944,0.4977417
1398519517639566145,1798019,1398519517214,0.006668091,-9.911987,0.4406128
1398519517644784651,1798019,1398519517215,0.03404236,-9.909607,0.38586426
1398519517648599348,1798026,1398519517222,0.031661987,-9.877472,0.47869873
1398519517653756819,1798027,1398519517223,0.0388031,-9.870331,0.39419556
1398519517659921370,1798039,1398519517235,0.011428833,-9.86438,0.45132446
1398519517665139876,1798039,1398519517235,0.04118347,-9.821533,0.47155762
1398519517668740950,1798046,1398519517242,0.04118347,-9.821533,0.47155762
1398519517673837385,1798048,1398519517243,0.016189575,-9.86438,0.49298096
1398519517679666243,1798059,1398519517255,0.013809204,-9.8619995,0.42871094
1398519517684976301,1798059,1398519517255,-0.024276733,-9.8941345,0.44418335
1398519517688852034,1798068,1398519517263,-0.024276733,-9.8941345,0.44418335
1398519517694070540,1798068,1398519517263,0.0042877197,-9.872711,0.46917725
1398519517700113020,1798079,1398519517275,0.04475403,-9.86319,0.47631836
1398519517705423079,1798081,1398519517276,0.023330688,-9.841766,0.46084595
1398519517709024153,1798084,1398519517279,0.023330688,-9.841766,0.46084595
1398519517714029036,1798089,1398519517285,0.031661987,-9.850098,0.45370483
1398519517719064436,1798098,1398519517293,0.0030975342,-9.889374,0.41323853
1398519517724313460,1798098,1398519517293,0.013809204,-9.847717,0.3918152
1398519517729135237,1798108,1398519517304,0.013809204,-9.847717,0.3918152
1398519517734384260,1798108,1398519517304,0.0388031,-9.879852,0.46679688
1398519517739236555,1798118,1398519517314,0.043563843,-9.844147,0.44537354
1398519517744455061,1798118,1398519517314,-0.0076141357,-9.845337,0.4489441
1398519517750344954,1798131,1398519517326,0.03404236,-9.886993,0.47988892
1398519517755563460,1798131,1398519517326,0.05189514,-9.882233,0.36206055
1398519517759378157,1798134,1398519517330,0.048324585,-9.779877,0.44299316
1398519517764383040,1798139,1398519517335,0.0471344,-9.859619,0.3822937
1398519517769540510,1798148,1398519517344,0.02571106,-9.858429,0.41799927
1398519517774881087,1798149,1398519517344,0.016189575,-9.851288,0.43823242
1398519517779611311,1798159,1398519517354,0.037612915,-9.891754,0.43585205
1398519517784982405,1798159,1398519517354,0.045944214,-9.8941345,0.40252686
1398519517789712630,1798169,1398519517364,0.039993286,-9.842957,0.4060974
1398519517795083723,1798169,1398519517364,0.04951477,-9.873901,0.40847778
1398519517800241194,1798179,1398519517375,-0.012374878,-9.8619995,0.45489502
1398519517805459700,1798181,1398519517376,0.039993286,-9.86438,0.38110352
1398519517809701643,1798187,1398519517382,0.020950317,-9.882233,0.41680908
1398519517814737044,1798188,1398519517384,0.020950317,-9.8619995,0.4394226
1398519517820016585,1798199,1398519517395,0.02809143,-9.850098,0.4394226
1398519517825479231,1798199,1398519517395,0.007858276,-9.86319,0.42037964
1398519517830148421,1798209,1398519517405,0.010238647,-9.807251,0.44537354
1398519517835427962,1798210,1398519517405,0.020950317,-9.871521,0.4560852
1398519517840036116,1798219,1398519517415,0.029281616,-9.851288,0.44180298
1398519517845498762,1798219,1398519517415,-0.0052337646,-9.883423,0.4144287
1398519517850351057,1798231,1398519517426,-4.7302246E-4,-9.857239,0.3989563
1398519517855630598,1798231,1398519517426,0.035232544,-9.838196,0.48464966
1398519517860055647,1798237,1398519517433,0.035232544,-9.86676,0.46203613
1398519517865091048,1798239,1398519517434,0.06855774,-9.860809,0.3894348
1398519517870706282,1798250,1398519517446,0.029281616,-9.854858,0.41680908
1398519517876016341,1798250,1398519517446,0.013809204,-9.910797,0.49417114
1398519517880349837,1798259,1398519517455,-0.00642395,-9.890564,0.45846558
1398519517885720930,1798260,1398519517455,0.016189575,-9.885803,0.4489441
1398519517890878401,1798270,1398519517466,-0.0028533936,-9.86438,0.44656372
1398519517896096907,1798270,1398519517466,0.04951477,-9.860809,0.40966797
1398519517900491438,1798279,1398519517475,0.011428833,-9.885803,0.4072876
1398519517905832014,1798281,1398519517476,0.026901245,-9.878662,0.4572754
1398519517910501204,1798289,1398519517485,-0.004043579,-9.840576,0.42752075
1398519517915750227,1798289,1398519517485,-0.015945435,-9.856049,0.46203613
1398519517921273909,1798301,1398519517496,0.0042877197,-9.832245,0.37753296
1398519517926553450,1798301,1398519517496,0.050704956,-9.869141,0.4394226
1398519517930551253,1798309,1398519517505,0.053085327,-9.842957,0.40252686
1398519517935769759,1798310,1398519517505,0.01499939,-9.850098,0.4894104
1398519517941781721,1798321,1398519517517,0.02571106,-9.890564,0.40966797
1398519517947000227,1798321,1398519517517,0.031661987,-9.857239,0.44656372
1398519517950723372,1798328,1398519517524,0.031661987,-9.857239,0.44656372
1398519517955819807,1798331,1398519517526,-0.008804321,-9.896515,0.4394226
1398519517960885725,1798340,1398519517536,0.03642273,-9.850098,0.4072876
1398519517966287337,1798340,1398519517536,0.023330688,-9.854858,0.47512817
1398519517971444807,1798351,1398519517546,0.05189514,-9.875092,0.44537354
1398519517976785384,1798351,1398519517547,0.020950317,-9.892944,0.42156982
1398519517980996809,1798360,1398519517556,0.020950317,-9.892944,0.42156982
1398519517986367903,1798360,1398519517556,0.02571106,-9.858429,0.40490723
1398519517991586409,1798371,1398519517566,0.020950317,-9.8619995,0.42871094
1398519517996896468,1798371,1398519517567,0.045944214,-9.850098,0.45013428
1398519518001199446,1798381,1398519517577,0.045944214,-9.850098,0.45013428
1398519518006570540,1798381,1398519517577,0.043563843,-9.845337,0.4406128
1398519518011178694,1798390,1398519517586,0.043563843,-9.845337,0.4406128
1398519518016488753,1798390,1398519517586,0.03642273,-9.86438,0.43466187
1398519518021890364,1798402,1398519517597,0.03642273,-9.901276,0.40014648
1398519518027169905,1798402,1398519517597,0.06736755,-9.854858,0.41918945
1398519518031289778,1798409,1398519517604,0.02571106,-9.852478,0.45013428
1398519518036325178,1798410,1398519517606,0.04951477,-9.871521,0.41204834
1398519518042611800,1798422,1398519517617,7.171631E-4,-9.885803,0.47155762
1398519518047830305,1798422,1398519517618,-0.001663208,-9.828674,0.45013428
1398519518051400862,1798429,1398519517624,0.026901245,-9.890564,0.38824463
1398519518056466780,1798430,1398519517626,0.06736755,-9.850098,0.40490723
1398519518062600813,1798442,1398519517637,0.04951477,-9.938171,0.3894348
1398519518067819319,1798442,1398519517638,0.06260681,-9.870331,0.3656311
1398519518071603499,1798449,1398519517645,-0.004043579,-9.877472,0.49893188
1398519518076730452,1798451,1398519517646,0.05189514,-9.875092,0.51797485
1398519518082193098,1798461,1398519517657,0.023330688,-9.86676,0.4477539
1398519518087411604,1798462,1398519517657,0.0054779053,-9.838196,0.4156189
1398519518091806135,1798472,1398519517667,0.029281616,-9.933411,0.44180298
1398519518097177229,1798472,1398519517667,-0.0135650635,-9.900085,0.45846558
1398519518101876936,1798481,1398519517676,0.0388031,-9.856049,0.37872314
1398519518107248030,1798481,1398519517677,0.029281616,-9.858429,0.47631836
1398519518112466536,1798492,1398519517688,0.013809204,-9.882233,0.44180298
1398519518117868147,1798492,1398519517688,0.03404236,-9.921509,0.3572998
1398519518121926985,1798501,1398519517696,-0.012374878,-9.885803,0.42514038
1398519518127176009,1798501,1398519517697,-0.021896362,-9.902466,0.40252686
1398519518132730208,1798512,1398519517708,0.026901245,-9.8298645,0.4477539
1398519518138009749,1798512,1398519517708,-4.7302246E-4,-9.884613,0.42871094
1398519518142068587,1798522,1398519517717,0.02571106,-9.898895,0.39419556
1398519518147317610,1798522,1398519517717,0.02809143,-9.885803,0.40014648
1398519518152261458,1798532,1398519517728,0.0054779053,-9.846527,0.44180298
1398519518157998762,1798532,1398519517728,0.022140503,-9.838196,0.45370483
1398519518162301741,1798542,1398519517738,0.0042877197,-9.877472,0.4560852
1398519518168039046,1798542,1398519517738,0.02809143,-9.834625,0.44180298
1398519518172372542,1798552,1398519517748,0.043563843,-9.889374,0.43585205
1398519518178048811,1798552,1398519517748,0.01737976,-9.827484,0.45965576
1398519518182473860,1798562,1398519517757,0.023330688,-9.9131775,0.3989563
1398519518187875471,1798562,1398519517757,-0.0028533936,-9.844147,0.43704224
1398519518192971907,1798572,1398519517768,0.104263306,-9.897705,0.5155945
1398519518198190413,1798572,1398519517768,-0.0076141357,-9.873901,0.39657593
1398519518202615462,1798582,1398519517777,0.056655884,-9.839386,0.44299316
1398519518207986555,1798582,1398519517777,0.006668091,-9.831055,0.45013428
1398519518213174544,1798592,1398519517788,0.03642273,-9.844147,0.4310913
1398519518218393050,1798593,1398519517788,0.043563843,-9.825104,0.4239502
1398519518222726546,1798602,1398519517797,0.019760132,-9.847717,0.5203552
1398519518228067122,1798602,1398519517797,0.0042877197,-9.906036,0.39300537
1398519518233316145,1798613,1398519517808,0.09593201,-9.882233,0.38705444
1398519518238534651,1798613,1398519517808,0.009048462,-9.888184,0.41680908
1398519518242868147,1798622,1398519517817,0.032852173,-9.873901,0.45013428
1398519518248208723,1798622,1398519517818,0.05189514,-9.852478,0.3918152
1398519518253427229,1798633,1398519517828,0.020950317,-9.833435,0.45965576
1398519518258645735,1798633,1398519517828,0.03642273,-9.895325,0.42633057
1398519518263009749,1798642,1398519517838,0.061416626,-9.835815,0.40133667
1398519518268411360,1798642,1398519517838,0.037612915,-9.839386,0.46679688
1398519518273599348,1798653,1398519517849,0.0042877197,-9.846527,0.38110352
1398519518278878889,1798653,1398519517849,0.020950317,-9.883423,0.4310913
1398519518283181868,1798663,1398519517859,0.020950317,-9.883423,0.4310913
1398519518288552962,1798663,1398519517859,0.037612915,-9.845337,0.4810791
1398519518293234889,1798672,1398519517868,0.037612915,-9.845337,0.4810791
1398519518298605982,1798672,1398519517868,0.0388031,-9.856049,0.45370483
1398519518303793971,1798683,1398519517879,0.053085327,-9.851288,0.40371704
1398519518309073512,1798683,1398519517879,-0.008804321,-9.854858,0.4477539
1398519518313376490,1798692,1398519517888,0.032852173,-9.886993,0.45132446
1398519518318747584,1798693,1398519517888,0.0554657,-9.846527,0.43585205
1398519518323905055,1798703,1398519517899,0.061416626,-9.86557,0.4239502
1398519518329215113,1798703,1398519517899,0.011428833,-9.844147,0.46917725
1398519518333518092,1798713,1398519517908,0.054275513,-9.846527,0.47631836
1398519518338858668,1798713,1398519517908,0.007858276,-9.8298645,0.49893188
1398519518344107691,1798723,1398519517919,0.032852173,-9.919128,0.49417114
1398519518349326197,1798724,1398519517919,0.0471344,-9.854858,0.4156189
1398519518353659693,1798733,1398519517928,0.018569946,-9.854858,0.46917725
1398519518359000270,1798733,1398519517928,0.03404236,-9.842957,0.4644165
1398519518364249293,1798744,1398519517939,-0.01713562,-9.86319,0.4977417
1398519518369467799,1798744,1398519517939,0.0030975342,-9.8619995,0.40252686
1398519518373801295,1798753,1398519517948,0.020950317,-9.871521,0.43347168
1398519518379141871,1798753,1398519517949,7.171631E-4,-9.910797,0.5155945
1398519518384421412,1798764,1398519517959,0.035232544,-9.872711,0.42037964
1398519518389639918,1798764,1398519517959,-0.0052337646,-9.883423,0.5001221
1398519518393912379,1798773,1398519517969,-0.020706177,-9.8619995,0.4894104
1398519518399252955,1798773,1398519517969,0.031661987,-9.909607,0.4572754
1398519518404563014,1798784,1398519517980,-0.004043579,-9.86795,0.42156982
1398519518409873072,1798784,1398519517980,0.016189575,-9.889374,0.42752075
1398519518414053980,1798793,1398519517989,0.029281616,-9.904846,0.36444092
1398519518419394557,1798793,1398519517989,0.0388031,-9.879852,0.39538574
1398519518424674098,1798804,1398519518000,0.010238647,-9.856049,0.41323853
1398519518429984156,1798804,1398519518000,0.03642273,-9.882233,0.50250244
1398519518434226100,1798813,1398519518009,0.010238647,-9.901276,0.41680908
1398519518439566676,1798813,1398519518009,0.06617737,-9.879852,0.44299316
1398519518444785182,1798824,1398519518020,0.011428833,-9.8941345,0.47750854
1398519518450064723,1798824,1398519518020,0.0388031,-9.8619995,0.44418335
1398519518454367701,1798833,1398519518029,0.035232544,-9.86795,0.45251465
1398519518459738795,1798834,1398519518029,0.006668091,-9.848907,0.42514038
1398519518464896266,1798844,1398519518040,0.0042877197,-9.886993,0.44656372
1398519518470206324,1798844,1398519518040,0.020950317,-9.877472,0.4727478
1398519518474509303,1798854,1398519518049,0.0388031,-9.842957,0.4489441
1398519518479849879,1798854,1398519518049,0.0054779053,-9.873901,0.42752075
1398519518485037867,1798864,1398519518060,0.020950317,-9.844147,0.4822693
1398519518490256373,1798864,1398519518060,0.007858276,-9.919128,0.48345947
1398519518494620387,1798874,1398519518069,0.037612915,-9.826294,0.4477539
1398519518499991480,1798874,1398519518069,0.050704956,-9.882233,0.46917725
1398519518505209986,1798885,1398519518080,0.069747925,-9.898895,0.4822693
1398519518510428492,1798885,1398519518080,0.0554657,-9.839386,0.4977417
1398519518514761988,1798894,1398519518089,0.01499939,-9.851288,0.39419556
1398519518520102564,1798894,1398519518090,0.013809204,-9.892944,0.3572998
1398519518525321070,1798905,1398519518100,0.012619019,-9.910797,0.43347168
1398519518530539576,1798905,1398519518100,0.019760132,-9.886993,0.44418335
1398519518534934107,1798914,1398519518110,0.0471344,-9.885803,0.5036926
1398519518540274684,1798914,1398519518110,0.030471802,-9.876282,0.4977417
1398519518545462672,1798925,1398519518120,0.007858276,-9.871521,0.48583984
1398519518550681178,1798925,1398519518120,0.022140503,-9.86676,0.47155762
1398519518555045191,1798934,1398519518130,-0.00642395,-9.907227,0.42752075
1398519518560446803,1798934,1398519518130,0.04475403,-9.86676,0.42990112
1398519518565604273,1798945,1398519518141,0.04475403,-9.886993,0.3751526
1398519518570914332,1798945,1398519518141,0.032852173,-9.904846,0.473938
1398519518575217311,1798954,1398519518150,0.032852173,-9.904846,0.473938
1398519518580588404,1798954,1398519518150,0.0471344,-9.845337,0.4394226
1398519518585745875,1798965,1398519518161,0.0471344,-9.856049,0.45013428
1398519518591055934,1798965,1398519518161,0.0042877197,-9.848907,0.40252686
1398519518595358912,1798974,1398519518170,0.0042877197,-9.848907,0.40252686
1398519518600730006,1798975,1398519518170,0.03642273,-9.848907,0.42514038
1398519518605887477,1798985,1398519518181,0.009048462,-9.882233,0.4644165
1398519518611197535,1798985,1398519518181,0.009048462,-9.819153,0.47631836
1398519518615500514,1798995,1398519518190,0.05189514,-9.841766,0.45013428
1398519518620871607,1798995,1398519518190,0.030471802,-9.882233,0.45846558
1398519518626029078,1799005,1398519518201,-0.011184692,-9.856049,0.4406128
1398519518631247584,1799006,1398519518201,0.12211609,-9.820343,0.4310913
1398519518635611598,1799015,1398519518210,0.026901245,-9.838196,0.47750854
1398519518640952174,1799015,1398519518210,0.012619019,-9.898895,0.4239502
1398519518646170680,1799026,1398519518221,0.030471802,-9.898895,0.48583984
1398519518651419703,1799026,1398519518221,0.0388031,-9.852478,0.4406128
1398519518655753199,1799035,1398519518230,0.024520874,-9.8941345,0.40847778
1398519518661093775,1799035,1398519518231,0.0019073486,-9.903656,0.4810791
1398519518666312281,1799046,1398519518241,0.035232544,-9.915558,0.46917725
1398519518671530787,1799046,1398519518241,0.07093811,-9.870331,0.3572998
1398519518675894801,1799055,1398519518251,0.032852173,-9.9453125,0.3989563
1398519518681235377,1799055,1398519518251,-0.00642395,-9.86557,0.40014648
1398519518686453883,1799066,1398519518261,0.026901245,-9.870331,0.44299316
1398519518691672389,1799066,1398519518262,0.029281616,-9.882233,0.37277222
1398519518696036402,1799075,1398519518271,-0.0028533936,-9.86319,0.45846558
1398519518701438014,1799075,1398519518271,0.01737976,-9.876282,0.3918152
1398519518706595484,1799086,1398519518282,0.03642273,-9.846527,0.3894348
1398519518711875025,1799086,1398519518282,0.037612915,-9.853668,0.44537354
1398519518716208521,1799095,1398519518291,0.019760132,-9.901276,0.3894348
1398519518721579615,1799095,1398519518291,0.024520874,-9.857239,0.44180298
1398519518726737086,1799106,1398519518302,0.009048462,-9.823914,0.39657593
1398519518732047145,1799106,1398519518302,-0.0135650635,-9.845337,0.47036743
1398519518736350123,1799115,1398519518311,-0.01713562,-9.877472,0.44656372
1398519518741721217,1799116,1398519518311,0.04475403,-9.835815,0.53344727
1398519518746878688,1799126,1398519518322,-0.018325806,-9.902466,0.42633057
1398519518752188746,1799126,1398519518322,0.02809143,-9.840576,0.41918945
1398519518756491725,1799136,1398519518331,-0.033798218,-9.895325,0.42514038
1398519518761862818,1799136,1398519518331,0.045944214,-9.898895,0.4072876
1398519518767020289,1799146,1398519518342,0.012619019,-9.851288,0.42633057
1398519518772299830,1799147,1398519518342,0.08879089,-9.888184,0.38824463
1398519518776633326,1799156,1398519518351,0.011428833,-9.877472,0.39419556
1398519518781973902,1799156,1398519518351,0.059036255,-9.889374,0.4072876
1398519518787222926,1799167,1398519518362,0.03642273,-9.8941345,0.46203613
1398519518792441432,1799167,1398519518362,0.02571106,-9.890564,0.43466187
1398519518796774928,1799176,1398519518371,0.018569946,-9.878662,0.42871094
1398519518802115504,1799176,1398519518372,-0.015945435,-9.854858,0.46203613
1398519518807395045,1799187,1398519518382,-0.001663208,-9.86676,0.4322815
1398519518812613551,1799187,1398519518382,0.0388031,-9.810822,0.5072632
1398519518816886012,1799196,1398519518392,7.171631E-4,-9.831055,0.42990112
1398519518822226588,1799196,1398519518392,-0.019515991,-9.854858,0.42514038
1398519518827536646,1799207,1398519518402,0.07331848,-9.950073,0.4406128
1398519518832755152,1799207,1398519518403,0.029281616,-9.854858,0.44418335
1398519518836997096,1799216,1398519518412,0.029281616,-9.839386,0.3739624
1398519518842337672,1799216,1398519518412,-0.018325806,-9.882233,0.4310913
1398519518847769801,1799227,1398519518423,0.061416626,-9.846527,0.45370483
1398519518853079859,1799227,1398519518423,0.0471344,-9.860809,0.4810791
1398519518857077662,1799231,1398519518427,0.0471344,-9.860809,0.4810791
1398519518862967555,1799242,1398519518438,0.035232544,-9.883423,0.40133667
1398519518868247096,1799243,1398519518438,0.037612915,-9.883423,0.47155762
1398519518872183863,1799251,1398519518447,0.037612915,-9.883423,0.47155762
1398519518877402369,1799251,1398519518447,0.04118347,-9.869141,0.48583984
1398519518883353297,1799263,1398519518458,0.020950317,-9.820343,0.41680908
1398519518888632838,1799263,1398519518458,-0.04093933,-9.854858,0.4882202
1398519518892325465,1799271,1398519518467,0.029281616,-9.853668,0.42276
1398519518897482936,1799272,1398519518467,-4.7302246E-4,-9.892944,0.47750854
1398519518903128688,1799282,1398519518478,0.0030975342,-9.831055,0.4239502
1398519518908133570,1799282,1398519518478,0.020950317,-9.854858,0.53582764
1398519518912589137,1799292,1398519518488,0.043563843,-9.835815,0.44537354
1398519518918143336,1799292,1398519518488,0.042373657,-9.872711,0.47750854
1398519518922782008,1799302,1398519518498,0.03642273,-9.873901,0.45965576
1398519518928183619,1799302,1398519518498,0.026901245,-9.869141,0.45013428
1398519518932883326,1799312,1398519518508,0.05189514,-9.873901,0.44180298
1398519518938284938,1799312,1398519518508,0.039993286,-9.892944,0.43466187
1398519518942923609,1799323,1398519518519,0.02571106,-9.844147,0.3989563
1398519518948325221,1799323,1398519518519,0.072128296,-9.923889,0.43585205
1398519518952719752,1799328,1398519518523,7.171631E-4,-9.882233,0.47036743
1398519518957755152,1799333,1398519518529,0.029281616,-9.876282,0.41680908
1398519518962790553,1799338,1398519518533,0.023330688,-9.876282,0.3751526
1398519518967825953,1799343,1398519518539,0.030471802,-9.856049,0.41680908
1398519518972861354,1799348,1398519518543,0.061416626,-9.846527,0.38467407
1398519518977896754,1799353,1398519518549,0.011428833,-9.875092,0.44656372
1398519518982962672,1799362,1398519518557,0.0054779053,-9.870331,0.4322815
1398519518988181178,1799362,1398519518558,0.019760132,-9.852478,0.40847778
1398519518994071070,1799373,1398519518569,0.0019073486,-9.876282,0.43704224
1398519518999350611,1799374,1398519518569,0.018569946,-9.870331,0.47155762
1398519519003104273,1799381,1398519518576,0.043563843,-9.892944,0.43466187
1398519519008261744,1799383,1398519518578,-0.025466919,-9.814392,0.38467407
1398519519013724391,1799393,1398519518589,0.042373657,-9.877472,0.47036743
1398519519019003932,1799393,1398519518589,0.016189575,-9.878662,0.45251465
1398519519023367945,1799403,1398519518598,-0.0028533936,-9.869141,0.38824463
1398519519028739039,1799403,1398519518598,-0.009994507,-9.86438,0.43466187
1398519519033927027,1799413,1398519518609,0.0054779053,-9.86795,0.46679688
1398519519039176051,1799413,1398519518609,0.013809204,-9.860809,0.4394226
1398519519043479029,1799423,1398519518618,0.011428833,-9.890564,0.41799927
1398519519048850123,1799423,1398519518618,0.045944214,-9.888184,0.45251465
1398519519054038111,1799433,1398519518629,0.024520874,-9.875092,0.37277222
1398519519059287135,1799434,1398519518629,0.043563843,-9.853668,0.43347168
1398519519063620631,1799443,1398519518638,0.032852173,-9.844147,0.44299316
1398519519068961207,1799443,1398519518638,0.01737976,-9.8619995,0.42156982
1398519519074179713,1799454,1398519518649,0.06260681,-9.879852,0.44537354
1398519519079367701,1799454,1398519518649,0.06855774,-9.856049,0.40490723
1398519519083762232,1799463,1398519518658,0.050704956,-9.850098,0.473938
1398519519089102809,1799463,1398519518659,0.039993286,-9.920319,0.4394226
1398519519094412867,1799474,1398519518669,-0.0076141357,-9.821533,0.44418335
1398519519099600855,1799474,1398519518670,0.02571106,-9.873901,0.41323853
1398519519103903834,1799483,1398519518679,-0.03855896,-9.908417,0.4560852
1398519519109213893,1799483,1398519518679,0.02809143,-9.903656,0.4310913
1398519519114676539,1799494,1398519518690,0.09474182,-9.882233,0.4310913
1398519519119864527,1799494,1398519518690,0.016189575,-9.8941345,0.4144287
1398519519123984400,1799503,1398519518698,0.016189575,-9.8941345,0.4144287
1398519519129202906,1799503,1398519518699,0.01737976,-9.878662,0.4727478
1398519519135153834,1799515,1398519518710,0.016189575,-9.923889,0.47631836
1398519519140372340,1799515,1398519518710,0.043563843,-9.86795,0.35849
1398519519144064967,1799522,1398519518717,0.043563843,-9.86795,0.35849
1398519519149252955,1799523,1398519518719,0.012619019,-9.860809,0.40014648
1398519519154898707,1799534,1398519518730,0.037612915,-9.883423,0.44418335
1398519519160178248,1799535,1398519518730,0.020950317,-9.890564,0.4322815
1398519519164267604,1799543,1398519518739,0.020950317,-9.890564,0.4322815
1398519519169486109,1799543,1398519518739,0.07093811,-9.910797,0.53463745
1398519519175345484,1799555,1398519518750,0.020950317,-9.919128,0.43466187
1398519519180625025,1799555,1398519518751,7.171631E-4,-9.857239,0.46084595
1398519519184348170,1799562,1398519518757,0.043563843,-9.9131775,0.37991333
1398519519189536158,1799564,1398519518759,0.037612915,-9.841766,0.44299316
1398519519195090357,1799575,1398519518770,-0.012374878,-9.860809,0.40133667
1398519519200369898,1799575,1398519518770,0.022140503,-9.814392,0.46322632
1398519519204581324,1799584,1398519518779,0.0042877197,-9.873901,0.48703003
1398519519209952418,1799584,1398519518779,0.043563843,-9.908417,0.4156189
1398519519215201441,1799595,1398519518790,0.01499939,-9.873901,0.38824463
1398519519220389430,1799595,1398519518790,0.056655884,-9.835815,0.43466187
1398519519224753443,1799604,1398519518799,0.013809204,-9.908417,0.41918945
1398519519230094020,1799604,1398519518800,0.018569946,-9.827484,0.4477539
1398519519235404078,1799615,1398519518810,0.04118347,-9.879852,0.38824463
1398519519240592066,1799615,1398519518810,0.020950317,-9.831055,0.48583984
1398519519244925563,1799624,1398519518820,0.022140503,-9.883423,0.46084595
1398519519250266139,1799624,1398519518820,0.03404236,-9.856049,0.38586426
1398519519255454127,1799635,1398519518830,0.045944214,-9.828674,0.44418335
1398519519260642115,1799635,1398519518831,0.03404236,-9.850098,0.44299316
1398519519265067164,1799644,1398519518840,0.043563843,-9.86795,0.38110352
1398519519270407740,1799644,1398519518840,0.054275513,-9.925079,0.40133667
1398519519275626246,1799655,1398519518851,-0.004043579,-9.891754,0.43823242
1398519519280814234,1799655,1398519518851,0.01737976,-9.876282,0.40371704
1398519519285208766,1799664,1398519518860,-0.014755249,-9.860809,0.47631836
1398519519290579859,1799665,1398519518860,0.030471802,-9.8619995,0.44180298
1398519519295737330,1799675,1398519518871,0.02809143,-9.908417,0.5215454
1398519519301016871,1799675,1398519518871,0.031661987,-9.834625,0.43466187
1398519519305319850,1799684,1398519518880,0.02809143,-9.840576,0.4406128
1398519519310690943,1799685,1398519518880,-0.0028533936,-9.900085,0.4644165
1398519519315909449,1799695,1398519518891,0.030471802,-9.835815,0.4572754
1398519519321188990,1799696,1398519518891,-0.023086548,-9.879852,0.43466187
1398519519325461451,1799705,1398519518900,0.010238647,-9.901276,0.45013428
1398519519330832545,1799705,1398519518900,0.035232544,-9.877472,0.43585205
1398519519336020533,1799715,1398519518911,0.006668091,-9.860809,0.47988892
1398519519341300074,1799716,1398519518911,0.020950317,-9.859619,0.37753296
1398519519345603053,1799725,1398519518920,0.01737976,-9.901276,0.45846558
1398519519350974146,1799725,1398519518920,0.01499939,-9.906036,0.4144287
1398519519356162135,1799736,1398519518931,0.01499939,-9.895325,0.46084595
1398519519361411158,1799736,1398519518931,0.020950317,-9.853668,0.4477539
1398519519365775172,1799745,1398519518940,0.04951477,-9.851288,0.45489502
1398519519371115748,1799745,1398519518941,0.04951477,-9.916748,0.39419556
1398519519376303736,1799756,1398519518951,0.013809204,-9.869141,0.44656372
1398519519381491725,1799756,1398519518951,0.023330688,-9.875092,0.42156982
1398519519385916773,1799765,1398519518961,0.01499939,-9.884613,0.4489441
1398519519391257350,1799765,1398519518961,0.029281616,-9.901276,0.45489502
1398519519396414820,1799776,1398519518971,-0.0135650635,-9.903656,0.47869873
1398519519401633326,1799776,1398519518972,0.0554657,-9.845337,0.38110352
1398519519406058375,1799785,1398519518981,0.035232544,-9.838196,0.43466187
1398519519411398951,1799785,1398519518981,0.07926941,-9.835815,0.4560852
1398519519416617457,1799796,1398519518992,0.022140503,-9.902466,0.5001221
1398519519421805445,1799796,1398519518992,0.043563843,-9.851288,0.47036743
1398519519426199977,1799805,1398519519001,0.043563843,-9.851288,0.47036743
1398519519431540553,1799805,1398519519001,0.04118347,-9.804871,0.45846558
1398519519436759059,1799816,1398519519012,0.063797,-9.870331,0.43704224
1398519519442038600,1799816,1398519519012,0.018569946,-9.822723,0.47036743
1398519519446341578,1799826,1398519519021,0.018569946,-9.822723,0.47036743
1398519519451712672,1799826,1398519519021,-0.001663208,-9.845337,0.4322815
1398519519456900660,1799836,1398519519032,0.039993286,-9.86676,0.44537354
1398519519462149684,1799837,1398519519032,0.016189575,-9.86438,0.51678467
1398519519466452662,1799846,1398519519041,0.032852173,-9.86795,0.44656372
1398519519471823756,1799846,1398519519041,-0.015945435,-9.870331,0.4156189
1398519519476431910,1799853,1398519519048,0.06617737,-9.820343,0.40847778
1398519519481436793,1799857,1398519519052,0.011428833,-9.854858,0.47036743
1398519519486472193,1799860,1398519519056,0.024520874,-9.877472,0.44537354
1398519519492789332,1799872,1398519519068,0.06617737,-9.86438,0.4239502
1398519519497977320,1799872,1398519519068,0.023330688,-9.852478,0.4310913
1398519519501608912,1799879,1398519519075,0.053085327,-9.859619,0.4239502
1398519519506735865,1799880,1398519519076,0.03642273,-9.888184,0.45251465
1398519519512930934,1799892,1398519519088,0.05189514,-9.885803,0.45965576
1398519519518149439,1799892,1398519519088,0.07688904,-9.890564,0.47631836
1398519519521750514,1799899,1398519519095,0.035232544,-9.890564,0.41918945
1398519519526816432,1799901,1398519519096,0.024520874,-9.908417,0.5072632
1398519519532919947,1799912,1398519519108,0.01737976,-9.888184,0.43585205
1398519519538138453,1799912,1398519519108,-0.014755249,-9.854858,0.5144043
1398519519541892115,1799921,1398519519117,0.013809204,-9.844147,0.46679688
1398519519547049586,1799921,1398519519117,0.04118347,-9.883423,0.44180298
1398519519552512232,1799932,1398519519128,0.030471802,-9.891754,0.45965576
1398519519557791773,1799932,1398519519128,0.0042877197,-9.815582,0.40014648
1398519519562155787,1799942,1398519519138,0.006668091,-9.86319,0.40371704
1398519519567893092,1799942,1398519519138,0.007858276,-9.878662,0.4322815
1398519519572196070,1799952,1398519519148,-0.032608032,-9.917938,0.35372925
1398519519577902857,1799952,1398519519148,0.029281616,-9.92627,0.45965576
1398519519582266871,1799962,1398519519157,0.053085327,-9.817963,0.4644165
1398519519587699000,1799962,1398519519157,-0.001663208,-9.8298645,0.47869873
1398519519592825953,1799972,1398519519168,-0.011184692,-9.872711,0.3989563
1398519519598136012,1799972,1398519519168,-0.008804321,-9.872711,0.4239502
1398519519602438990,1799982,1398519519177,0.07807922,-9.842957,0.5048828
1398519519607810084,1799982,1398519519177,0.022140503,-9.852478,0.4477539
1398519519612967555,1799992,1398519519188,0.02571106,-9.851288,0.3668213
1398519519618277613,1799993,1398519519188,-0.020706177,-9.93222,0.45965576
1398519519622580592,1800012,1398519519207,0.0042877197,-9.873901,0.3751526
1398519519627951686,1800012,1398519519207,0.023330688,-9.848907,0.46679688
1398519519632498805,1800012,1398519519208,0.045944214,-9.895325,0.43704224
1398519519637564723,1800012,1398519519208,0.009048462,-9.856049,0.50845337
1398519519642569605,1800037,1398519519232,0.03404236,-9.900085,0.3572998
1398519519647635523,1800037,1398519519232,0.024520874,-9.879852,0.4906006
1398519519652670924,1800037,1398519519232,0.04118347,-9.869141,0.44537354
1398519519657675807,1800037,1398519519233,0.013809204,-9.858429,0.40014648
1398519519662711207,1800037,1398519519233,0.007858276,-9.86557,0.5072632
1398519519667746607,1800071,1398519519266,0.022140503,-9.888184,0.43466187
1398519519672782008,1800071,1398519519267,0.04118347,-9.847717,0.473938
1398519519677817408,1800071,1398519519267,0.07450867,-9.844147,0.473938
1398519519682883326,1800071,1398519519267,0.037612915,-9.873901,0.46322632
1398519519687888209,1800071,1398519519267,0.061416626,-9.876282,0.4489441
1398519519692923609,1800071,1398519519267,0.059036255,-9.888184,0.43347168
1398519519697867457,1800071,1398519519267,0.042373657,-9.878662,0.42990112
1398519519702902857,1800076,1398519519272,0.0054779053,-9.857239,0.4489441
1398519519707938258,1800081,1398519519277,0.032852173,-9.883423,0.4727478
1398519519713004176,1800086,1398519519282,0.035232544,-9.840576,0.473938
1398519519718070094,1800091,1398519519287,0.020950317,-9.900085,0.45489502
1398519519723044459,1800096,1398519519292,0.0388031,-9.857239,0.506073
1398519519728079859,1800101,1398519519297,0.01737976,-9.911987,0.43585205
1398519519733115260,1800108,1398519519303,0.061416626,-9.897705,0.49298096
1398519519738150660,1800113,1398519519308,0.053085327,-9.859619,0.37634277
1398519519743186061,1800118,1398519519313,0.02809143,-9.822723,0.38110352
1398519519748221461,1800123,1398519519319,0.050704956,-9.86557,0.41085815
1398519519753256861,1800128,1398519519323,-4.7302246E-4,-9.872711,0.5120239
1398519519758292262,1800134,1398519519329,0.05784607,-9.896515,0.44180298
1398519519763327662,1800138,1398519519333,0.056655884,-9.852478,0.4477539
1398519519768363063,1800146,1398519519342,0.04475403,-9.908417,0.44180298
1398519519773428980,1800147,1398519519343,0.019760132,-9.904846,0.43823242
1398519519778983180,1800157,1398519519352,0.031661987,-9.845337,0.40847778
1398519519783652369,1800157,1398519519353,0.012619019,-9.891754,0.40966797
1398519519789053980,1800167,1398519519363,0.039993286,-9.844147,0.42514038
1398519519793723170,1800167,1398519519363,-0.021896362,-9.86438,0.4239502
1398519519799124781,1800177,1398519519373,-0.00642395,-9.871521,0.46203613
1398519519803793971,1800177,1398519519373,-0.023086548,-9.827484,0.4156189
1398519519809195582,1800187,1398519519383,0.039993286,-9.86795,0.4477539
1398519519813864771,1800187,1398519519383,-0.012374878,-9.86557,0.42514038
1398519519819266383,1800197,1398519519393,0.054275513,-9.86795,0.4310913
1398519519823935572,1800197,1398519519393,0.0388031,-9.889374,0.4477539
1398519519829337184,1800207,1398519519403,-0.0052337646,-9.840576,0.35968018
1398519519834006373,1800207,1398519519403,0.059036255,-9.8298645,0.49536133
1398519519839407984,1800217,1398519519413,0.0042877197,-9.876282,0.4656067
1398519519844077174,1800217,1398519519413,0.054275513,-9.919128,0.49179077
1398519519849478785,1800227,1398519519423,0.02809143,-9.812012,0.4310913
1398519519854147975,1800227,1398519519423,0.013809204,-9.860809,0.41323853
1398519519859549586,1800237,1398519519433,0.043563843,-9.804871,0.44537354
1398519519864218775,1800238,1398519519433,-0.001663208,-9.904846,0.44656372
1398519519869620387,1800248,1398519519443,0.02571106,-9.872711,0.38824463
1398519519874289576,1800248,1398519519443,0.030471802,-9.857239,0.4644165
1398519519879691188,1800258,1398519519453,0.0054779053,-9.885803,0.4060974
1398519519884360377,1800258,1398519519453,0.022140503,-9.896515,0.41085815
1398519519889761988,1800268,1398519519464,-0.012374878,-9.846527,0.37039185
1398519519894431178,1800268,1398519519464,0.026901245,-9.92627,0.44656372
1398519519900071318,1800278,1398519519473,0.05189514,-9.833435,0.43466187
1398519519904740508,1800278,1398519519473,0.026901245,-9.857239,0.4477539
1398519519910142119,1800288,1398519519483,0.009048462,-9.815582,0.42276
1398519519914811308,1800288,1398519519483,0.059036255,-9.906036,0.47512817
1398519519920212920,1800298,1398519519493,0.020950317,-9.832245,0.42156982
1398519519924882109,1800298,1398519519494,-0.001663208,-9.842957,0.44180298
1398519519929764922,1800303,1398519519499,7.171631E-4,-9.883423,0.46917725
1398519519934891875,1800315,1398519519510,0.019760132,-9.857239,0.41204834
1398519519939896758,1800315,1398519519510,0.02809143,-9.832245,0.44418335
1398519519944932158,1800319,1398519519515,-0.0052337646,-9.921509,0.3989563
1398519519950028593,1800327,1398519519523,0.02571106,-9.86438,0.52630615
1398519519955094511,1800329,1398519519524,0.01499939,-9.86795,0.39419556
1398519519960251982,1800337,1398519519533,0.016189575,-9.841766,0.4489441
1398519519965195830,1800339,1398519519534,0.030471802,-9.869141,0.40847778
1398519519970505888,1800347,1398519519543,0.07450867,-9.860809,0.4894104
1398519519975236113,1800349,1398519519545,0.012619019,-9.86438,0.46917725
1398519519980485136,1800357,1398519519553,0.023330688,-9.860809,0.390625
1398519519985306914,1800359,1398519519555,0.06260681,-9.892944,0.4144287
1398519519990616972,1800367,1398519519563,0.0554657,-9.886993,0.47155762
1398519519995377715,1800369,1398519519565,0.030471802,-9.902466,0.4727478
1398519520000382597,1800377,1398519519573,0.030471802,-9.86557,0.4560852
1398519520005448515,1800380,1398519519576,0.05189514,-9.875092,0.40847778
1398519520010453398,1800387,1398519519583,0.006668091,-9.854858,0.44418335
1398519520015519316,1800390,1398519519586,0.0042877197,-9.86676,0.43466187
1398519520020524199,1800397,1398519519593,-0.0135650635,-9.870331,0.47512817
1398519520025590117,1800401,1398519519596,-0.034988403,-9.86319,0.4489441
1398519520030595000,1800407,1398519519603,0.019760132,-9.895325,0.41323853
1398519520035660918,1800411,1398519519606,0.043563843,-9.885803,0.42037964
1398519520040665800,1800417,1398519519613,0.020950317,-9.871521,0.42871094
1398519520045731718,1800421,1398519519616,0.032852173,-9.8941345,0.45013428
1398519520050736601,1800428,1398519519623,-0.008804321,-9.879852,0.5048828
1398519520055833037,1800431,1398519519626,0.026901245,-9.885803,0.5370178
1398519520060807402,1800438,1398519519633,0.024520874,-9.879852,0.45489502
1398519520065903838,1800441,1398519519636,-0.020706177,-9.846527,0.42752075
1398519520070878203,1800448,1398519519643,0.019760132,-9.838196,0.40371704
1398519520075974638,1800451,1398519519646,0.02571106,-9.825104,0.42156982
1398519520080949004,1800458,1398519519653,-0.04927063,-9.86676,0.41204834
1398519520086045439,1800461,1398519519657,-0.0028533936,-9.86319,0.47631836
1398519520091019804,1800468,1398519519663,0.03642273,-9.897705,0.41085815
1398519520096116240,1800471,1398519519667,0.039993286,-9.831055,0.40490723
1398519520101090605,1800478,1398519519673,-0.004043579,-9.901276,0.40133667
1398519520106187041,1800481,1398519519677,0.031661987,-9.871521,0.48345947
1398519520111161406,1800488,1398519519684,-0.030227661,-9.86319,0.4822693
1398519520116227324,1800491,1398519519687,0.053085327,-9.870331,0.42514038
1398519520121232207,1800498,1398519519694,0.023330688,-9.916748,0.39419556
1398519520126298125,1800501,1398519519697,0.0554657,-9.859619,0.37872314
1398519520131303008,1800508,1398519519704,0.031661987,-9.890564,0.43347168
1398519520136399443,1800511,1398519519707,0.024520874,-9.907227,0.3834839
1398519520141373808,1800518,1398519519714,0.026901245,-9.876282,0.39419556
1398519520146439726,1800522,1398519519718,0.026901245,-9.845337,0.49179077
1398519520151383574,1800525,1398519519721,0.063797,-9.86319,0.38110352
1398519520156418974,1800530,1398519519726,0.020950317,-9.852478,0.40252686
1398519520162522490,1800537,1398519519733,0.05189514,-9.823914,0.40847778
1398519520166520293,1800540,1398519519736,0.048324585,-9.845337,0.47512817
1398519520172806914,1800552,1398519519748,0.023330688,-9.840576,0.3918152
1398519520178055937,1800552,1398519519748,0.010238647,-9.882233,0.41323853
1398519520181595976,1800559,1398519519754,0.04118347,-9.8619995,0.42514038
1398519520186631377,1800561,1398519519756,0.032852173,-9.878662,0.4822693
1398519520192673857,1800572,1398519519768,0.007858276,-9.817963,0.45846558
1398519520197953398,1800572,1398519519768,0.022140503,-9.889374,0.42276
1398519520201737578,1800579,1398519519775,0.09474182,-9.812012,0.41799927
1398519520206925566,1800581,1398519519777,0.022140503,-9.882233,0.4322815
1398519520212174590,1800592,1398519519788,0.030471802,-9.884613,0.48583984
1398519520217759306,1800592,1398519519788,-0.0135650635,-9.850098,0.4156189
1398519520221879179,1800601,1398519519797,0.010238647,-9.8941345,0.4572754
1398519520227128203,1800601,1398519519797,-0.00642395,-9.888184,0.48345947
1398519520232712920,1800612,1398519519808,0.016189575,-9.826294,0.46203613
1398519520238022978,1800612,1398519519808,-0.0052337646,-9.883423,0.43466187
1398519520242020781,1800621,1398519519817,0.035232544,-9.914368,0.40371704
1398519520247269804,1800621,1398519519817,0.056655884,-9.848907,0.45489502
1398519520252915556,1800632,1398519519828,0.016189575,-9.852478,0.42276
1398519520258134062,1800632,1398519519828,0.0388031,-9.851288,0.48345947
1398519520262253935,1800641,1398519519837,0.026901245,-9.859619,0.37872314
1398519520267472441,1800641,1398519519837,0.037612915,-9.851288,0.41918945
1398519520273331816,1800653,1398519519848,0.013809204,-9.844147,0.43585205
1398519520278519804,1800653,1398519519848,0.037612915,-9.8619995,0.41680908
1398519520282303984,1800666,1398519519862,0.037612915,-9.8619995,0.41680908
1398519520287339384,1800666,1398519519862,0.016189575,-9.869141,0.4406128
1398519520292374785,1800666,1398519519862,0.039993286,-9.860809,0.40014648
1398519520297410185,1800682,1398519519877,0.032852173,-9.847717,0.48345947
1398519520302445586,1800682,1398519519878,0.03404236,-9.859619,0.4572754
1398519520307480986,1800682,1398519519878,0.020950317,-9.837006,0.39419556
1398519520312516386,1800726,1398519519921,0.016189575,-9.826294,0.46917725
1398519520317551787,1800726,1398519519921,0.07688904,-9.853668,0.43347168
1398519520322617705,1800726,1398519519921,-0.042129517,-9.789398,0.40847778
1398519520327622588,1800726,1398519519921,0.037612915,-9.840576,0.42633057
1398519520332657988,1800726,1398519519921,0.019760132,-9.908417,0.45965576
1398519520337693388,1800726,1398519519921,0.05189514,-9.888184,0.39300537
1398519520342728789,1800726,1398519519921,0.019760132,-9.851288,0.38110352
1398519520347672636,1800726,1398519519921,0.039993286,-9.873901,0.46679688
1398519520352708037,1800726,1398519519922,0.08522034,-9.828674,0.3918152
1398519520357743437,1800746,1398519519941,0.039993286,-9.870331,0.46084595
1398519520362778838,1800746,1398519519941,0.04951477,-9.850098,0.47631836
1398519520367814238,1800746,1398519519941,-0.02784729,-9.848907,0.43347168
1398519520372849638,1800746,1398519519941,0.0471344,-9.847717,0.43466187
1398519520377885039,1800753,1398519519949,0.03642273,-9.839386,0.39419556
1398519520382920439,1800759,1398519519954,0.024520874,-9.890564,0.46798706
1398519520387955840,1800761,1398519519956,0.04951477,-9.876282,0.43466187
1398519520392991240,1800766,1398519519961,0.0019073486,-9.851288,0.40966797
1398519520398026640,1800771,1398519519966,0.020950317,-9.921509,0.44180298
1398519520404404814,1800780,1398519519975,-4.7302246E-4,-9.897705,0.47512817
1398519520408188994,1800783,1398519519978,0.0019073486,-9.902466,0.4060974
1398519520413132842,1800787,1398519519983,0.035232544,-9.86319,0.46917725
1398519520418168242,1800793,1398519519988,-0.02784729,-9.908417,0.42514038
1398519520424027617,1800804,1398519519999,-0.023086548,-9.822723,0.41085815
1398519520429551299,1800804,1398519519999,0.07569885,-9.882233,0.4477539
1398519520433274443,1800812,1398519520008,0.009048462,-9.888184,0.43466187
1398519520438676054,1800812,1398519520008,0.037612915,-9.859619,0.3977661
1398519520444718535,1800824,1398519520020,0.06260681,-9.884613,0.36444092
1398519520450242217,1800824,1398519520020,0.032852173,-9.841766,0.43704224
1398519520453416045,1800829,1398519520024,0.04475403,-9.889374,0.45965576
1398519520458542998,1800837,1398519520033,0.0388031,-9.882233,0.50131226
1398519520463975127,1800837,1398519520033,0.07093811,-9.871521,0.38110352
1398519520469712431,1800850,1398519520045,0.029281616,-9.897705,0.42990112
1398519520475327666,1800850,1398519520045,0.031661987,-9.878662,0.45251465
1398519520478593047,1800853,1398519520049,0.0471344,-9.8810425,0.41323853
1398519520483628447,1800858,1398519520054,0.01499939,-9.8619995,0.39538574
1398519520488663847,1800866,1398519520062,-0.009994507,-9.86319,0.45370483
1398519520493729765,1800867,1398519520063,0.010238647,-9.817963,0.47512817
1398519520498734648,1800874,1398519520069,0.05189514,-9.828674,0.36444092
1398519520503770049,1800878,1398519520074,-0.029037476,-9.859619,0.43823242
1398519520508805449,1800886,1398519520082,0.039993286,-9.879852,0.43704224
1398519520513962920,1800887,1398519520083,0.06498718,-9.838196,0.41204834
1398519520520371611,1800900,1398519520096,-0.023086548,-9.875092,0.42276
1398519520526017363,1800900,1398519520096,0.048324585,-9.854858,0.49417114
1398519520528916533,1800903,1398519520099,0.048324585,-9.854858,0.49417114
1398519520534806425,1800915,1398519520110,0.019760132,-9.897705,0.40252686
1398519520540391142,1800915,1398519520110,0.01499939,-9.870331,0.38110352
1398519520544022734,1800922,1398519520118,0.020950317,-9.839386,0.473938
1398519520549302275,1800922,1398519520118,0.024520874,-9.844147,0.40847778
1398519520555680449,1800935,1398519520131,0.0388031,-9.834625,0.38586426
1398519520561204131,1800935,1398519520131,0.037612915,-9.8619995,0.42871094
1398519520564194853,1800939,1398519520134,0.037612915,-9.8619995,0.42871094
1398519520569749052,1800949,1398519520145,0.016189575,-9.8619995,0.46917725
1398519520575333769,1800949,1398519520145,0.013809204,-9.839386,0.47512817
1398519520579331572,1800953,1398519520148,0.013809204,-9.839386,0.47512817
1398519520584366972,1800959,1398519520155,0.012619019,-9.8298645,0.41085815
1398519520589524443,1800968,1398519520163,0.059036255,-9.895325,0.41918945
1398519520594773467,1800968,1398519520164,0.0388031,-9.906036,0.506073
1398519520599595244,1800979,1398519520174,-0.014755249,-9.882233,0.47631836
1398519520604935820,1800979,1398519520174,0.043563843,-9.834625,0.42752075
1398519520609666045,1800989,1398519520184,0.043563843,-9.834625,0.42752075
1398519520615037138,1800989,1398519520184,0.04951477,-9.832245,0.4310913
1398519520620591338,1801003,1398519520199,0.013809204,-9.8619995,0.50964355
1398519520625870879,1801003,1398519520199,0.030471802,-9.86795,0.42990112
1398519520629685576,1801004,1398519520199,0.010238647,-9.833435,0.3822937
1398519520634782011,1801010,1398519520205,0.0471344,-9.858429,0.42276
1398519520639939482,1801017,1398519520213,0.037612915,-9.833435,0.43466187
1398519520645188506,1801019,1398519520214,-0.0052337646,-9.879852,0.41799927
1398519520650376494,1801030,1398519520225,0.01737976,-9.831055,0.40966797
1398519520655686552,1801030,1398519520226,0.023330688,-9.907227,0.38824463
1398519520660111601,1801039,1398519520235,0.029281616,-9.886993,0.40490723
1398519520665482695,1801039,1398519520235,0.035232544,-9.841766,0.45965576
1398519520670640166,1801051,1398519520247,0.03642273,-9.86319,0.4156189
1398519520675950224,1801051,1398519520247,-0.012374878,-9.839386,0.41799927
1398519520680131133,1801057,1398519520253,0.01737976,-9.846527,0.47631836
1398519520685136015,1801059,1398519520254,0.024520874,-9.900085,0.3751526
1398519520690781767,1801071,1398519520267,0.026901245,-9.847717,0.43704224
1398519520696000273,1801071,1398519520267,0.010238647,-9.852478,0.40966797
1398519520700254653,1801077,1398519520273,0.0471344,-9.889374,0.46917725
1398519520705259536,1801079,1398519520274,0.039993286,-9.852478,0.39657593
1398519520711118911,1801090,1398519520286,7.171631E-4,-9.895325,0.41323853
1398519520716337417,1801091,1398519520286,0.042373657,-9.832245,0.41918945
1398519520720426772,1801099,1398519520295,0.032852173,-9.86795,0.48464966
1398519520725584243,1801099,1398519520295,-0.024276733,-9.835815,0.4239502
1398519520730558608,1801110,1398519520305,-0.00642395,-9.901276,0.42633057
1398519520735960219,1801110,1398519520305,0.024520874,-9.848907,0.42156982
1398519520741117690,1801121,1398519520317,0.026901245,-9.886993,0.44299316
1398519520746366714,1801121,1398519520317,0.05784607,-9.871521,0.45013428
1398519520750578139,1801128,1398519520324,0.05784607,-9.860809,0.39419556
1398519520755766128,1801129,1398519520325,0.059036255,-9.883423,0.4644165
1398519520761930678,1801141,1398519520337,0.031661987,-9.906036,0.37753296
1398519520767210219,1801141,1398519520337,0.05784607,-9.8941345,0.40133667
1398519520770719741,1801148,1398519520344,0.030471802,-9.851288,0.44180298
1398519520775755141,1801151,1398519520346,0.02809143,-9.86676,0.45965576
1398519520780912612,1801160,1398519520356,0.02809143,-9.820343,0.45132446
1398519520786314223,1801160,1398519520356,0.023330688,-9.854858,0.47988892
1398519520791471694,1801171,1398519520367,0.024520874,-9.840576,0.48583984
1398519520796842788,1801171,1398519520367,0.056655884,-9.877472,0.3739624
1398519520800993178,1801180,1398519520376,0.022140503,-9.873901,0.42156982
1398519520806303237,1801180,1398519520376,0.0030975342,-9.8619995,0.42276
1398519520811643813,1801191,1398519520387,-0.004043579,-9.844147,0.45489502
1398519520816953872,1801191,1398519520387,0.045944214,-9.892944,0.4977417
1398519520821226333,1801201,1398519520397,0.029281616,-9.845337,0.47869873
1398519520826566909,1801201,1398519520397,0.03642273,-9.842957,0.46203613
1398519520831205581,1801210,1398519520406,0.020950317,-9.858429,0.45132446
1398519520836515639,1801210,1398519520406,0.06260681,-9.840576,0.41085815
1398519520841978286,1801222,1398519520417,0.010238647,-9.859619,0.38824463
1398519520847501968,1801222,1398519520418,0.050704956,-9.827484,0.4906006
1398519520851286147,1801228,1398519520424,0.050704956,-9.827484,0.4906006
1398519520856321548,1801230,1398519520426,0.032852173,-9.875092,0.43466187
1398519520862638686,1801242,1398519520438,-0.004043579,-9.8298645,0.4322815
1398519520867857192,1801242,1398519520438,0.056655884,-9.878662,0.46203613
1398519520871458266,1801249,1398519520444,0.056655884,-9.878662,0.46203613
1398519520876554702,1801251,1398519520446,0.029281616,-9.839386,0.44299316
1398519520882566665,1801262,1398519520457,0.029281616,-9.888184,0.44656372
1398519520887785171,1801262,1398519520458,-0.011184692,-9.852478,0.41323853
1398519520891569350,1801269,1398519520465,-0.011184692,-9.852478,0.41323853
1398519520896757339,1801271,1398519520467,0.01499939,-9.870331,0.41204834
1398519520902219985,1801282,1398519520477,0.031661987,-9.871521,0.42633057
1398519520907438491,1801282,1398519520477,-0.008804321,-9.859619,0.42276
1398519520911863540,1801291,1398519520487,0.0042877197,-9.833435,0.4489441
1398519520917234634,1801291,1398519520487,0.026901245,-9.884613,0.4489441
1398519520922392104,1801302,1398519520497,0.02809143,-9.850098,0.44180298
1398519520927702163,1801302,1398519520498,7.171631E-4,-9.876282,0.4906006
1398519520932005141,1801311,1398519520507,0.08403015,-9.822723,0.44180298
1398519520937376235,1801311,1398519520507,0.056655884,-9.897705,0.5393982
1398519520942533706,1801323,1398519520518,-0.020706177,-9.86676,0.4310913
1398519520947843764,1801323,1398519520519,0.037612915,-9.871521,0.45489502
1398519520951994155,1801327,1398519520523,0.0042877197,-9.871521,0.5155945
1398519520957029555,1801331,1398519520527,0.030471802,-9.892944,0.38110352
1398519520963133071,1801342,1398519520538,0.056655884,-9.854858,0.45013428
1398519520968229507,1801342,1398519520538,0.030471802,-9.840576,0.43347168
1398519520972166274,1801351,1398519520547,0.016189575,-9.891754,0.48583984
1398519520977506850,1801351,1398519520547,0.07926941,-9.906036,0.42752075
1398519520982969497,1801362,1398519520558,0.011428833,-9.875092,0.42276
1398519520988188003,1801362,1398519520558,0.04475403,-9.873901,0.44180298
1398519520992399428,1801371,1398519520567,0.032852173,-9.910797,0.46084595
1398519520997709487,1801372,1398519520567,0.042373657,-9.834625,0.39300537
1398519521003019546,1801382,1398519520578,0.048324585,-9.814392,0.42514038
1398519521008238052,1801383,1398519520578,-0.0076141357,-9.859619,0.4560852
1398519521012571548,1801392,1398519520587,-0.026657104,-9.841766,0.4406128
1398519521017912124,1801392,1398519520587,0.031661987,-9.86319,0.47988892
1398519521023130630,1801402,1398519520598,0.01737976,-9.877472,0.44418335
1398519521028349136,1801403,1398519520598,0.045944214,-9.848907,0.44299316
1398519521032682632,1801412,1398519520607,0.03404236,-9.93222,0.39419556
1398519521038023208,1801412,1398519520607,-0.009994507,-9.8810425,0.44656372
1398519521043302749,1801423,1398519520618,0.053085327,-9.847717,0.4144287
1398519521048521255,1801423,1398519520618,0.010238647,-9.844147,0.41799927
1398519521052732680,1801428,1398519520623,0.06617737,-9.883423,0.49536133
1398519521057737563,1801431,1398519520627,-0.001663208,-9.888184,0.45132446
1398519521064054702,1801442,1398519520638,0.061416626,-9.883423,0.40966797
1398519521068510268,1801443,1398519520638,0.019760132,-9.86319,0.42037964
1398519521072843764,1801448,1398519520643,-0.001663208,-9.822723,0.48345947
1398519521077879165,1801453,1398519520649,-0.031417847,-9.826294,0.47036743
1398519521082914565,1801458,1398519520654,0.059036255,-9.852478,0.3739624
1398519521087949966,1801463,1398519520659,0.007858276,-9.875092,0.44180298
1398519521093076919,1801472,1398519520668,-0.0028533936,-9.853668,0.3668213
1398519521098386977,1801472,1398519520668,0.0388031,-9.839386,0.41085815
1398519521103880141,1801483,1398519520679,0.029281616,-9.876282,0.42156982
1398519521109190200,1801483,1398519520679,0.01737976,-9.8810425,0.42037964
1398519521113126968,1801492,1398519520688,0.018569946,-9.809631,0.39419556
1398519521118375991,1801492,1398519520688,0.016189575,-9.871521,0.38705444
1398519521124326919,1801504,1398519520699,-0.0076141357,-9.886993,0.45846558
1398519521129636977,1801504,1398519520699,0.0054779053,-9.86319,0.43347168
1398519521133268569,1801511,1398519520706,0.0054779053,-9.86319,0.43347168
1398519521138426040,1801512,1398519520708,0.0042877197,-9.854858,0.44537354
1398519521144407485,1801524,1398519520719,0.0019073486,-9.854858,0.42990112
1398519521149625991,1801524,1398519520719,0.007858276,-9.875092,0.43585205
1398519521153410171,1801531,1398519520727,0.007858276,-9.875092,0.43585205
1398519521158598159,1801532,1398519520728,-0.018325806,-9.856049,0.4060974
1398519521164762710,1801544,1398519520740,-0.026657104,-9.828674,0.45251465
1398519521169981216,1801544,1398519520740,0.082839966,-9.871521,0.3989563
1398519521173582290,1801551,1398519520747,0.082839966,-9.871521,0.3989563
1398519521178709243,1801553,1398519520748,0.01737976,-9.885803,0.42633057
1398519521184568618,1801564,1398519520760,0.072128296,-9.858429,0.48583984
1398519521189787124,1801564,1398519520760,0.026901245,-9.890564,0.47988892
1398519521193693374,1801573,1398519520768,0.026901245,-9.890564,0.47988892
1398519521198911880,1801573,1398519520768,0.056655884,-9.9131775,0.42276
1398519521204954360,1801584,1398519520780,0.007858276,-9.853668,0.43704224
1398519521210264419,1801585,1398519520780,-0.026657104,-9.86438,0.41204834
1398519521213865493,1801591,1398519520787,0.013809204,-9.922699,0.43823242
1398519521218931411,1801593,1398519520789,-0.001663208,-9.857239,0.46679688
1398519521224851821,1801604,1398519520800,-0.012374878,-9.86795,0.473938
1398519521230131362,1801604,1398519520800,0.018569946,-9.871521,0.4310913
1398519521233976577,1801613,1398519520808,0.032852173,-9.909607,0.538208
1398519521239164565,1801613,1398519520808,0.020950317,-9.858429,0.49536133
1398519521245298598,1801625,1398519520820,0.030471802,-9.840576,0.3751526
1398519521250730727,1801625,1398519520821,0.032852173,-9.891754,0.41204834
1398519521254118178,1801629,1398519520825,0.01499939,-9.883423,0.42871094
1398519521259153579,1801633,1398519520828,0.024520874,-9.891754,0.45489502
1398519521265470718,1801645,1398519520840,0.0019073486,-9.870331,0.45251465
1398519521270780776,1801645,1398519520841,0.026901245,-9.898895,0.45489502
1398519521274290298,1801651,1398519520847,0.009048462,-9.891754,0.36206055
1398519521279295180,1801653,1398519520849,-0.001663208,-9.884613,0.49536133
1398519521285612319,1801665,1398519520861,0.059036255,-9.844147,0.45489502
1398519521290830825,1801665,1398519520861,0.01737976,-9.892944,0.43466187
1398519521294431899,1801672,1398519520867,0.02809143,-9.890564,0.48464966
1398519521299497817,1801674,1398519520869,0.022140503,-9.86676,0.42276
1398519521305540298,1801685,1398519520880,0.02809143,-9.871521,0.4906006
1398519521310758803,1801685,1398519520881,0.026901245,-9.857239,0.390625
1398519521314573501,1801692,1398519520888,0.009048462,-9.903656,0.40014648
1398519521319730971,1801693,1398519520889,0.032852173,-9.854858,0.44656372
1398519521325895522,1801705,1398519520901,0.018569946,-9.901276,0.39538574
1398519521331114028,1801705,1398519520901,0.035232544,-9.907227,0.3501587
1398519521334715102,1801712,1398519520908,0.01737976,-9.851288,0.37634277
1398519521339781020,1801714,1398519520909,-0.011184692,-9.946503,0.45370483
1398519521345854018,1801725,1398519520921,0.05784607,-9.827484,0.4072876
1398519521351072524,1801725,1398519520921,0.022140503,-9.857239,0.47155762
1398519521354856704,1801733,1398519520928,-0.030227661,-9.8619995,0.44418335
1398519521360014175,1801734,1398519520929,-0.004043579,-9.86795,0.45013428
1398519521366178725,1801746,1398519520941,0.059036255,-9.86438,0.3977661
1398519521371488784,1801746,1398519520941,0.04951477,-9.850098,0.43704224
1398519521374967788,1801752,1398519520948,0.035232544,-9.817963,0.42514038
1398519521380003188,1801754,1398519520950,-0.0076141357,-9.860809,0.5203552
1398519521386015151,1801765,1398519520961,-0.032608032,-9.844147,0.43347168
1398519521391294692,1801766,1398519520961,0.07926941,-9.86438,0.4572754
1398519521395139907,1801774,1398519520969,0.01499939,-9.882233,0.43466187
1398519521400327895,1801774,1398519520970,0.037612915,-9.86795,0.48703003
1398519521406431411,1801786,1398519520981,0.029281616,-9.876282,0.40252686
1398519521411741469,1801786,1398519520982,0.026901245,-9.907227,0.43823242
1398519521415250991,1801793,1398519520988,0.026901245,-9.907227,0.43823242
1398519521420286391,1801794,1398519520990,0.013809204,-9.890564,0.37039185
1398519521426298354,1801806,1398519521001,0.032852173,-9.851288,0.45132446
1398519521431547378,1801806,1398519521001,0.022140503,-9.8619995,0.43704224
1398519521435392593,1801814,1398519521010,0.022140503,-9.8619995,0.43704224
1398519521440580581,1801814,1398519521010,0.007858276,-9.879852,0.35968018
1398519521446714614,1801826,1398519521022,0.06736755,-9.877472,0.4560852
1398519521451933120,1801826,1398519521022,0.01499939,-9.854858,0.48464966
1398519521455534194,1801833,1398519521028,0.01499939,-9.854858,0.48464966
1398519521460600112,1801835,1398519521030,0.023330688,-9.8941345,0.42156982
1398519521466703628,1801846,1398519521042,0.035232544,-9.853668,0.43347168
1398519521471922134,1801846,1398519521042,0.04951477,-9.883423,0.46203613
1398519521475675796,1801853,1398519521049,0.04951477,-9.883423,0.46203613
1398519521480863784,1801855,1398519521051,0.023330688,-9.878662,0.37753296
1398519521486479018,1801866,1398519521061,0.045944214,-9.86795,0.46322632
1398519521491697524,1801866,1398519521062,0.04118347,-9.86319,0.4072876
1398519521495908950,1801875,1398519521071,7.171631E-4,-9.871521,0.5120239
1398519521501310561,1801875,1398519521071,0.018569946,-9.86438,0.5036926
1398519521506498550,1801886,1398519521082,0.019760132,-9.9131775,0.39538574
1398519521511778091,1801886,1398519521082,0.016189575,-9.840576,0.46917725
1398519521516081069,1801895,1398519521091,0.043563843,-9.920319,0.4394226
1398519521521452163,1801895,1398519521091,0.029281616,-9.838196,0.45013428
1398519521526670669,1801906,1398519521102,0.032852173,-9.884613,0.48703003
1398519521531950210,1801906,1398519521102,0.02809143,-9.888184,0.48703003
1398519521536192153,1801915,1398519521111,0.032852173,-9.833435,0.45132446
1398519521541532729,1801915,1398519521111,-0.001663208,-9.826294,0.43585205
1398519521546781753,1801926,1398519521122,0.01737976,-9.86557,0.42871094
1398519521552091811,1801926,1398519521122,0.016189575,-9.853668,0.44180298
1398519521556394790,1801936,1398519521131,-0.02784729,-9.902466,0.46203613
1398519521561765884,1801936,1398519521131,0.011428833,-9.879852,0.3918152
1398519521566923354,1801946,1398519521142,-0.0028533936,-9.852478,0.47988892
1398519521572202895,1801947,1398519521142,0.063797,-9.86676,0.45251465
1398519521576536391,1801956,1398519521151,0.011428833,-9.872711,0.43704224
1398519521581876968,1801956,1398519521151,0.023330688,-9.906036,0.4560852
1398519521587095473,1801966,1398519521162,0.0030975342,-9.891754,0.39300537
1398519521592313979,1801967,1398519521162,0.0388031,-9.8810425,0.51083374
1398519521596677993,1801976,1398519521171,-0.011184692,-9.86438,0.3572998
1398519521602018569,1801976,1398519521171,0.0054779053,-9.839386,0.42633057
1398519521607267593,1801987,1398519521182,0.0471344,-9.871521,0.45013428
1398519521612486098,1801987,1398519521182,0.010238647,-9.848907,0.40133667
1398519521616789077,1801996,1398519521191,0.0388031,-9.886993,0.40133667
1398519521622129653,1801996,1398519521192,-0.0135650635,-9.8941345,0.48703003
1398519521627439712,1802007,1398519521202,0.012619019,-9.8619995,0.41204834
1398519521632658218,1802007,1398519521203,0.0042877197,-9.845337,0.47036743
1398519521636930678,1802016,1398519521212,0.03642273,-9.919128,0.45251465
1398519521642271255,1802016,1398519521212,0.07331848,-9.875092,0.4394226
1398519521646879409,1802022,1398519521217,0.012619019,-9.882233,0.45013428
1398519521651914809,1802027,1398519521223,-0.029037476,-9.842957,0.45013428
1398519521656950210,1802032,1398519521227,7.171631E-4,-9.844147,0.45251465
1398519521661985610,1802039,1398519521235,-0.02784729,-9.891754,0.3977661
1398519521667021011,1802041,1398519521237,0.0471344,-9.888184,0.42871094
1398519521672086928,1802046,1398519521242,0.04118347,-9.876282,0.4310913
1398519521677091811,1802051,1398519521247,7.171631E-4,-9.853668,0.47631836
1398519521683286880,1802062,1398519521258,0.05189514,-9.902466,0.43704224
1398519521688200210,1802062,1398519521258,0.035232544,-9.840576,0.41085815
1398519521692228530,1802067,1398519521263,0.02809143,-9.875092,0.3751526
1398519521697233413,1802072,1398519521268,0.072128296,-9.848907,0.4072876
1398519521702268813,1802126,1398519521321,0.06617737,-9.834625,0.42276
1398519521707304214,1802126,1398519521321,-0.02784729,-9.851288,0.46917725
1398519521712370132,1802126,1398519521321,0.035232544,-9.86676,0.37158203
1398519521717375014,1802126,1398519521321,0.010238647,-9.860809,0.4406128
1398519521722410415,1802126,1398519521321,0.010238647,-9.910797,0.42752075
1398519521727445815,1802126,1398519521322,0.022140503,-9.859619,0.45251465
1398519521732481216,1802126,1398519521322,0.08760071,-9.890564,0.49417114
1398519521737516616,1802126,1398519521322,0.039993286,-9.845337,0.506073
1398519521742552016,1802126,1398519521322,0.045944214,-9.870331,0.45132446
1398519521747587417,1802126,1398519521322,0.072128296,-9.93222,0.45251465
1398519521752622817,1802126,1398519521322,-0.023086548,-9.860809,0.42752075
1398519521757566665,1802138,1398519521334,0.063797,-9.8619995,0.40371704
1398519521762602065,1802138,1398519521334,-0.004043579,-9.897705,0.44418335
1398519521767637466,1802142,1398519521338,0.048324585,-9.857239,0.4560852
1398519521773618911,1802150,1398519521346,0.048324585,-9.896515,0.4322815
1398519521777921889,1802151,1398519521347,0.023330688,-9.854858,0.47512817
1398519521784177993,1802164,1398519521360,0.06498718,-9.878662,0.42990112
1398519521789701675,1802164,1398519521360,7.171631E-4,-9.870331,0.4489441
1398519521792814468,1802168,1398519521363,0.023330688,-9.8298645,0.36920166
1398519521798032973,1802177,1398519521373,0.026901245,-9.895325,0.4822693
1398519521803709243,1802178,1398519521373,0.0054779053,-9.870331,0.46798706
1398519521808439468,1802188,1398519521384,0.029281616,-9.854858,0.4310913
1398519521814024184,1802188,1398519521384,0.061416626,-9.828674,0.47988892
1398519521818113540,1802197,1398519521393,-0.001663208,-9.909607,0.4810791
1398519521823606704,1802197,1398519521393,0.04475403,-9.857239,0.5072632
1398519521829038833,1802209,1398519521405,0.06498718,-9.888184,0.40133667
1398519521834654067,1802209,1398519521405,0.019760132,-9.900085,0.41085815
1398519521838133071,1802216,1398519521411,-0.011184692,-9.859619,0.4406128
1398519521843198989,1802217,1398519521412,-0.02784729,-9.875092,0.4322815
1398519521849577163,1802230,1398519521425,0.009048462,-9.869141,0.42990112
1398519521855222915,1802230,1398519521425,-0.042129517,-9.890564,0.4060974
1398519521858244155,1802233,1398519521429,0.04951477,-9.86319,0.4394226
1398519521863310073,1802238,1398519521433,-0.02784729,-9.914368,0.47631836
1398519521868345473,1802246,1398519521442,-0.0135650635,-9.886993,0.42871094
1398519521873441909,1802247,1398519521443,-0.014755249,-9.853668,0.45370483
1398519521878416274,1802256,1398519521452,0.0471344,-9.808441,0.47631836
1398519521883482192,1802257,1398519521453,7.171631E-4,-9.838196,0.38824463
1398519521888487075,1802266,1398519521462,0.026901245,-9.837006,0.4477539
1398519521893552993,1802267,1398519521463,0.042373657,-9.817963,0.44656372
1398519521899931167,1802280,1398519521475,-0.023086548,-9.859619,0.46679688
1398519521905485366,1802280,1398519521476,-0.00642395,-9.904846,0.41085815
1398519521908628677,1802283,1398519521479,0.0554657,-9.837006,0.4727478
1398519521913664077,1802288,1398519521484,0.0554657,-9.885803,0.43347168
1398519521918699477,1802296,1398519521492,0.0388031,-9.897705,0.40847778
1398519521923917983,1802297,1398519521492,0.035232544,-9.895325,0.39657593
1398519521928770278,1802308,1398519521503,0.02571106,-9.872711,0.40847778
1398519521934202407,1802308,1398519521503,0.0019073486,-9.8619995,0.45251465
1398519521938841079,1802316,1398519521512,0.032852173,-9.858429,0.41323853
1398519521943906997,1802317,1398519521512,0.02809143,-9.900085,0.44418335
1398519521948911880,1802323,1398519521518,-0.0135650635,-9.841766,0.4406128
1398519521954160903,1802333,1398519521529,0.04118347,-9.839386,0.41918945
1398519521959562514,1802334,1398519521529,-0.026657104,-9.871521,0.4406128
1398519521964719985,1802344,1398519521540,0.012619019,-9.883423,0.45013428
1398519521969999526,1802344,1398519521540,0.006668091,-9.883423,0.46322632
1398519521974333022,1802354,1398519521549,0.042373657,-9.870331,0.38467407
1398519521979704116,1802354,1398519521549,0.0388031,-9.847717,0.39419556
1398519521984892104,1802364,1398519521560,0.006668091,-9.889374,0.42752075
1398519521990141128,1802365,1398519521560,-0.0052337646,-9.86676,0.35849
1398519521994444106,1802374,1398519521569,0.016189575,-9.840576,0.5298767
1398519521999784682,1802374,1398519521569,-0.030227661,-9.86557,0.42871094
1398519522005003188,1802384,1398519521580,0.04118347,-9.878662,0.41323853
1398519522010252212,1802385,1398519521580,0.016189575,-9.869141,0.390625
1398519522014585708,1802394,1398519521589,0.02571106,-9.891754,0.3918152
1398519522019926284,1802394,1398519521589,0.04951477,-9.827484,0.35372925
1398519522025297378,1802405,1398519521600,0.04475403,-9.826294,0.41680908
1398519522030485366,1802405,1398519521600,0.0054779053,-9.860809,0.4572754
1398519522034757827,1802414,1398519521609,0.0054779053,-9.860809,0.4572754
1398519522040067886,1802414,1398519521610,0.035232544,-9.902466,0.43466187
1398519522045377944,1802425,1398519521620,0.026901245,-9.854858,0.4906006
1398519522050565932,1802425,1398519521620,0.018569946,-9.907227,0.4310913
1398519522054777358,1802431,1398519521626,0.018569946,-9.907227,0.4310913
1398519522059782241,1802434,1398519521629,0.059036255,-9.869141,0.473938
1398519522064817641,1802440,1398519521636,0.03642273,-9.835815,0.42037964
1398519522069975112,1802449,1398519521645,0.035232544,-9.86795,0.37753296
1398519522075346206,1802449,1398519521645,0.031661987,-9.848907,0.45132446
1398519522080503677,1802460,1398519521656,0.029281616,-9.896515,0.473938
1398519522085722182,1802460,1398519521656,0.072128296,-9.860809,0.46679688
1398519522090116714,1802469,1398519521665,0.013809204,-9.842957,0.4072876
1398519522095518325,1802469,1398519521665,0.024520874,-9.86319,0.47036743
1398519522100675796,1802481,1398519521677,0.026901245,-9.852478,0.37991333
1398519522105985854,1802481,1398519521677,0.020950317,-9.86438,0.4977417
1398519522110166762,1802487,1398519521683,-0.0028533936,-9.853668,0.3989563
1398519522115171645,1802489,1398519521684,0.0388031,-9.853668,0.49893188
1398519522121183608,1802501,1398519521696,0.03642273,-9.8810425,0.47036743
1398519522126554702,1802501,1398519521697,0.01499939,-9.860809,0.41085815
1398519522130277846,1802508,1398519521703,0.07688904,-9.871521,0.46679688
1398519522135435317,1802509,1398519521705,-0.026657104,-9.877472,0.44299316
1398519522141538833,1802521,1398519521717,-0.01713562,-9.895325,0.52511597
1398519522146848891,1802521,1398519521717,0.0554657,-9.852478,0.4156189
1398519522150449966,1802528,1398519521723,0.07688904,-9.879852,0.4489441
1398519522155515884,1802531,1398519521726,0.0030975342,-9.871521,0.4894104
1398519522160612319,1802540,1398519521735,-0.020706177,-9.784637,0.3918152
1398519522165983413,1802540,1398519521736,0.032852173,-9.846527,0.3977661
1398519522171201919,1802551,1398519521746,-0.025466919,-9.883423,0.48703003
1398519522176481460,1802551,1398519521746,0.080459595,-9.886993,0.41918945
1398519522180753921,1802560,1398519521755,0.056655884,-9.825104,0.46322632
1398519522186063979,1802560,1398519521756,0.012619019,-9.86676,0.4644165
1398519522191313003,1802571,1398519521766,-0.0028533936,-9.883423,0.45132446
1398519522196531509,1802571,1398519521767,0.02571106,-9.837006,0.44656372
1398519522200895522,1802581,1398519521777,0.011428833,-9.915558,0.43704224
1398519522206236098,1802581,1398519521777,-0.015945435,-9.844147,0.43704224
1398519522210935805,1802590,1398519521786,0.04951477,-9.848907,0.39300537
1398519522216306899,1802590,1398519521786,0.04118347,-9.896515,0.45489502
1398519522221555923,1802601,1398519521797,-0.0076141357,-9.902466,0.4144287
1398519522226774428,1802601,1398519521797,0.020950317,-9.886993,0.40847778
1398519522231077407,1802611,1398519521807,-0.0052337646,-9.897705,0.38467407
1398519522236479018,1802611,1398519521807,0.02571106,-9.911987,0.390625
1398519522241178725,1802621,1398519521816,0.026901245,-9.891754,0.42990112
1398519522246580337,1802621,1398519521816,-0.030227661,-9.846527,0.39657593
1398519522251737807,1802631,1398519521827,0.05189514,-9.889374,0.4406128
1398519522257047866,1802631,1398519521827,0.018569946,-9.884613,0.4394226
1398519522261350844,1802641,1398519521837,0.0042877197,-9.902466,0.3918152
1398519522266721938,1802642,1398519521837,0.023330688,-9.857239,0.41680908
1398519522271330093,1802651,1398519521846,0.03404236,-9.846527,0.473938
1398519522276640151,1802651,1398519521847,0.07926941,-9.872711,0.4882202
1398519522281706069,1802662,1398519521858,0.02571106,-9.877472,0.4560852
1398519522287443374,1802662,1398519521858,0.011428833,-9.922699,0.3834839
1398519522291410659,1802669,1398519521865,0.013809204,-9.840576,0.5144043
1398519522296568130,1802671,1398519521867,0.04475403,-9.814392,0.3656311
1398519522302024699,1802681,1398519521877,-0.029037476,-9.832245,0.44299316
1398519522307334757,1802681,1398519521877,0.031661987,-9.852478,0.39657593
1398519522311942911,1802691,1398519521887,0.08522034,-9.888184,0.44656372
1398519522317344523,1802691,1398519521887,0.035232544,-9.834625,0.42037964
1398519522322471476,1802702,1398519521897,0.03642273,-9.814392,0.4310913
1398519522327689982,1802702,1398519521897,-0.026657104,-9.850098,0.45965576
1398519522331962443,1802716,1398519521911,-0.026657104,-9.850098,0.45965576
1398519522336967325,1802716,1398519521912,0.020950317,-9.808441,0.48345947
1398519522342002726,1802716,1398519521912,0.030471802,-9.892944,0.4656067
1398519522347038126,1802741,1398519521936,0.011428833,-9.904846,0.45132446
1398519522352073527,1802741,1398519521937,0.023330688,-9.882233,0.46203613
1398519522357108927,1802741,1398519521937,0.019760132,-9.816772,0.47512817
1398519522362144327,1802742,1398519521937,-0.00642395,-9.876282,0.4239502
1398519522367179728,1802742,1398519521937,0.054275513,-9.886993,0.41680908
1398519522372215128,1802767,1398519521963,0.023330688,-9.850098,0.40966797
1398519522377250529,1802767,1398519521963,-0.0028533936,-9.86319,0.4727478
1398519522382285929,1802767,1398519521963,0.019760132,-9.86557,0.41918945
1398519522387321329,1802767,1398519521963,0.05784607,-9.834625,0.46679688
1398519522392356730,1802768,1398519521963,0.030471802,-9.940552,0.49893188
1398519522397300577,1802771,1398519521966,0.043563843,-9.878662,0.40966797
1398519522403709269,1802779,1398519521974,0.053085327,-9.906036,0.46084595
1398519522407401896,1802781,1398519521976,0.009048462,-9.873901,0.42156982
1398519522413871622,1802791,1398519521987,0.032852173,-9.878662,0.49298096
1398519522418052531,1802791,1398519521987,0.024520874,-9.876282,0.47155762
1398519522423515177,1802803,1398519521999,0.039993286,-9.93222,0.3894348
1398519522429252482,1802803,1398519521999,7.171631E-4,-9.870331,0.35253906
1398519522432548380,1802810,1398519522006,0.023330688,-9.86676,0.506073
1398519522437644816,1802811,1398519522007,0.024520874,-9.896515,0.4060974
1398519522443992472,1802824,1398519522019,-0.011184692,-9.86676,0.42871094
1398519522449638224,1802824,1398519522019,0.056655884,-9.840576,0.44656372
1398519522452689982,1802827,1398519522023,-0.014755249,-9.845337,0.42752075
1398519522458213663,1802838,1398519522033,0.020950317,-9.856049,0.390625
1398519522463920450,1802838,1398519522033,0.009048462,-9.853668,0.47988892
1398519522467887736,1802847,1398519522043,0.032852173,-9.877472,0.47155762
1398519522473411417,1802847,1398519522043,-0.0028533936,-9.840576,0.45132446
1398519522478843546,1802858,1398519522054,0.02571106,-9.873901,0.4322815
1398519522484367228,1802859,1398519522054,0.035232544,-9.890564,0.40133667
1398519522487907267,1802865,1398519522061,0.023330688,-9.832245,0.4977417
1398519522493095255,1802866,1398519522062,0.029281616,-9.870331,0.49417114
1398519522499503947,1802879,1398519522075,0.05189514,-9.852478,0.5298767
1398519522505027628,1802879,1398519522075,0.010238647,-9.846527,0.46084595
1398519522508079386,1802883,1398519522078,0.0554657,-9.904846,0.47155762
1398519522513572550,1802893,1398519522089,0.0054779053,-9.848907,0.4310913
1398519522519279337,1802893,1398519522089,0.018569946,-9.892944,0.42633057
1398519522523307657,1802902,1398519522098,0.053085327,-9.878662,0.45013428
1398519522528892374,1802902,1398519522098,0.02571106,-9.8298645,0.3918152
1398519522534080363,1802914,1398519522109,0.006668091,-9.884613,0.48583984
1398519522539726115,1802914,1398519522109,0.050704956,-9.795349,0.46084595
1398519522543296671,1802921,1398519522116,0.07688904,-9.86319,0.43347168
1398519522548545695,1802922,1398519522117,0.048324585,-9.819153,0.42156982
1398519522554771281,1802935,1398519522130,0.037612915,-9.837006,0.4977417
1398519522560417032,1802935,1398519522130,0.029281616,-9.852478,0.45846558
1398519522563438273,1802938,1398519522134,0.029281616,-9.852478,0.45846558
1398519522568992472,1802949,1398519522144,0.0471344,-9.841766,0.3989563
1398519522574546671,1802949,1398519522144,0.06022644,-9.886993,0.43823242
1398519522578697062,1802958,1398519522153,0.024520874,-9.846527,0.4477539
1398519522584220743,1802958,1398519522153,0.04475403,-9.86557,0.4489441
1398519522589561320,1802969,1398519522165,0.02809143,-9.841766,0.46798706
1398519522595146036,1802969,1398519522165,0.022140503,-9.922699,0.45251465
1398519522598716593,1802976,1398519522171,0.022140503,-9.922699,0.45251465
1398519522603874064,1802977,1398519522173,0.009048462,-9.860809,0.43823242
1398519522610252238,1802990,1398519522186,7.171631E-4,-9.860809,0.4406128
1398519522615806437,1802990,1398519522186,0.019760132,-9.86795,0.40966797
1398519522618858195,1802994,1398519522189,0.019760132,-9.86795,0.40966797
1398519522624381876,1803004,1398519522199,0.037612915,-9.896515,0.41323853
1398519522630088663,1803004,1398519522199,0.042373657,-9.837006,0.42990112
1398519522634086466,1803013,1398519522209,0.042373657,-9.837006,0.42990112
1398519522639610148,1803013,1398519522209,0.035232544,-9.848907,0.42633057
1398519522644981241,1803025,1398519522220,0.011428833,-9.876282,0.4822693
1398519522650535441,1803025,1398519522220,0.026901245,-9.832245,0.44418335
1398519522654105997,1803032,1398519522227,0.026901245,-9.832245,0.44418335
1398519522659324503,1803033,1398519522228,0.029281616,-9.832245,0.49179077
1398519522665550089,1803045,1398519522241,0.029281616,-9.877472,0.42514038
1398519522671104288,1803045,1398519522241,0.053085327,-9.840576,0.3918152
1398519522674247599,1803049,1398519522245,0.048324585,-9.904846,0.49417114
1398519522679405070,1803059,1398519522254,-0.00642395,-9.847717,0.45251465
1398519522685020304,1803059,1398519522254,0.06022644,-9.860809,0.45013428
1398519522690116740,1803070,1398519522265,0.026901245,-9.877472,0.46084595
1398519522695731974,1803073,1398519522269,0.031661987,-9.835815,0.3918152
1398519522699424601,1803073,1398519522269,0.048324585,-9.870331,0.42990112
1398519522704551554,1803080,1398519522275,0.053085327,-9.812012,0.47869873
1398519522709709025,1803087,1398519522283,0.011428833,-9.86438,0.473938
1398519522714958048,1803089,1398519522284,7.171631E-4,-9.810822,0.50964355
1398519522719779825,1803099,1398519522295,0.054275513,-9.840576,0.41680908
1398519522725211954,1803099,1398519522295,0.018569946,-9.906036,0.46084595
1398519522729942179,1803109,1398519522305,0.01499939,-9.884613,0.4489441
1398519522735404825,1803109,1398519522305,0.01737976,-9.846527,0.37753296
1398519522739951945,1803119,1398519522315,-0.0076141357,-9.840576,0.4822693
1398519522745414591,1803119,1398519522315,-0.0028533936,-9.898895,0.4906006
1398519522749931193,1803129,1398519522324,-0.015945435,-9.876282,0.39657593
1398519522755088663,1803129,1398519522324,0.06736755,-9.86319,0.46084595
1398519522760490275,1803140,1398519522335,0.016189575,-9.879852,0.42752075
1398519522765647745,1803140,1398519522335,0.01499939,-9.828674,0.41680908
1398519522770164347,1803149,1398519522345,0.04475403,-9.870331,0.44537354
1398519522775535441,1803149,1398519522345,0.04118347,-9.8619995,0.37634277
1398519522780692911,1803160,1398519522356,0.032852173,-9.873901,0.4310913
1398519522785911417,1803160,1398519522356,0.011428833,-9.850098,0.4810791
1398519522790305949,1803169,1398519522365,0.072128296,-9.858429,0.4477539
1398519522795646525,1803169,1398519522365,0.053085327,-9.879852,0.4560852
1398519522800346232,1803179,1398519522375,-0.012374878,-9.86557,0.37158203
1398519522805625773,1803179,1398519522375,-0.0028533936,-9.900085,0.49893188
1398519522811057902,1803191,1398519522386,0.030471802,-9.886993,0.44537354
1398519522816245890,1803191,1398519522387,0.0030975342,-9.903656,0.4727478
1398519522820365763,1803198,1398519522393,0.039993286,-9.825104,0.49417114
1398519522825431681,1803199,1398519522395,0.010238647,-9.852478,0.42276
1398519522831504679,1803211,1398519522406,0.0388031,-9.842957,0.51083374
1398519522836784220,1803211,1398519522407,0.013809204,-9.842957,0.45370483
1398519522840507365,1803218,1398519522414,0.0388031,-9.885803,0.4156189
1398519522845725870,1803221,1398519522416,0.019760132,-9.852478,0.45370483
1398519522850669718,1803230,1398519522425,0.009048462,-9.86676,0.46084595
1398519522856010294,1803230,1398519522425,0.050704956,-9.883423,0.46322632
1398519522861320353,1803241,1398519522436,0.0388031,-9.848907,0.45965576
1398519522866660929,1803241,1398519522437,0.01737976,-9.857239,0.45965576
1398519522870750284,1803250,1398519522445,0.03404236,-9.871521,0.42871094
1398519522875968790,1803250,1398519522445,0.035232544,-9.914368,0.4394226
1398519522881828165,1803261,1398519522457,0.030471802,-9.842957,0.42276
1398519522887107706,1803261,1398519522457,0.045944214,-9.845337,0.4477539
1398519522890891886,1803268,1398519522464,0.045944214,-9.845337,0.4477539
1398519522896110392,1803271,1398519522467,-0.030227661,-9.890564,0.43466187
1398519522900962687,1803280,1398519522475,0.07450867,-9.871521,0.4406128
1398519522906242228,1803280,1398519522476,0.020950317,-9.828674,0.42156982
1398519522911857462,1803291,1398519522487,0.023330688,-9.940552,0.43347168
1398519522917075968,1803291,1398519522487,0.011428833,-9.901276,0.44656372
1398519522921134806,1803300,1398519522496,0.011428833,-9.901276,0.44656372
1398519522926383829,1803300,1398519522496,0.022140503,-9.852478,0.42990112
1398519522931999064,1803311,1398519522507,-0.008804321,-9.826294,0.4322815
1398519522937187052,1803311,1398519522507,0.0554657,-9.857239,0.37753296
1398519522941337443,1803322,1398519522517,0.010238647,-9.851288,0.46679688
1398519522946678019,1803322,1398519522518,0.023330688,-9.86438,0.3656311
1398519522951316691,1803328,1398519522524,-0.004043579,-9.86319,0.46084595
1398519522956321574,1803330,1398519522526,0.023330688,-9.845337,0.42156982
1398519522962638712,1803342,1398519522538,0.012619019,-9.841766,0.44299316
1398519522967887736,1803342,1398519522538,0.02809143,-9.876282,0.43466187
1398519522971458292,1803348,1398519522544,0.029281616,-9.870331,0.45251465
1398519522976463175,1803350,1398519522546,0.0471344,-9.876282,0.43585205
1398519522982780314,1803362,1398519522558,0.042373657,-9.889374,0.45489502
1398519522988059855,1803362,1398519522558,0.02571106,-9.909607,0.4572754
1398519522991569376,1803369,1398519522564,0.02571106,-9.840576,0.40133667
1398519522996604777,1803371,1398519522566,0.006668091,-9.879852,0.4477539
1398519523002677775,1803382,1398519522578,0.04951477,-9.8619995,0.40252686
1398519523007957316,1803382,1398519522578,0.02571106,-9.822723,0.44299316
1398519523011772013,1803391,1398519522587,0.018569946,-9.877472,0.44537354
1398519523016929484,1803391,1398519522587,0.032852173,-9.892944,0.42990112
1398519523021964884,1803402,1398519522598,0.0471344,-9.828674,0.4644165
1398519523027915812,1803402,1398519522598,0.023330688,-9.841766,0.45132446
1398519523031883097,1803407,1398519522603,0.03642273,-9.834625,0.3918152
1398519523036887980,1803410,1398519522606,0.06855774,-9.8619995,0.39419556
1398519523043205118,1803422,1398519522618,0.023330688,-9.804871,0.4322815
1398519523048210001,1803422,1398519522618,0.043563843,-9.876282,0.49417114
1398519523051994181,1803431,1398519522626,0.029281616,-9.875092,0.46798706
1398519523057182169,1803431,1398519522626,-0.001663208,-9.876282,0.4894104
1398519523063316202,1803443,1398519522638,0.07926941,-9.878662,0.4239502
1398519523068504191,1803443,1398519522638,0.054275513,-9.846527,0.390625
1398519523072166300,1803451,1398519522647,0.016189575,-9.933411,0.36325073
1398519523077323771,1803451,1398519522647,0.043563843,-9.878662,0.41085815
1398519523082877970,1803462,1398519522658,-0.0028533936,-9.889374,0.38824463
1398519523088035441,1803462,1398519522658,0.009048462,-9.901276,0.44180298
1398519523092399454,1803473,1398519522668,0.016189575,-9.8619995,0.46917725
1398519523098075724,1803473,1398519522669,-0.032608032,-9.86319,0.46084595
1398519523102360542,1803477,1398519522673,0.09712219,-9.810822,0.41085815
1398519523107395943,1803481,1398519522677,-0.018325806,-9.854858,0.42514038
1398519523113682564,1803493,1398519522689,0.037612915,-9.827484,0.49298096
1398519523118870552,1803493,1398519522689,-0.0052337646,-9.832245,0.3739624
1398519523122502144,1803501,1398519522697,0.02809143,-9.860809,0.4644165
1398519523127629097,1803502,1398519522697,0.039993286,-9.869141,0.4060974
1398519523133671578,1803512,1398519522708,0.010238647,-9.897705,0.45251465
1398519523138371285,1803512,1398519522708,0.02809143,-9.902466,0.47631836
1398519523142918404,1803522,1398519522718,0.02571106,-9.86438,0.40014648
1398519523148106392,1803522,1398519522718,0.0042877197,-9.856049,0.41085815
1398519523153141792,1803532,1398519522728,0.06022644,-9.916748,0.4656067
1398519523158207710,1803532,1398519522728,0.04951477,-9.898895,0.46203613
1398519523163090523,1803542,1398519522738,0.0030975342,-9.911987,0.41204834
1398519523168370064,1803543,1398519522738,0.042373657,-9.8941345,0.42871094
1398519523173008736,1803552,1398519522748,0.024520874,-9.840576,0.42037964
1398519523178471382,1803552,1398519522748,0.0042877197,-9.896515,0.46917725
1398519523183323677,1803563,1398519522758,0.020950317,-9.857239,0.3894348
1398519523188603218,1803563,1398519522758,0.043563843,-9.879852,0.3489685
1398519523193119820,1803572,1398519522768,0.026901245,-9.842957,0.4656067
1398519523198490914,1803572,1398519522768,-0.025466919,-9.815582,0.42990112
1398519523203617867,1803583,1398519522778,0.009048462,-9.8810425,0.42990112
1398519523208836372,1803583,1398519522779,0.01499939,-9.852478,0.46322632
1398519523213230904,1803592,1398519522788,0.01499939,-9.852478,0.46322632
1398519523218601997,1803592,1398519522788,0.03404236,-9.817963,0.40133667
1398519523223789986,1803603,1398519522799,-0.001663208,-9.892944,0.44299316
1398519523228977974,1803603,1398519522799,0.022140503,-9.86438,0.44180298
1398519523233403023,1803612,1398519522808,0.05784607,-9.870331,0.37039185
1398519523238774117,1803613,1398519522808,0.03404236,-9.892944,0.47155762
1398519523243962105,1803623,1398519522819,0.03404236,-9.886993,0.45013428
1398519523249150093,1803623,1398519522819,0.04951477,-9.886993,0.42990112
1398519523253544624,1803633,1398519522828,0.07569885,-9.878662,0.42752075
1398519523258885201,1803633,1398519522828,0.024520874,-9.856049,0.42752075
1398519523264103706,1803643,1398519522839,0.018569946,-9.860809,0.41085815
1398519523269383247,1803644,1398519522839,0.01499939,-9.857239,0.44299316
1398519523273655708,1803653,1398519522848,0.011428833,-9.870331,0.47869873
1398519523279026802,1803653,1398519522848,-0.021896362,-9.831055,0.3489685
1398519523284245308,1803664,1398519522859,0.03404236,-9.844147,0.4965515
1398519523289524849,1803664,1398519522859,0.023330688,-9.886993,0.4310913
1398519523293827828,1803673,1398519522868,-0.00642395,-9.909607,0.47155762
1398519523299198921,1803673,1398519522869,0.042373657,-9.900085,0.41323853
1398519523304386910,1803684,1398519522879,0.022140503,-9.845337,0.42752075
1398519523309666451,1803684,1398519522879,0.02571106,-9.876282,0.43704224
1398519523313938912,1803693,1398519522889,0.03404236,-9.826294,0.43585205
1398519523319310005,1803693,1398519522889,0.0042877197,-9.825104,0.43823242
1398519523324528511,1803704,1398519522899,-0.001663208,-9.879852,0.41918945
1398519523329808052,1803704,1398519522900,0.03642273,-9.898895,0.42156982
1398519523334111031,1803713,1398519522909,0.012619019,-9.886993,0.47155762
1398519523339482124,1803713,1398519522909,0.022140503,-9.885803,0.46203613
1398519523344670113,1803724,1398519522920,0.012619019,-9.857239,0.51916504
1398519523349858101,1803724,1398519522920,0.043563843,-9.890564,0.5215454
1398519523354252632,1803733,1398519522929,0.006668091,-9.847717,0.47512817
1398519523359593208,1803733,1398519522929,0.037612915,-9.883423,0.41918945
1398519523364781197,1803744,1398519522940,0.045944214,-9.8619995,0.42037964
1398519523369969185,1803744,1398519522940,0.05189514,-9.872711,0.48345947
1398519523374394234,1803753,1398519522949,7.171631E-4,-9.903656,0.45965576
1398519523379765328,1803754,1398519522949,7.171631E-4,-9.86557,0.48583984
1398519523384953316,1803764,1398519522960,-0.0135650635,-9.8013,0.42633057
1398519523390141304,1803764,1398519522960,-0.020706177,-9.846527,0.45251465
1398519523394535835,1803774,1398519522969,0.029281616,-9.846527,0.4489441
1398519523399906929,1803774,1398519522969,0.024520874,-9.86319,0.4239502
1398519523405064400,1803784,1398519522980,-0.0076141357,-9.871521,0.48703003
1398519523410252388,1803784,1398519522980,-0.014755249,-9.877472,0.43585205
1398519523414677437,1803794,1398519522989,-0.023086548,-9.885803,0.4656067
1398519523420048531,1803794,1398519522990,0.08641052,-9.8298645,0.473938
1398519523425206001,1803805,1398519523000,0.0030975342,-9.840576,0.49893188
1398519523430485542,1803805,1398519523000,-0.004043579,-9.889374,0.43347168
1398519523434819039,1803814,1398519523009,0.048324585,-9.825104,0.390625
1398519523440190132,1803814,1398519523010,0.05784607,-9.853668,0.3822937
1398519523445378121,1803825,1398519523020,0.022140503,-9.858429,0.44656372
1398519523450627144,1803825,1398519523020,0.031661987,-9.9453125,0.3918152
1398519523454930122,1803834,1398519523030,0.0042877197,-9.903656,0.46679688
1398519523460270699,1803834,1398519523030,-0.0028533936,-9.840576,0.41085815
1398519523465489205,1803845,1398519523040,0.023330688,-9.914368,0.47750854
1398519523470768746,1803845,1398519523041,0.019760132,-9.878662,0.45132446
1398519523475071724,1803854,1398519523050,0.013809204,-9.844147,0.4656067
1398519523480442818,1803854,1398519523050,0.030471802,-9.885803,0.46203613
1398519523485630806,1803865,1398519523060,0.03404236,-9.804871,0.35253906
1398519523490818794,1803865,1398519523061,0.024520874,-9.848907,0.40014648
1398519523495243843,1803874,1398519523070,0.024520874,-9.848907,0.40014648
1398519523500614937,1803875,1398519523070,0.07331848,-9.903656,0.45251465
1398519523505802925,1803885,1398519523081,0.02809143,-9.838196,0.4822693
1398519523510990914,1803885,1398519523081,0.011428833,-9.875092,0.42990112
1398519523515385445,1803894,1398519523090,0.011428833,-9.875092,0.42990112
1398519523520756539,1803895,1398519523090,0.10783386,-9.889374,0.44180298
1398519523525914009,1803905,1398519523101,0.006668091,-9.879852,0.44299316
1398519523531101997,1803905,1398519523101,0.037612915,-9.8619995,0.44180298
1398519523535527046,1803915,1398519523110,0.03404236,-9.871521,0.41085815
1398519523540898140,1803915,1398519523110,0.020950317,-9.86795,0.49893188
1398519523546025093,1803925,1398519523121,0.010238647,-9.879852,0.47631836
1398519523551243599,1803926,1398519523121,-0.018325806,-9.86438,0.41323853
1398519523555668648,1803935,1398519523130,0.04118347,-9.873901,0.5072632
1398519523561039742,1803935,1398519523130,7.171631E-4,-9.876282,0.45251465
1398519523566227730,1803946,1398519523141,-0.0028533936,-9.86319,0.45013428
1398519523571476753,1803946,1398519523141,0.018569946,-9.909607,0.48583984
1398519523575779732,1803955,1398519523150,0.020950317,-9.854858,0.43347168
1398519523581150826,1803955,1398519523151,0.037612915,-9.941742,0.4060974
1398519523586338814,1803966,1398519523161,0.023330688,-9.852478,0.45132446
1398519523591618355,1803966,1398519523161,0.06260681,-9.877472,0.506073
1398519523595921333,1803975,1398519523171,-0.008804321,-9.846527,0.47155762
1398519523601322945,1803975,1398519523171,0.016189575,-9.821533,0.4394226
1398519523606449898,1803986,1398519523181,-0.012374878,-9.845337,0.43466187
1398519523611729439,1803986,1398519523182,0.0042877197,-9.860809,0.43347168
1398519523616062935,1803995,1398519523191,-4.7302246E-4,-9.86438,0.4144287
1398519523621434029,1803995,1398519523191,0.0388031,-9.890564,0.4727478
1398519523626622017,1804006,1398519523202,0.032852173,-9.889374,0.390625
1398519523631871040,1804006,1398519523202,0.069747925,-9.882233,0.47988892
1398519523636204537,1804015,1398519523211,0.07331848,-9.86676,0.3918152
1398519523641545113,1804015,1398519523211,-0.020706177,-9.902466,0.44299316
1398519523646916206,1804026,1398519523222,0.007858276,-9.854858,0.4656067
1398519523652134712,1804026,1398519523222,-0.0052337646,-9.8810425,0.473938
1398519523656224068,1804031,1398519523227,0.02571106,-9.897705,0.41918945
1398519523661259468,1804037,1398519523232,0.03404236,-9.873901,0.39538574
1398519523666325386,1804045,1398519523241,0.0030975342,-9.858429,0.42156982
1398519523671574410,1804045,1398519523241,-0.019515991,-9.8810425,0.3894348
1398519523677433785,1804057,1398519523252,0.026901245,-9.848907,0.4239502
1398519523682652290,1804057,1398519523253,0.03404236,-9.8013,0.45013428
1398519523686436470,1804064,1398519523260,0.031661987,-9.890564,0.4156189
1398519523691624458,1804065,1398519523261,0.019760132,-9.850098,0.44418335
1398519523697789009,1804077,1398519523273,0.043563843,-9.890564,0.4489441
1398519523702976997,1804077,1398519523273,-0.012374878,-9.804871,0.4322815
1398519523706608589,1804084,1398519523280,0.037612915,-9.845337,0.40847778
1398519523711735542,1804086,1398519523281,0.016189575,-9.822723,0.3977661
1398519523717411812,1804097,1398519523292,-0.0052337646,-9.851288,0.38705444
1398519523722691353,1804097,1398519523293,0.04951477,-9.823914,0.4322815
1398519523726811226,1804106,1398519523301,0.0054779053,-9.859619,0.5239258
1398519523732121285,1804106,1398519523302,0.030471802,-9.911987,0.4656067
1398519523737583931,1804117,1398519523313,-0.0052337646,-9.869141,0.41323853
1398519523742832955,1804117,1398519523313,0.039993286,-9.871521,0.3656311
1398519523746891792,1804126,1398519523321,0.04951477,-9.848907,0.5048828
1398519523752140816,1804126,1398519523322,0.030471802,-9.872711,0.36206055
1398519523758122261,1804138,1398519523333,0.03404236,-9.823914,0.44418335
1398519523763401802,1804138,1398519523333,0.012619019,-9.837006,0.45013428
1398519523767033394,1804144,1398519523340,0.012619019,-9.837006,0.45013428
1398519523772160347,1804146,1398519523342,0.037612915,-9.848907,0.40371704
1398519523777928169,1804157,1398519523353,0.023330688,-9.878662,0.473938
1398519523783146675,1804157,1398519523353,0.012619019,-9.8810425,0.45846558
1398519523787205513,1804166,1398519523362,0.012619019,-9.8810425,0.45846558
1398519523792424019,1804166,1398519523362,0.01737976,-9.840576,0.506073
1398519523798374947,1804178,1398519523373,0.039993286,-9.845337,0.43704224
1398519523803562935,1804178,1398519523373,0.020950317,-9.86438,0.47869873
1398519523807316597,1804185,1398519523380,0.020950317,-9.86438,0.47869873
1398519523812474068,1804187,1398519523382,0.04951477,-9.871521,0.45013428
1398519523817967232,1804197,1398519523393,0.026901245,-9.882233,0.4406128
1398519523823155220,1804197,1398519523393,0.039993286,-9.857239,0.42514038
1398519523827580269,1804207,1398519523402,-0.012374878,-9.895325,0.49417114
1398519523832951363,1804207,1398519523402,0.06736755,-9.873901,0.37634277
1398519523838108833,1804217,1398519523413,0.04475403,-9.883423,0.473938
1398519523843296822,1804218,1398519523413,-0.030227661,-9.890564,0.44418335
1398519523847721871,1804227,1398519523422,0.053085327,-9.86438,0.48464966
1398519523853062447,1804227,1398519523423,-0.011184692,-9.858429,0.3977661
1398519523858219917,1804238,1398519523433,0.05784607,-9.883423,0.46679688
1398519523863499458,1804238,1398519523433,0.06022644,-9.854858,0.43585205
1398519523867832955,1804247,1398519523443,0.056655884,-9.891754,0.473938
1398519523873234566,1804247,1398519523443,0.0042877197,-9.882233,0.44180298
1398519523878361519,1804258,1398519523453,0.04475403,-9.892944,0.3894348
1398519523883641060,1804258,1398519523454,0.04951477,-9.841766,0.4727478
1398519523887974556,1804267,1398519523463,0.030471802,-9.871521,0.43347168
1398519523893345650,1804267,1398519523463,-0.0028533936,-9.846527,0.42037964
1398519523898533638,1804278,1398519523474,0.023330688,-9.86795,0.4560852
1398519523903782662,1804278,1398519523474,0.053085327,-9.888184,0.3977661
1398519523908116158,1804287,1398519523483,-0.001663208,-9.858429,0.42633057
1398519523913517769,1804287,1398519523483,0.0554657,-9.896515,0.4156189
1398519523918675240,1804298,1398519523494,0.022140503,-9.8619995,0.4322815
1398519523923924263,1804298,1398519523494,0.019760132,-9.854858,0.4560852
1398519523928257759,1804307,1398519523503,0.02809143,-9.86795,0.45370483
1398519523933598335,1804307,1398519523503,0.04951477,-9.838196,0.4572754
1398519523938969429,1804318,1398519523514,0.029281616,-9.877472,0.45132446
1398519523944157417,1804319,1398519523514,-0.04689026,-9.900085,0.3894348
1398519523948277290,1804322,1398519523518,0.04118347,-9.872711,0.4560852
1398519523954594429,1804332,1398519523528,0.018569946,-9.888184,0.44418335
1398519523958622749,1804333,1398519523528,0.06260681,-9.896515,0.42276
1398519523963383492,1804338,1398519523534,-0.0052337646,-9.873901,0.45846558
1398519523968418892,1804345,1398519523541,0.043563843,-9.889374,0.4406128
1398519523973454292,1804347,1398519523543,-0.015945435,-9.853668,0.4477539
1398519523978489693,1804356,1398519523551,0.043563843,-9.917938,0.45251465
1398519523983525093,1804357,1398519523553,0.050704956,-9.909607,0.45965576
1398519523989842232,1804369,1398519523565,-0.012374878,-9.878662,0.47036743
1398519523995030220,1804369,1398519523565,0.0471344,-9.882233,0.47155762
1398519523998631294,1804374,1398519523570,0.05189514,-9.869141,0.4965515
1398519524003666695,1804379,1398519523574,0.069747925,-9.871521,0.4477539
1398519524008702095,1804386,1398519523582,0.06022644,-9.846527,0.45132446
1398519524013859566,1804388,1398519523583,0.02809143,-9.8810425,0.46084595
1398519524018772896,1804396,1398519523592,0.04118347,-9.826294,0.49179077
1398519524023960884,1804398,1398519523593,0.022140503,-9.839386,0.4656067
1398519524028843697,1804407,1398519523602,0.05189514,-9.884613,0.45132446
1398519524034031685,1804408,1398519523604,0.031661987,-9.871521,0.41680908
1398519524039494331,1804419,1398519523615,0.031661987,-9.896515,0.39657593
1398519524044773872,1804419,1398519523615,0.012619019,-9.870331,0.45489502
1398519524049137886,1804428,1398519523624,0.032852173,-9.871521,0.36206055
1398519524054508980,1804428,1398519523624,0.01737976,-9.882233,0.42514038
1398519524059666451,1804439,1398519523635,0.03404236,-9.831055,0.38586426
1398519524064945992,1804439,1398519523635,0.024520874,-9.86795,0.47988892
1398519524069126900,1804446,1398519523642,0.024520874,-9.86795,0.47988892
1398519524074162300,1804449,1398519523645,0.006668091,-9.86557,0.45489502
1398519524079197701,1804455,1398519523651,-0.0052337646,-9.869141,0.3739624
1398519524084233101,1804459,1398519523655,-0.001663208,-9.860809,0.42752075
1398519524089360054,1804468,1398519523664,0.029281616,-9.848907,0.40014648
1398519524094700630,1804469,1398519523664,0.06736755,-9.884613,0.4406128
1398519524099491890,1804479,1398519523674,0.06736755,-9.884613,0.4406128
1398519524104862984,1804479,1398519523674,0.063797,-9.889374,0.38824463
1398519524109532173,1804489,1398519523684,0.012619019,-9.886993,0.45251465
1398519524114933785,1804489,1398519523684,0.012619019,-9.876282,0.43585205
1398519524120091255,1804499,1398519523695,0.023330688,-9.896515,0.40252686
1398519524125279244,1804501,1398519523696,0.039993286,-9.787018,0.4406128
1398519524129612740,1804507,1398519523702,0.039993286,-9.901276,0.41680908
1398519524134617622,1804508,1398519523704,0.061416626,-9.891754,0.44656372
1398519524139866646,1804519,1398519523715,0.016189575,-9.86795,0.4572754
1398519524145298775,1804519,1398519523715,0.037612915,-9.890564,0.48583984
1398519524149876412,1804529,1398519523725,0.03642273,-9.850098,0.4239502
1398519524155339058,1804529,1398519523725,0.018569946,-9.934601,0.4322815
1398519524160038765,1804539,1398519523735,0.031661987,-9.8941345,0.4156189
1398519524165470894,1804540,1398519523735,-0.0076141357,-9.906036,0.39419556
1398519524170109566,1804549,1398519523745,7.171631E-4,-9.884613,0.3572998
1398519524175572212,1804551,1398519523746,0.050704956,-9.86319,0.4965515
1398519524179905708,1804557,1398519523753,0.031661987,-9.820343,0.3739624
1398519524185124214,1804559,1398519523754,0.009048462,-9.873901,0.47512817
1398519524190586861,1804571,1398519523767,7.171631E-4,-9.877472,0.4406128
1398519524195957955,1804571,1398519523767,0.02571106,-9.875092,0.42037964
1398519524200077828,1804577,1398519523773,-0.030227661,-9.823914,0.4239502
1398519524205082710,1804579,1398519523774,0.020950317,-9.850098,0.39300537
1398519524210789497,1804590,1398519523786,0.037612915,-9.80011,0.42156982
1398519524216069039,1804590,1398519523786,0.022140503,-9.879852,0.41918945
1398519524220310982,1804599,1398519523795,0.048324585,-9.896515,0.4644165
1398519524225590523,1804600,1398519523795,-0.012374878,-9.889374,0.42514038
1398519524230412300,1804609,1398519523805,0.032852173,-9.846527,0.37991333
1398519524235752876,1804610,1398519523805,0.056655884,-9.832245,0.40966797
1398519524240940865,1804621,1398519523816,0.0471344,-9.895325,0.41085815
1398519524246128853,1804621,1398519523817,0.02809143,-9.86795,0.4560852
1398519524250431831,1804628,1398519523824,0.06498718,-9.883423,0.47988892
1398519524255619820,1804629,1398519523825,0.026901245,-9.86795,0.43823242
1398519524261753853,1804641,1398519523837,0.04118347,-9.86557,0.42037964
1398519524266941841,1804641,1398519523837,0.0030975342,-9.875092,0.5310669
1398519524270603951,1804648,1398519523844,-0.023086548,-9.808441,0.50131226
1398519524275730904,1804651,1398519523846,0.01499939,-9.8941345,0.43823242
1398519524280735787,1804660,1398519523855,0.03642273,-9.875092,0.37991333
1398519524286076363,1804660,1398519523856,0.045944214,-9.876282,0.42990112
1398519524291294869,1804671,1398519523866,0.02571106,-9.873901,0.4727478
1398519524296543892,1804671,1398519523867,0.042373657,-9.86319,0.4239502
1398519524300877388,1804680,1398519523876,-0.031417847,-9.853668,0.45013428
1398519524306248482,1804680,1398519523876,0.037612915,-9.831055,0.4072876
1398519524311436470,1804691,1398519523886,0.02809143,-9.92746,0.44418335
1398519524316716011,1804691,1398519523887,-0.011184692,-9.837006,0.42752075
1398519524321049507,1804701,1398519523897,0.03642273,-9.834625,0.42752075
1398519524326420601,1804701,1398519523897,0.056655884,-9.857239,0.40371704
1398519524331089790,1804711,1398519523906,0.020950317,-9.838196,0.4394226
1398519524336430367,1804711,1398519523907,-0.019515991,-9.889374,0.41323853
1398519524341191109,1804721,1398519523916,0.010238647,-9.876282,0.45132446
1398519524346592720,1804721,1398519523917,0.042373657,-9.882233,0.38824463
1398519524351261910,1804731,1398519523927,0.012619019,-9.914368,0.36801147
1398519524356663521,1804731,1398519523927,0.029281616,-9.892944,0.45132446
1398519524361332710,1804741,1398519523936,0.013809204,-9.86676,0.4406128
1398519524366734322,1804741,1398519523936,0.01499939,-9.873901,0.42990112
1398519524371830757,1804751,1398519523947,0.013809204,-9.876282,0.45013428
1398519524377049263,1804751,1398519523947,0.020950317,-9.823914,0.46679688
1398519524381443794,1804761,1398519523957,0.020950317,-9.823914,0.46679688
1398519524386814888,1804762,1398519523957,-0.026657104,-9.906036,0.5298767
1398519524391484078,1804771,1398519523967,-0.026657104,-9.906036,0.5298767
1398519524396794136,1804771,1398519523967,0.031661987,-9.86676,0.43585205
1398519524402012642,1804782,1398519523977,0.010238647,-9.920319,0.47869873
1398519524407444771,1804782,1398519523978,-0.009994507,-9.8941345,0.4394226
1398519524411564644,1804791,1398519523986,0.06022644,-9.853668,0.4560852
1398519524416783150,1804791,1398519523987,0.04475403,-9.848907,0.45370483
1398519524422215279,1804802,1398519523997,0.029281616,-9.844147,0.4239502
1398519524427433785,1804802,1398519523997,0.006668091,-9.851288,0.40966797
1398519524431828316,1804811,1398519524007,0.030471802,-9.870331,0.5298767
1398519524437199410,1804811,1398519524007,0.012619019,-9.858429,0.4477539
1398519524442356880,1804822,1398519524017,0.054275513,-9.86676,0.41323853
1398519524447605904,1804822,1398519524018,0.022140503,-9.846527,0.43704224
1398519524451969917,1804831,1398519524027,0.04118347,-9.789398,0.42276
1398519524457341011,1804831,1398519524027,0.07807922,-9.835815,0.4406128
1398519524461918648,1804839,1398519524035,0.050704956,-9.86557,0.47036743
1398519524466923531,1804841,1398519524036,0.0042877197,-9.878662,0.45846558
1398519524473240669,1804853,1398519524048,0.032852173,-9.857239,0.4477539
1398519524478520210,1804853,1398519524048,0.04951477,-9.86438,0.45013428
1398519524482090767,1804857,1398519524053,0.07093811,-9.86319,0.42633057
1398519524487095650,1804861,1398519524057,0.0019073486,-9.879852,0.46679688
1398519524492771919,1804872,1398519524068,0.02809143,-9.876282,0.4906006
1398519524498020943,1804872,1398519524068,0.0471344,-9.908417,0.40490723
1398519524502201851,1804877,1398519524073,0.048324585,-9.823914,0.41680908
1398519524507206734,1804881,1398519524077,0.031661987,-9.886993,0.44299316
1398519524513523872,1804892,1398519524088,0.048324585,-9.839386,0.37634277
1398519524518254097,1804892,1398519524088,0.019760132,-9.885803,0.40847778
1398519524522465523,1804902,1398519524097,0.06260681,-9.877472,0.40966797
1398519524527836617,1804902,1398519524097,0.023330688,-9.86438,0.46203613
1398519524532994087,1804912,1398519524108,0.01499939,-9.895325,0.4322815
1398519524538212593,1804913,1398519524108,0.029281616,-9.892944,0.40490723
1398519524542607124,1804922,1398519524117,0.022140503,-9.86557,0.4394226
1398519524547947701,1804922,1398519524117,0.0019073486,-9.853668,0.46084595
1398519524553166206,1804933,1398519524128,0.023330688,-9.895325,0.43704224
1398519524558384712,1804933,1398519524128,0.016189575,-9.882233,0.41323853
1398519524562748726,1804942,1398519524137,0.032852173,-9.898895,0.42871094
1398519524568089302,1804942,1398519524138,7.171631E-4,-9.933411,0.48583984
1398519524573277290,1804953,1398519524148,-0.021896362,-9.898895,0.45013428
1398519524578465279,1804953,1398519524148,0.023330688,-9.86676,0.4560852
1398519524582890328,1804962,1398519524158,0.06022644,-9.860809,0.42156982
1398519524588230904,1804962,1398519524158,0.02571106,-9.813202,0.41204834
1398519524593418892,1804973,1398519524168,0.0019073486,-9.860809,0.5298767
1398519524598667915,1804973,1398519524169,0.031661987,-9.844147,0.40490723
1398519524603001412,1804982,1398519524178,0.07569885,-9.870331,0.4394226
1398519524608372505,1804982,1398519524178,0.061416626,-9.900085,0.4144287
1398519524613560494,1804993,1398519524189,0.024520874,-9.885803,0.45251465
1398519524618809517,1804993,1398519524189,-0.004043579,-9.909607,0.4965515
1398519524623143013,1805002,1398519524198,0.03404236,-9.845337,0.46679688
1398519524628514107,1805003,1398519524198,0.050704956,-9.872711,0.42156982
1398519524633702095,1805013,1398519524209,0.01499939,-9.844147,0.38705444
1398519524638951119,1805013,1398519524209,0.03642273,-9.833435,0.51083374
1398519524643284615,1805022,1398519524218,0.019760132,-9.858429,0.42037964
1398519524648686226,1805023,1398519524218,0.04475403,-9.806061,0.44299316
1398519524653813179,1805033,1398519524229,0.07450867,-9.907227,0.5239258
1398519524659092720,1805033,1398519524229,0.030471802,-9.86676,0.4477539
1398519524663426216,1805043,1398519524238,0.030471802,-9.86676,0.4477539
1398519524668766792,1805043,1398519524238,0.011428833,-9.917938,0.4644165
1398519524674107369,1805054,1398519524249,0.06617737,-9.858429,0.47155762
1398519524679295357,1805054,1398519524249,0.010238647,-9.883423,0.41204834
1398519524683598335,1805063,1398519524258,0.010238647,-9.883423,0.41204834
1398519524688908394,1805063,1398519524258,-0.0076141357,-9.851288,0.5036926
1398519524694126900,1805074,1398519524270,0.013809204,-9.8619995,0.473938
1398519524699314888,1805075,1398519524270,0.010238647,-9.889374,0.3977661
1398519524703856039,1805079,1398519524274,0.045944214,-9.873901,0.48583984
1398519524708860921,1805086,1398519524282,0.06617737,-9.859619,0.44537354
1398519524713926839,1805088,1398519524284,0.023330688,-9.877472,0.45013428
1398519524718962240,1805093,1398519524288,0.007858276,-9.877472,0.44656372
1398519524723997640,1805098,1398519524293,0.07093811,-9.876282,0.42633057
1398519524729155111,1805106,1398519524301,0.02809143,-9.859619,0.47869873
1398519524734068441,1805109,1398519524305,0.035232544,-9.86319,0.4310913
1398519524739073324,1805116,1398519524312,-0.00642395,-9.848907,0.44180298
1398519524744200277,1805119,1398519524315,0.07688904,-9.878662,0.47750854
1398519524749205160,1805126,1398519524322,0.007858276,-9.838196,0.40133667
1398519524754301595,1805129,1398519524325,0.010238647,-9.886993,0.5132141
1398519524759275961,1805136,1398519524332,0.063797,-9.891754,0.48464966
1398519524764372396,1805139,1398519524335,0.018569946,-9.853668,0.4060974
1398519524769316244,1805146,1398519524342,0.024520874,-9.86438,0.47036743
1398519524774321127,1805149,1398519524345,0.009048462,-9.908417,0.4882202
1398519524779356527,1805156,1398519524352,0.026901245,-9.858429,0.41323853
1398519524784422445,1805159,1398519524355,0.016189575,-9.852478,0.38705444
1398519524789457845,1805166,1398519524362,0.02571106,-9.885803,0.44299316
1398519524794493246,1805168,1398519524364,0.022140503,-9.92746,0.5227356
1398519524799559164,1805176,1398519524372,0.032852173,-9.838196,0.43585205
1398519524804686117,1805178,1398519524374,0.016189575,-9.8810425,0.40014648
1398519524809629964,1805186,1398519524382,0.04951477,-9.816772,0.3668213
1398519524814756918,1805188,1398519524384,0.06498718,-9.904846,0.4394226
1398519524819700765,1805197,1398519524392,0.011428833,-9.851288,0.35134888
1398519524824766683,1805200,1398519524395,0.056655884,-9.902466,0.47631836
1398519524829741048,1805206,1398519524402,0.048324585,-9.878662,0.4156189
1398519524834898519,1805211,1398519524406,0.01737976,-9.846527,0.40371704
1398519524839811849,1805217,1398519524412,-0.001663208,-9.8810425,0.4477539
1398519524844847250,1805218,1398519524414,0.022140503,-9.891754,0.46917725
1398519524850004720,1805227,1398519524422,0.020950317,-9.870331,0.42514038
1398519524854979086,1805229,1398519524424,0.032852173,-9.911987,0.4394226
1398519524860106039,1805237,1398519524433,-0.004043579,-9.871521,0.42871094
1398519524865080404,1805239,1398519524434,0.022140503,-9.876282,0.4406128
1398519524870176839,1805247,1398519524443,-0.026657104,-9.882233,0.4727478
1398519524875151205,1805249,1398519524444,0.02571106,-9.898895,0.42156982
1398519524880461263,1805257,1398519524453,0.042373657,-9.838196,0.37039185
1398519524885191488,1805259,1398519524455,0.029281616,-9.875092,0.41680908
1398519524890440511,1805267,1398519524463,0.0554657,-9.8810425,0.42990112
1398519524895323324,1805269,1398519524465,0.061416626,-9.92746,0.4822693
1398519524900602865,1805277,1398519524473,0.02809143,-9.831055,0.4310913
1398519524905363607,1805279,1398519524474,0.037612915,-9.896515,0.4406128
1398519524910276937,1805286,1398519524481,7.171631E-4,-9.8619995,0.4906006
1398519524915312337,1805292,1398519524487,0.05189514,-9.908417,0.46679688
1398519524920347738,1805294,1398519524490,0.043563843,-9.854858,0.44656372
1398519524925383138,1805301,1398519524497,0.061416626,-9.870331,0.40847778
1398519524930418539,1805304,1398519524500,0.06736755,-9.890564,0.47155762
1398519524935453939,1805310,1398519524506,0.024520874,-9.842957,0.3572998
1398519524940550375,1805317,1398519524513,0.069747925,-9.86438,0.4310913
1398519524945677328,1805319,1398519524515,0.02809143,-9.86557,0.45251465
1398519524950926351,1805328,1398519524523,0.023330688,-9.86557,0.43466187
1398519524955687093,1805331,1398519524526,0.0019073486,-9.853668,0.38110352
1398519524960691976,1805337,1398519524533,0.035232544,-9.791779,0.45846558
1398519524965788412,1805339,1398519524535,0.01499939,-9.86676,0.45013428
1398519524971128988,1805348,1398519524544,0.019760132,-9.857239,0.46322632
1398519524975859212,1805349,1398519524545,0.056655884,-9.879852,0.4644165
1398519524981199789,1805358,1398519524554,0.035232544,-9.919128,0.4572754
1398519524985930013,1805359,1398519524555,0.050704956,-9.872711,0.4727478
1398519524991270589,1805368,1398519524564,0.007858276,-9.854858,0.38824463
1398519524996031332,1805370,1398519524566,0.037612915,-9.883423,0.42156982
1398519525001219320,1805378,1398519524574,0.045944214,-9.884613,0.4060974
1398519525006102132,1805381,1398519524576,-0.0076141357,-9.878662,0.47036743
1398519525011045980,1805388,1398519524583,0.0054779053,-9.946503,0.51797485
1398519525016142416,1805390,1398519524585,0.0054779053,-9.889374,0.45251465
1398519525021482992,1805398,1398519524594,-0.012374878,-9.909607,0.4477539
1398519525026213216,1805400,1398519524596,0.06617737,-9.875092,0.49417114
1398519525031523275,1805408,1398519524604,0.0019073486,-9.842957,0.46084595
1398519525036253500,1805410,1398519524605,0.011428833,-9.884613,0.44537354
1398519525041624593,1805419,1398519524614,-0.009994507,-9.897705,0.44418335
1398519525046324300,1805420,1398519524616,0.007858276,-9.860809,0.37991333
1398519525051542806,1805428,1398519524624,0.011428833,-9.833435,0.43347168
1398519525056425619,1805431,1398519524627,0.016189575,-9.847717,0.43823242
1398519525061399984,1805438,1398519524634,0.007858276,-9.853668,0.473938
1398519525066496419,1805440,1398519524636,-0.020706177,-9.845337,0.41323853
1398519525071836996,1805449,1398519524644,0.050704956,-9.821533,0.39657593
1398519525076567220,1805450,1398519524646,0.03404236,-9.922699,0.50250244
1398519525081907796,1805459,1398519524654,0.009048462,-9.839386,0.4656067
1398519525086668539,1805460,1398519524656,0.024520874,-9.86795,0.43466187
1398519525091948080,1805469,1398519524664,0.0042877197,-9.848907,0.45489502
1398519525096708822,1805471,1398519524666,0.061416626,-9.876282,0.5144043
1398519525101927328,1805479,1398519524674,0.030471802,-9.86557,0.4406128
1398519525106810140,1805481,1398519524676,0.03642273,-9.86795,0.39538574
1398519525112089681,1805489,1398519524685,0.042373657,-9.878662,0.5144043
1398519525116850423,1805491,1398519524686,0.022140503,-9.841766,0.4656067
1398519525122099447,1805499,1398519524695,0.035232544,-9.80368,0.41918945
1398519525126951742,1805502,1398519524698,0.0019073486,-9.854858,0.42633057
1398519525131865072,1805506,1398519524701,0.029281616,-9.897705,0.44180298
1398519525136900472,1805510,1398519524706,0.006668091,-9.848907,0.4894104
1398519525143126058,1805522,1398519524718,0.0388031,-9.871521,0.43704224
1398519525148283529,1805522,1398519524718,0.01499939,-9.813202,0.40133667
1398519525152006673,1805527,1398519524723,0.0471344,-9.857239,0.4310913
1398519525157042074,1805531,1398519524727,0.037612915,-9.879852,0.46917725
1398519525162779378,1805542,1398519524738,0.037612915,-9.852478,0.47631836
1398519525167997884,1805542,1398519524738,0.0030975342,-9.891754,0.47036743
1398519525172270345,1805551,1398519524747,7.171631E-4,-9.852478,0.5132141
1398519525177580404,1805551,1398519524747,0.024520874,-9.906036,0.44656372
1398519525182890462,1805562,1398519524758,0.016189575,-9.844147,0.44418335
1398519525188170003,1805562,1398519524758,0.024520874,-9.844147,0.4394226
1398519525192320394,1805571,1398519524767,0.024520874,-9.846527,0.39419556
1398519525197630453,1805571,1398519524767,0.011428833,-9.8810425,0.49417114
1398519525203398275,1805583,1398519524778,-0.04689026,-9.86438,0.40252686
1398519525208708334,1805583,1398519524778,0.024520874,-9.903656,0.45132446
1398519525212461996,1805592,1398519524787,0.024520874,-9.903656,0.45132446
1398519525217619466,1805592,1398519524787,-0.011184692,-9.890564,0.42871094
1398519525223082113,1805602,1398519524798,0.016189575,-9.86319,0.4727478
1398519525228239584,1805602,1398519524798,0.0019073486,-9.8810425,0.4310913
1398519525232695150,1805612,1398519524808,0.019760132,-9.895325,0.49298096
1398519525238249349,1805612,1398519524808,0.026901245,-9.856049,0.50131226
1398519525242918539,1805622,1398519524818,0.026901245,-9.856049,0.50131226
1398519525248167562,1805622,1398519524818,0.06617737,-9.80249,0.44180298
1398519525252897787,1805632,1398519524828,0.06617737,-9.80249,0.44180298
1398519525258329916,1805632,1398519524828,0.031661987,-9.870331,0.40490723
1398519525263060140,1805642,1398519524838,-0.00642395,-9.882233,0.43704224
1398519525268492269,1805656,1398519524852,0.04475403,-9.872711,0.42514038
1398519525272886800,1805657,1398519524852,0.019760132,-9.839386,0.45489502
1398519525277861166,1805657,1398519524852,0.022140503,-9.8810425,0.51083374
1398519525282896566,1805657,1398519524853,0.030471802,-9.888184,0.4477539
1398519525287931966,1805685,1398519524881,0.012619019,-9.86557,0.41680908
1398519525292967367,1805686,1398519524881,0.024520874,-9.86438,0.42633057
1398519525298002767,1805705,1398519524900,0.04475403,-9.876282,0.4322815
1398519525303038168,1805705,1398519524901,0.020950317,-9.857239,0.39300537
1398519525308317709,1805705,1398519524901,0.06022644,-9.885803,0.4406128
1398519525313108968,1805705,1398519524901,0.023330688,-9.822723,0.45965576
1398519525318144369,1805705,1398519524901,-0.019515991,-9.854858,0.4822693
1398519525323179769,1805705,1398519524901,0.020950317,-9.86795,0.41799927
1398519525328215169,1805705,1398519524901,-0.001663208,-9.904846,0.43466187
1398519525333220052,1805716,1398519524912,0.039993286,-9.897705,0.4394226
1398519525338194418,1805716,1398519524912,0.01499939,-9.892944,0.33468628
1398519525343229818,1805716,1398519524912,0.053085327,-9.900085,0.4656067
1398519525348265218,1805721,1398519524917,0.007858276,-9.896515,0.4060974
1398519525353300619,1805731,1398519524927,0.030471802,-9.844147,0.41918945
1398519525358336019,1805731,1398519524927,0.016189575,-9.859619,0.4560852
1398519525363371419,1805741,1398519524937,0.050704956,-9.886993,0.42156982
1398519525368406820,1805741,1398519524937,0.02571106,-9.934601,0.39538574
1398519525373442220,1805752,1398519524948,0.029281616,-9.897705,0.40133667
1398519525378477621,1805752,1398519524948,0.0019073486,-9.871521,0.40966797
1398519525383513021,1805756,1398519524952,-0.00642395,-9.831055,0.40847778
1398519525388548421,1805764,1398519524959,0.024520874,-9.86438,0.4894104
1398519525393583822,1805767,1398519524962,0.006668091,-9.876282,0.43466187
1398519525398619222,1805776,1398519524972,0.01499939,-9.8810425,0.46203613
1398519525403685140,1805777,1398519524973,0.06855774,-9.804871,0.3834839
1398519525408690023,1805786,1398519524982,-0.023086548,-9.871521,0.4156189
1398519525413755941,1805787,1398519524983,0.012619019,-9.858429,0.40371704
1398519525419310140,1805797,1398519524993,0.0388031,-9.895325,0.42037964
1398519525423979330,1805797,1398519524993,0.045944214,-9.851288,0.4322815
1398519525429380941,1805807,1398519525003,-0.00642395,-9.875092,0.40014648
1398519525434050130,1805807,1398519525003,0.0554657,-9.8619995,0.40490723
1398519525439451742,1805817,1398519525013,0.011428833,-9.851288,0.5072632
1398519525444120931,1805817,1398519525013,0.050704956,-9.911987,0.46322632
1398519525449522543,1805827,1398519525023,-0.0028533936,-9.842957,0.38705444
1398519525454191732,1805827,1398519525023,0.056655884,-9.870331,0.34420776
1398519525459593343,1805837,1398519525033,0.010238647,-9.86795,0.42990112
1398519525464262533,1805837,1398519525033,0.024520874,-9.858429,0.47988892
1398519525469664144,1805847,1398519525043,0.011428833,-9.875092,0.43347168
1398519525474333334,1805847,1398519525043,0.039993286,-9.820343,0.42276
1398519525479734945,1805858,1398519525053,0.020950317,-9.826294,0.39657593
1398519525484404134,1805858,1398519525053,0.02809143,-9.871521,0.45846558
1398519525489805746,1805868,1398519525063,0.007858276,-9.848907,0.4322815
1398519525494474935,1805868,1398519525063,0.053085327,-9.873901,0.46322632
1398519525499876546,1805878,1398519525073,0.0471344,-9.897705,0.4977417
1398519525504545736,1805878,1398519525074,0.032852173,-9.876282,0.43585205
1398519525509380088,1805882,1398519525078,0.022140503,-9.870331,0.473938
1398519525514415488,1805887,1398519525083,0.06855774,-9.891754,0.42752075
1398519525519481406,1805895,1398519525090,7.171631E-4,-9.853668,0.4477539
1398519525524486289,1805899,1398519525094,0.01737976,-9.875092,0.4894104
1398519525529552207,1805903,1398519525098,0.019760132,-9.846527,0.4572754
1398519525534557090,1805909,1398519525105,0.011428833,-9.879852,0.48703003
1398519525539653525,1805917,1398519525112,0.042373657,-9.908417,0.49417114
1398519525544749961,1805918,1398519525114,0.035232544,-9.822723,0.44418335
1398519525550212607,1805927,1398519525123,0.07093811,-9.86795,0.42514038
1398519525554851279,1805928,1398519525123,0.07093811,-9.86795,0.42514038
1398519525560313926,1805938,1398519525133,0.06022644,-9.875092,0.42752075
1398519525564922080,1805938,1398519525134,0.01499939,-9.86557,0.45013428
1398519525570384726,1805948,1398519525144,0.012619019,-9.914368,0.36087036
1398519525574962363,1805948,1398519525144,-0.033798218,-9.885803,0.3977661
1398519525580455527,1805958,1398519525154,0.009048462,-9.86795,0.4144287
1398519525585063682,1805958,1398519525154,0.045944214,-9.879852,0.49893188
1398519525590526328,1805968,1398519525164,0.031661987,-9.875092,0.41323853
1398519525595103965,1805968,1398519525164,0.012619019,-9.842957,0.48464966
1398519525600597129,1805978,1398519525174,0.043563843,-9.838196,0.47155762
1398519525605205283,1805978,1398519525174,0.02571106,-9.842957,0.45965576
1398519525610667930,1805988,1398519525184,0.03642273,-9.873901,0.41323853
1398519525615276084,1805988,1398519525184,0.0042877197,-9.828674,0.4560852
1398519525620738730,1805998,1398519525194,0.013809204,-9.851288,0.5227356
1398519525625316367,1805998,1398519525194,-0.012374878,-9.883423,0.47750854
1398519525630809531,1806008,1398519525204,0.009048462,-9.842957,0.4477539
1398519525635417685,1806009,1398519525204,0.013809204,-9.857239,0.42990112
1398519525640880332,1806018,1398519525214,0.059036255,-9.86795,0.40133667
1398519525645488486,1806019,1398519525214,-0.008804321,-9.838196,0.43347168
1398519525650951133,1806029,1398519525224,0.020950317,-9.903656,0.44299316
1398519525655559287,1806029,1398519525224,0.037612915,-9.859619,0.4060974
1398519525661021934,1806039,1398519525234,0.054275513,-9.86557,0.4322815
1398519525665599570,1806039,1398519525234,0.048324585,-9.8941345,0.46203613
1398519525671092734,1806049,1398519525244,0.06855774,-9.857239,0.40490723
1398519525675700889,1806049,1398519525244,0.019760132,-9.86319,0.4239502
1398519525681163535,1806059,1398519525254,0.04118347,-9.906036,0.4560852
1398519525685741172,1806059,1398519525254,0.012619019,-9.839386,0.43704224
1398519525691234336,1806069,1398519525264,0.03642273,-9.873901,0.45013428
1398519525695842490,1806069,1398519525265,-0.001663208,-9.876282,0.42752075
1398519525701305137,1806079,1398519525274,0.06260681,-9.86676,0.45489502
1398519525705913291,1806079,1398519525275,0.013809204,-9.856049,0.4572754
1398519525711375937,1806089,1398519525285,0.048324585,-9.878662,0.42037964
1398519525715984092,1806089,1398519525285,0.009048462,-9.854858,0.506073
1398519525720897422,1806095,1398519525290,0.048324585,-9.850098,0.39300537
1398519525725993857,1806100,1398519525295,0.029281616,-9.858429,0.40252686
1398519525732188926,1806107,1398519525303,0.03642273,-9.870331,0.47631836
1398519525736125693,1806110,1398519525305,0.024520874,-9.8810425,0.41204834
1398519525742381797,1806122,1398519525318,-0.019515991,-9.838196,0.4656067
1398519525747752891,1806122,1398519525318,0.030471802,-9.86795,0.46322632
1398519525751170859,1806128,1398519525324,0.009048462,-9.86319,0.43585205
1398519525756206260,1806130,1398519525326,0.0388031,-9.897705,0.43823242
1398519525762462363,1806142,1398519525337,-0.015945435,-9.86676,0.36801147
1398519525767650351,1806142,1398519525338,0.056655884,-9.916748,0.46084595
1398519525771312461,1806149,1398519525344,0.029281616,-9.897705,0.42156982
1398519525776439414,1806150,1398519525346,0.050704956,-9.86438,0.45489502
1398519525782237754,1806162,1398519525357,0.007858276,-9.934601,0.41085815
1398519525787517295,1806162,1398519525357,0.024520874,-9.850098,0.45370483
1398519525791454062,1806171,1398519525367,0.0030975342,-9.857239,0.50131226
1398519525796703086,1806171,1398519525367,0.03404236,-9.848907,0.4060974
1398519525801677451,1806181,1398519525377,-0.019515991,-9.86676,0.43704224
1398519525807109580,1806181,1398519525377,0.039993286,-9.902466,0.4406128
1398519525812053428,1806192,1398519525388,-4.7302246E-4,-9.888184,0.42514038
1398519525817607627,1806192,1398519525388,0.020950317,-9.841766,0.39657593
1398519525821666465,1806200,1398519525395,0.020950317,-9.841766,0.39657593
1398519525826884971,1806201,1398519525396,0.0471344,-9.848907,0.40014648
1398519525833019004,1806212,1398519525408,-0.01713562,-9.869141,0.46798706
1398519525838298545,1806213,1398519525408,0.06736755,-9.902466,0.4322815
1398519525841808066,1806219,1398519525414,0.06736755,-9.902466,0.4322815
1398519525846843467,1806221,1398519525416,-0.0076141357,-9.917938,0.40847778
1398519525853160605,1806232,1398519525428,0.024520874,-9.856049,0.43466187
1398519525858348594,1806233,1398519525428,-0.0135650635,-9.897705,0.43704224
1398519525861980185,1806239,1398519525435,0.039993286,-9.834625,0.5048828
1398519525867076621,1806241,1398519525437,0.018569946,-9.795349,0.48464966
1398519525873058066,1806252,1398519525448,0.032852173,-9.888184,0.3822937
1398519525878246055,1806253,1398519525448,0.030471802,-9.879852,0.46798706
1398519525882121787,1806262,1398519525457,0.024520874,-9.845337,0.4489441
1398519525887309775,1806262,1398519525457,-0.015945435,-9.883423,0.37991333
1398519525892528281,1806272,1398519525468,0.0042877197,-9.847717,0.41680908
1398519525897868857,1806272,1398519525468,0.053085327,-9.875092,0.4394226
1398519525902385459,1806282,1398519525477,0.05784607,-9.854858,0.42752075
1398519525907970176,1806282,1398519525478,0.031661987,-9.897705,0.5001221
1398519525912486777,1806292,1398519525488,-0.015945435,-9.86438,0.43823242
1398519525918040976,1806292,1398519525488,0.029281616,-9.851288,0.46203613
1398519525922527060,1806302,1398519525497,0.007858276,-9.816772,0.4072876
1398519525928020225,1806302,1398519525498,0.0554657,-9.845337,0.41918945
1398519525932719932,1806312,1398519525508,7.171631E-4,-9.86557,0.37158203
1398519525937999473,1806312,1398519525508,0.024520874,-9.936981,0.38824463
1398519525942821250,1806323,1398519525519,-0.0052337646,-9.828674,0.42990112
1398519525948100791,1806323,1398519525519,0.007858276,-9.908417,0.4394226
1398519525952586875,1806328,1398519525523,0.016189575,-9.817963,0.46203613
1398519525957622275,1806333,1398519525528,0.04118347,-9.839386,0.40966797
1398519525962657676,1806338,1398519525533,0.043563843,-9.854858,0.44180298
1398519525967693076,1806343,1398519525538,0.04951477,-9.869141,0.41085815
1398519525972728476,1806348,1398519525543,-0.0028533936,-9.871521,0.3989563
1398519525977763877,1806353,1398519525549,0.0471344,-9.856049,0.43585205
1398519525982799277,1806362,1398519525557,0.031661987,-9.854858,0.45370483
1398519525988048301,1806362,1398519525558,0.03404236,-9.890564,0.43823242
1398519525993907676,1806373,1398519525569,-0.001663208,-9.876282,0.44656372
1398519525999095664,1806373,1398519525569,0.043563843,-9.910797,0.40966797
1398519526002940879,1806382,1398519525577,0.0388031,-9.851288,0.47988892
1398519526008128867,1806382,1398519525577,-0.008804321,-9.884613,0.37158203
1398519526014293418,1806394,1398519525589,0.026901245,-9.886993,0.473938
1398519526019481406,1806394,1398519525589,0.042373657,-9.814392,0.44299316
1398519526023143516,1806401,1398519525596,0.03642273,-9.904846,0.3918152
1398519526028239951,1806402,1398519525598,0.031661987,-9.854858,0.41085815
1398519526034038291,1806413,1398519525609,0.02571106,-9.876282,0.42871094
1398519526039256797,1806414,1398519525609,0.006668091,-9.869141,0.47512817
1398519526043254600,1806422,1398519525618,0.006668091,-9.870331,0.39657593
1398519526048473105,1806422,1398519525618,0.016189575,-9.86319,0.45965576
1398519526054301963,1806434,1398519525630,0.045944214,-9.940552,0.37277222
1398519526059489951,1806434,1398519525630,0.026901245,-9.835815,0.4822693
1398519526063396201,1806440,1398519525636,0.032852173,-9.816772,0.4406128
1398519526068401084,1806442,1398519525638,0.042373657,-9.902466,0.47512817
1398519526074718223,1806454,1398519525650,0.0471344,-9.908417,0.45013428
1398519526079997764,1806454,1398519525650,-0.0076141357,-9.898895,0.47155762
1398519526083507285,1806461,1398519525656,-0.0076141357,-9.898895,0.47155762
1398519526088542685,1806463,1398519525658,0.010238647,-9.851288,0.37991333
1398519526094585166,1806474,1398519525670,0.026901245,-9.826294,0.44418335
1398519526099864707,1806474,1398519525670,0.048324585,-9.898895,0.46322632
1398519526103679404,1806482,1398519525678,0.048324585,-9.898895,0.46322632
1398519526108836875,1806483,1398519525678,0.024520874,-9.809631,0.3751526
1398519526115001426,1806494,1398519525690,0.0388031,-9.878662,0.47631836
1398519526120280967,1806495,1398519525690,-0.0028533936,-9.850098,0.50131226
1398519526123790488,1806501,1398519525696,-0.0028533936,-9.850098,0.50131226
1398519526128825889,1806503,1398519525698,0.03404236,-9.922699,0.47631836
1398519526135143027,1806515,1398519525710,0.011428833,-9.859619,0.5036926
1398519526140361533,1806515,1398519525710,0.08641052,-9.875092,0.41204834
1398519526143932090,1806521,1398519525717,0.0019073486,-9.86676,0.5155945
1398519526148967490,1806523,1398519525719,-0.021896362,-9.909607,0.4156189
1398519526155071006,1806534,1398519525730,0.01737976,-9.858429,0.48464966
1398519526160258994,1806535,1398519525730,-0.0076141357,-9.856049,0.42037964
1398519526164073691,1806542,1398519525737,0.01737976,-9.856049,0.4406128
1398519526169261680,1806544,1398519525739,-0.011184692,-9.850098,0.4060974
1398519526174724326,1806554,1398519525750,0.016189575,-9.850098,0.50250244
1398519526179942832,1806554,1398519525750,0.035232544,-9.86557,0.3834839
1398519526184337363,1806563,1398519525759,0.042373657,-9.916748,0.4310913
1398519526189677939,1806564,1398519525759,0.0388031,-9.856049,0.42871094
1398519526194896445,1806574,1398519525770,0.013809204,-9.815582,0.40252686
1398519526200114951,1806574,1398519525770,0.024520874,-9.840576,0.46084595
1398519526204478965,1806584,1398519525779,-0.0028533936,-9.960785,0.49417114
1398519526209819541,1806584,1398519525779,0.06855774,-9.872711,0.44180298
1398519526215038047,1806594,1398519525790,0.029281616,-9.8298645,0.42752075
1398519526220317588,1806595,1398519525790,0.045944214,-9.896515,0.4239502
1398519526224651084,1806604,1398519525799,0.054275513,-9.885803,0.45132446
1398519526230022178,1806604,1398519525799,0.03404236,-9.876282,0.44537354
1398519526235210166,1806615,1398519525810,0.02571106,-9.869141,0.4060974
1398519526240489707,1806615,1398519525810,-0.011184692,-9.859619,0.5001221
1398519526244762168,1806624,1398519525819,0.02571106,-9.847717,0.48464966
1398519526250133262,1806624,1398519525820,0.030471802,-9.898895,0.45489502
1398519526255351768,1806635,1398519525830,0.048324585,-9.857239,0.48464966
1398519526260600791,1806635,1398519525831,0.010238647,-9.851288,0.39657593
1398519526264903769,1806644,1398519525840,0.04475403,-9.859619,0.42990112
1398519526270244346,1806644,1398519525840,0.02571106,-9.919128,0.5203552
1398519526275462851,1806655,1398519525850,-0.0135650635,-9.832245,0.45251465
1398519526280742393,1806655,1398519525851,0.018569946,-9.844147,0.5155945
1398519526285045371,1806664,1398519525860,0.030471802,-9.872711,0.4310913
1398519526290385947,1806664,1398519525860,-0.018325806,-9.8810425,0.3977661
1398519526295726523,1806675,1398519525871,0.0471344,-9.835815,0.43466187
1398519526300914512,1806675,1398519525871,-0.011184692,-9.835815,0.5155945
1398519526305156455,1806684,1398519525880,0.006668091,-9.8810425,0.47512817
1398519526310466514,1806684,1398519525880,-0.0076141357,-9.873901,0.4656067
1398519526315959678,1806696,1398519525891,0.07926941,-9.869141,0.42871094
1398519526321178184,1806696,1398519525891,0.06022644,-9.847717,0.39300537
1398519526325206504,1806703,1398519525898,0.0019073486,-9.8619995,0.4477539
1398519526330394492,1806705,1398519525900,0.039993286,-9.852478,0.43347168
1398519526335857139,1806715,1398519525911,-0.020706177,-9.910797,0.45489502
1398519526341075644,1806715,1398519525911,-0.023086548,-9.883423,0.3918152
1398519526345470176,1806725,1398519525920,0.009048462,-9.853668,0.4156189
1398519526350841269,1806725,1398519525920,-0.0076141357,-9.8619995,0.48464966
1398519526356029258,1806735,1398519525931,0.04951477,-9.848907,0.41918945
1398519526361247764,1806736,1398519525931,0.02809143,-9.884613,0.44299316
1398519526365611777,1806745,1398519525940,0.020950317,-9.879852,0.46798706
1398519526371013389,1806745,1398519525940,0.0554657,-9.846527,0.3989563
1398519526376170859,1806756,1398519525951,0.039993286,-9.86438,0.44537354
1398519526381419883,1806756,1398519525951,0.029281616,-9.890564,0.44656372
1398519526385753379,1806765,1398519525960,0.012619019,-9.86319,0.44656372
1398519526391124473,1806765,1398519525961,0.024520874,-9.859619,0.4406128
1398519526396312461,1806776,1398519525971,0.06617737,-9.86676,0.47512817
1398519526401561484,1806776,1398519525971,0.020950317,-9.856049,0.4810791
1398519526405894980,1806785,1398519525981,0.020950317,-9.856049,0.4810791
1398519526411296592,1806785,1398519525981,0.0030975342,-9.86557,0.49298096
1398519526416454062,1806796,1398519525991,0.0030975342,-9.86438,0.48345947
1398519526421703086,1806796,1398519525992,0.043563843,-9.892944,0.40133667
1398519526426036582,1806805,1398519526001,0.043563843,-9.892944,0.40133667
1398519526431407676,1806805,1398519526001,0.031661987,-9.848907,0.43466187
1398519526436595664,1806816,1398519526012,0.016189575,-9.883423,0.48583984
1398519526441783652,1806816,1398519526012,-0.037368774,-9.900085,0.4894104
1398519526446208701,1806825,1398519526021,0.012619019,-9.859619,0.4310913
1398519526451549277,1806825,1398519526021,-0.011184692,-9.827484,0.43823242
1398519526456706748,1806836,1398519526032,0.053085327,-9.823914,0.45846558
1398519526461925254,1806836,1398519526032,0.0030975342,-9.86557,0.38586426
1398519526466350303,1806845,1398519526041,0.029281616,-9.876282,0.45489502
1398519526471721396,1806846,1398519526041,-0.015945435,-9.853668,0.53463745
1398519526476848350,1806856,1398519526052,0.029281616,-9.854858,0.3989563
1398519526482066855,1806856,1398519526052,0.012619019,-9.86557,0.4406128
1398519526486461387,1806866,1398519526061,0.01737976,-9.809631,0.38824463
1398519526491832480,1806866,1398519526061,0.042373657,-9.872711,0.4156189
1398519526497020469,1806876,1398519526072,0.019760132,-9.870331,0.47155762
1398519526502208457,1806877,1398519526072,0.0388031,-9.86319,0.45251465
1398519526506633506,1806886,1398519526081,0.0388031,-9.869141,0.49893188
1398519526512004600,1806886,1398519526082,0.07093811,-9.876282,0.48345947
1398519526517162070,1806897,1398519526092,-0.0028533936,-9.847717,0.48703003
1398519526522441611,1806897,1398519526092,0.045944214,-9.86438,0.42037964
1398519526526775107,1806906,1398519526101,0.061416626,-9.831055,0.40252686
1398519526532146201,1806906,1398519526102,0.0054779053,-9.851288,0.46798706
1398519526537334189,1806917,1398519526112,0.007858276,-9.904846,0.40966797
1398519526542583213,1806917,1398519526113,0.01737976,-9.903656,0.4144287
1398519526546886191,1806926,1398519526122,-0.031417847,-9.884613,0.41204834
1398519526552257285,1806926,1398519526122,0.05189514,-9.854858,0.4656067
1398519526557445273,1806937,1398519526132,0.032852173,-9.841766,0.42990112
1398519526562724814,1806937,1398519526133,0.0030975342,-9.857239,0.4489441
1398519526567058310,1806946,1398519526142,0.07093811,-9.8619995,0.43585205
1398519526572429404,1806946,1398519526142,0.042373657,-9.871521,0.49536133
1398519526577617393,1806957,1398519526153,0.053085327,-9.846527,0.45965576
1398519526582805381,1806957,1398519526153,0.042373657,-9.86438,0.46322632
1398519526587199912,1806966,1398519526162,0.006668091,-9.858429,0.4489441
1398519526592540488,1806966,1398519526162,0.0019073486,-9.896515,0.46798706
1398519526597728476,1806977,1398519526173,0.0030975342,-9.872711,0.42276
1398519526602916465,1806977,1398519526173,0.026901245,-9.895325,0.43704224
1398519526607341514,1806987,1398519526182,0.029281616,-9.903656,0.3894348
1398519526612712607,1806987,1398519526182,0.0471344,-9.879852,0.44180298
1398519526617870078,1806997,1398519526193,0.045944214,-9.875092,0.3918152
1398519526623088584,1806997,1398519526193,0.054275513,-9.850098,0.47869873
1398519526627452598,1807007,1398519526202,0.035232544,-9.873901,0.42514038
1398519526632793174,1807007,1398519526202,0.009048462,-9.819153,0.4394226
1398519526638133750,1807017,1398519526213,0.0030975342,-9.872711,0.38705444
1398519526643321738,1807018,1398519526213,-0.004043579,-9.878662,0.40371704
1398519526647624717,1807027,1398519526222,0.018569946,-9.904846,0.41799927
1398519526652934775,1807027,1398519526222,0.035232544,-9.844147,0.42276
1398519526658183799,1807038,1398519526233,0.06260681,-9.853668,0.45251465
1398519526663463340,1807038,1398519526233,0.053085327,-9.892944,0.3918152
1398519526667766318,1807047,1398519526242,0.02809143,-9.853668,0.41204834
1398519526673137412,1807047,1398519526243,0.026901245,-9.86319,0.4072876
1398519526678325400,1807058,1398519526253,0.04475403,-9.854858,0.46798706
1398519526683574424,1807058,1398519526253,-4.7302246E-4,-9.875092,0.41799927
1398519526687877402,1807067,1398519526263,-4.7302246E-4,-9.875092,0.41799927
1398519526693248496,1807067,1398519526263,0.026901245,-9.835815,0.4572754
1398519526698467002,1807078,1398519526273,0.053085327,-9.891754,0.45132446
1398519526703746543,1807078,1398519526274,-0.032608032,-9.871521,0.40966797
1398519526708049521,1807087,1398519526283,-0.032608032,-9.871521,0.40966797
1398519526713420615,1807087,1398519526283,-0.0076141357,-9.848907,0.45846558
1398519526718608603,1807098,1398519526294,0.016189575,-9.890564,0.36087036
1398519526723857627,1807098,1398519526294,-0.001663208,-9.854858,0.45013428
1398519526728160605,1807107,1398519526303,0.0054779053,-9.870331,0.46322632
1398519526733470664,1807107,1398519526303,0.012619019,-9.896515,0.46679688
1398519526738902793,1807118,1398519526314,0.045944214,-9.921509,0.54296875
1398519526744121299,1807118,1398519526314,0.05189514,-9.857239,0.4822693
1398519526748210654,1807127,1398519526323,0.043563843,-9.8810425,0.40014648
1398519526753429160,1807127,1398519526323,0.023330688,-9.890564,0.4072876
1398519526759349570,1807139,1398519526334,0.012619019,-9.890564,0.47036743
1398519526764568076,1807139,1398519526334,0.04475403,-9.859619,0.5132141
1398519526768321738,1807146,1398519526342,0.03404236,-9.891754,0.37634277
1398519526773509726,1807148,1398519526343,-0.0052337646,-9.885803,0.37753296
1398519526779033408,1807158,1398519526354,0.03404236,-9.900085,0.47036743
1398519526784221396,1807159,1398519526354,0.01499939,-9.832245,0.4656067
1398519526788615928,1807168,1398519526363,0.011428833,-9.869141,0.4060974
1398519526793956504,1807168,1398519526363,0.018569946,-9.889374,0.47155762
1398519526799175010,1807179,1398519526374,0.104263306,-9.86438,0.42514038
1398519526804454551,1807179,1398519526374,0.04475403,-9.854858,0.41323853
1398519526808727012,1807188,1398519526383,-0.014755249,-9.871521,0.4072876
1398519526814098105,1807188,1398519526384,0.04118347,-9.877472,0.39300537
1398519526819316611,1807199,1398519526394,0.024520874,-9.858429,0.4477539
1398519526824565635,1807199,1398519526394,0.013809204,-9.8810425,0.44537354
1398519526828868613,1807208,1398519526404,0.07093811,-9.910797,0.47869873
1398519526834239707,1807208,1398519526404,0.04118347,-9.856049,0.50250244
1398519526839427695,1807219,1398519526414,0.023330688,-9.8810425,0.4977417
1398519526844707236,1807219,1398519526415,0.018569946,-9.859619,0.43585205
1398519526849010215,1807228,1398519526424,-0.0052337646,-9.86676,0.40966797
1398519526854381309,1807228,1398519526424,-0.01713562,-9.856049,0.4477539
1398519526858958945,1807235,1398519526430,-0.01713562,-9.922699,0.37872314
1398519526863994346,1807242,1398519526437,0.030471802,-9.904846,0.4477539
1398519526869182334,1807243,1398519526438,0.056655884,-9.883423,0.43585205
1398519526875346885,1807255,1398519526450,-0.001663208,-9.812012,0.5215454
1398519526880565391,1807255,1398519526450,0.009048462,-9.856049,0.4156189
1398519526884135947,1807262,1398519526457,-0.029037476,-9.871521,0.40490723
1398519526889171348,1807263,1398519526459,0.035232544,-9.854858,0.40490723
1398519526895305381,1807275,1398519526470,0.059036255,-9.871521,0.40966797
1398519526900523887,1807275,1398519526470,0.01737976,-9.8941345,0.4560852
1398519526904277549,1807282,1398519526478,0.06617737,-9.835815,0.37991333
1398519526909465537,1807284,1398519526479,0.020950317,-9.86438,0.47512817
1398519526914928184,1807294,1398519526490,0.032852173,-9.86319,0.37753296
1398519526920146689,1807295,1398519526490,-0.034988403,-9.8810425,0.42156982
1398519526924541221,1807304,1398519526499,0.018569946,-9.940552,0.4477539
1398519526929881797,1807304,1398519526499,0.019760132,-9.878662,0.44418335
1398519526935100303,1807315,1398519526510,0.0388031,-9.869141,0.4560852
1398519526940318809,1807315,1398519526510,-0.023086548,-9.882233,0.43347168
1398519526944560752,1807321,1398519526516,0.09593201,-9.853668,0.42514038
1398519526949596152,1807327,1398519526522,0.030471802,-9.860809,0.45132446
1398519526954631553,1807328,1398519526524,0.05189514,-9.901276,0.42752075
1398519526960002646,1807339,1398519526535,0.04475403,-9.840576,0.3977661
1398519526965312705,1807340,1398519526535,0.024520874,-9.890564,0.4906006
1398519526969859824,1807349,1398519526545,0.07331848,-9.875092,0.38467407
1398519526975291953,1807349,1398519526545,0.022140503,-9.856049,0.36920166
1398519526980327353,1807360,1398519526555,0.054275513,-9.879852,0.45013428
1398519526985606894,1807360,1398519526556,0.0019073486,-9.835815,0.4322815
1398519526990031943,1807369,1398519526565,0.0019073486,-9.835815,0.4322815
1398519526995403037,1807369,1398519526565,-0.0076141357,-9.86676,0.42752075
1398519527000011191,1807379,1398519526575,-0.0076141357,-9.86676,0.42752075
1398519527005229697,1807379,1398519526575,0.06498718,-9.92627,0.43823242
1398519527010631309,1807390,1398519526586,0.04951477,-9.916748,0.4394226
1398519527015910850,1807390,1398519526586,0.023330688,-9.86676,0.47750854
1398519527020213828,1807399,1398519526595,-0.030227661,-9.898895,0.42037964
1398519527025554404,1807399,1398519526595,-0.03617859,-9.888184,0.44537354
1398519527030772910,1807410,1398519526606,0.03404236,-9.886993,0.4477539
1398519527035960898,1807410,1398519526606,0.03642273,-9.826294,0.390625
1398519527040385947,1807420,1398519526615,0.026901245,-9.872711,0.49179077
1398519527045726523,1807421,1398519526616,0.029281616,-9.876282,0.49179077
1398519527050365195,1807429,1398519526625,0.0030975342,-9.856049,0.3751526
1398519527055614219,1807430,1398519526625,-0.0028533936,-9.834625,0.4727478
1398519527061168418,1807441,1398519526636,0.0054779053,-9.886993,0.46917725
1398519527066447959,1807441,1398519526636,0.020950317,-9.852478,0.4810791
1398519527070476279,1807450,1398519526645,-0.014755249,-9.86319,0.39300537
1398519527075694785,1807450,1398519526645,7.171631E-4,-9.808441,0.48345947
1398519527081401572,1807461,1398519526656,0.072128296,-9.844147,0.4477539
1398519527086589560,1807461,1398519526657,0.020950317,-9.877472,0.48345947
1398519527090648398,1807471,1398519526666,0.01499939,-9.819153,0.4310913
1398519527095866904,1807471,1398519526666,0.0388031,-9.870331,0.41680908
1398519527100780234,1807481,1398519526677,0.07450867,-9.86676,0.4560852
1398519527106181846,1807481,1398519526677,0.016189575,-9.879852,0.45251465
1398519527111028271,1807490,1398519526686,0.05784607,-9.840576,0.390625
1398519527116338330,1807490,1398519526686,0.037612915,-9.879852,0.5072632
1398519527121800976,1807502,1398519526697,0.031661987,-9.826294,0.46203613
1398519527127477246,1807502,1398519526698,-0.001663208,-9.847717,0.46917725
1398519527131139355,1807507,1398519526703,0.035232544,-9.907227,0.44180298
1398519527136144238,1807513,1398519526709,-0.01713562,-9.858429,0.41085815
1398519527141179638,1807515,1398519526711,0.026901245,-9.837006,0.307312
1398519527147496777,1807527,1398519526722,0.02571106,-9.895325,0.5203552
1398519527152776318,1807527,1398519526722,0.020950317,-9.816772,0.44656372
1398519527156285839,1807533,1398519526729,0.063797,-9.825104,0.42037964
1398519527161321240,1807535,1398519526731,0.042373657,-9.876282,0.45251465
1398519527167638378,1807547,1398519526742,-0.00642395,-9.883423,0.3918152
1398519527172856884,1807547,1398519526743,0.023330688,-9.86676,0.4144287
1398519527176427441,1807554,1398519526749,-0.0052337646,-9.86795,0.45132446
1398519527181462841,1807555,1398519526751,-0.0076141357,-9.815582,0.52630615
1398519527187566357,1807567,1398519526762,0.0054779053,-9.879852,0.45489502
1398519527192784863,1807567,1398519526763,0.07093811,-9.872711,0.41085815
1398519527196599560,1807574,1398519526770,0.007858276,-9.823914,0.46084595
1398519527201787548,1807575,1398519526771,0.0042877197,-9.852478,0.41323853
1398519527207921581,1807587,1398519526783,0.018569946,-9.878662,0.42871094
1398519527213140087,1807587,1398519526783,0.020950317,-9.838196,0.47155762
1398519527216710644,1807594,1398519526789,0.016189575,-9.892944,0.41680908
1398519527221837597,1807596,1398519526791,0.042373657,-9.857239,0.3668213
1398519527227880078,1807607,1398519526803,0.04118347,-9.910797,0.44537354
1398519527233098583,1807607,1398519526803,0.059036255,-9.906036,0.40966797
1398519527236852246,1807614,1398519526810,0.059036255,-9.906036,0.40966797
1398519527242040234,1807616,1398519526812,0.043563843,-9.915558,0.5036926
1398519527247533398,1807627,1398519526822,0.006668091,-9.825104,0.49417114
1398519527252812939,1807627,1398519526823,-0.004043579,-9.890564,0.45251465
1398519527257146435,1807636,1398519526832,-0.004043579,-9.890564,0.45251465
1398519527262517529,1807636,1398519526832,-0.0135650635,-9.857239,0.4060974
1398519527267674999,1807647,1398519526843,0.050704956,-9.7977295,0.42990112
1398519527272985058,1807647,1398519526843,0.010238647,-9.821533,0.40847778
1398519527277288037,1807656,1398519526852,0.010238647,-9.821533,0.40847778
1398519527282659130,1807656,1398519526852,0.020950317,-9.892944,0.47036743
1398519527287816601,1807667,1398519526863,0.029281616,-9.851288,0.42514038
1398519527293126660,1807667,1398519526863,0.007858276,-9.842957,0.41323853
1398519527297429638,1807676,1398519526872,0.007858276,-9.842957,0.41323853
1398519527302800732,1807677,1398519526872,0.026901245,-9.806061,0.48703003
1398519527307958203,1807687,1398519526883,0.035232544,-9.845337,0.51797485
1398519527313268261,1807687,1398519526883,-0.00642395,-9.86438,0.48345947
1398519527317571240,1807697,1398519526892,0.0471344,-9.925079,0.40847778
1398519527322911816,1807697,1398519526892,0.06736755,-9.903656,0.42514038
1398519527328191357,1807707,1398519526903,0.016189575,-9.851288,0.5393982
1398519527333409863,1807708,1398519526903,0.024520874,-9.882233,0.41680908
1398519527337682324,1807717,1398519526912,0.0042877197,-9.86795,0.4072876
1398519527343022900,1807717,1398519526912,0.013809204,-9.826294,0.46084595
1398519527348271923,1807728,1398519526923,0.04118347,-9.915558,0.44299316
1398519527353490429,1807728,1398519526923,0.031661987,-9.888184,0.45489502
1398519527357701855,1807732,1398519526927,0.024520874,-9.825104,0.47036743
1398519527362737255,1807737,1398519526932,0.069747925,-9.890564,0.3918152
1398519527368413525,1807748,1398519526943,0.035232544,-9.86795,0.46917725
1398519527373632031,1807748,1398519526943,-0.0052337646,-9.860809,0.48703003
1398519527377996044,1807757,1398519526952,-0.0028533936,-9.835815,0.43823242
1398519527383336621,1807757,1398519526953,0.035232544,-9.851288,0.4239502
1398519527388555126,1807768,1398519526963,0.08403015,-9.871521,0.4810791
1398519527393865185,1807768,1398519526964,0.020950317,-9.845337,0.4489441
1398519527398137646,1807777,1398519526973,0.02571106,-9.888184,0.4144287
1398519527403508740,1807777,1398519526973,-0.0052337646,-9.870331,0.49298096
1398519527408666210,1807788,1398519526984,-0.004043579,-9.886993,0.43466187
1398519527413976269,1807788,1398519526984,0.02571106,-9.869141,0.4239502
1398519527418279247,1807797,1398519526993,0.024520874,-9.872711,0.40371704
1398519527423650341,1807797,1398519526993,-0.02784729,-9.844147,0.4394226
1398519527428807812,1807808,1398519527004,0.05784607,-9.86438,0.46084595
1398519527434117871,1807808,1398519527004,-0.004043579,-9.853668,0.4239502
1398519527438420849,1807817,1398519527013,0.0030975342,-9.875092,0.43347168
1398519527443791943,1807818,1398519527013,-0.004043579,-9.838196,0.42990112
1398519527448949414,1807828,1398519527024,0.013809204,-9.86438,0.49179077
1398519527454259472,1807828,1398519527024,0.080459595,-9.8810425,0.48345947
1398519527458562451,1807838,1398519527033,0.0554657,-9.828674,0.38586426
1398519527463933544,1807838,1398519527033,0.04475403,-9.834625,0.4477539
1398519527468511181,1807842,1398519527038,0.0054779053,-9.86438,0.3918152
1398519527474797802,1807853,1398519527048,0.04118347,-9.904846,0.42514038
1398519527478917675,1807853,1398519527048,0.006668091,-9.844147,0.4644165
1398519527483617382,1807859,1398519527054,0.024520874,-9.908417,0.4156189
1398519527488622265,1807865,1398519527061,0.043563843,-9.888184,0.45370483
1398519527493657665,1807869,1398519527064,-0.023086548,-9.845337,0.43347168
1398519527498693066,1807876,1398519527071,0.04475403,-9.902466,0.4072876
1398519527503728466,1807877,1398519527073,0.04118347,-9.901276,0.42871094
1398519527510045605,1807889,1398519527085,-0.033798218,-9.852478,0.45132446
1398519527515264111,1807889,1398519527085,0.04475403,-9.878662,0.3989563
1398519527518865185,1807894,1398519527090,0.04475403,-9.878662,0.3989563
1398519527523870068,1807899,1398519527094,0.0019073486,-9.885803,0.43585205
1398519527528905468,1807906,1398519527102,0.019760132,-9.873901,0.44537354
1398519527534001904,1807908,1398519527103,0.032852173,-9.838196,0.35610962
1398519527538976269,1807917,1398519527112,0.01737976,-9.93103,0.41680908
1398519527544164257,1807918,1398519527113,0.026901245,-9.917938,0.4906006
1398519527549047070,1807926,1398519527122,0.030471802,-9.907227,0.43466187
1398519527554082470,1807928,1398519527123,0.0042877197,-9.895325,0.4656067
1398519527559117871,1807937,1398519527132,0.023330688,-9.885803,0.37872314
1398519527564305859,1807938,1398519527133,0.0388031,-9.842957,0.47036743
1398519527570470410,1807951,1398519527146,0.045944214,-9.8941345,0.42037964
1398519527575780468,1807951,1398519527146,0.020950317,-9.882233,0.45965576
1398519527579259472,1807954,1398519527150,0.020950317,-9.882233,0.45965576
1398519527584294872,1807959,1398519527155,0.006668091,-9.897705,0.45251465
1398519527589360790,1807968,1398519527164,0.053085327,-9.890564,0.41085815
1398519527594609814,1807968,1398519527164,-0.034988403,-9.852478,0.42037964
1398519527599553662,1807979,1398519527174,0.013809204,-9.853668,0.3989563
1398519527604924755,1807979,1398519527174,0.019760132,-9.890564,0.45370483
1398519527609624462,1807989,1398519527184,0.009048462,-9.892944,0.45846558
1398519527614995556,1807989,1398519527184,0.03642273,-9.895325,0.45489502
1398519527619695263,1807999,1398519527194,0.019760132,-9.86438,0.39657593
1398519527625035839,1807999,1398519527194,0.03404236,-9.877472,0.4656067
1398519527630284863,1808010,1398519527206,0.04118347,-9.845337,0.40133667
1398519527635503369,1808011,1398519527206,0.0030975342,-9.895325,0.40252686
1398519527639684277,1808017,1398519527212,0.03404236,-9.920319,0.47036743
1398519527644719677,1808018,1398519527214,0.010238647,-9.8941345,0.41085815
1398519527649877148,1808029,1398519527225,-0.008804321,-9.891754,0.42871094
1398519527655278759,1808029,1398519527225,0.016189575,-9.854858,0.43347168
1398519527660192089,1808039,1398519527235,0.031661987,-9.8810425,0.46203613
1398519527665410595,1808040,1398519527235,-0.00642395,-9.854858,0.40847778
1398519527670018749,1808049,1398519527245,0.056655884,-9.86795,0.47869873
1398519527675420361,1808049,1398519527245,-0.0076141357,-9.860809,0.35610962
1398519527680333691,1808061,1398519527256,0.024520874,-9.859619,0.506073
1398519527685582714,1808061,1398519527256,0.012619019,-9.891754,0.4644165
1398519527690068798,1808067,1398519527263,0.007858276,-9.873901,0.4656067
1398519527695195751,1808069,1398519527264,0.035232544,-9.879852,0.4477539
1398519527700688915,1808080,1398519527276,0.016189575,-9.852478,0.41680908
1398519527705998974,1808080,1398519527276,0.018569946,-9.909607,0.4144287
1398519527710271435,1808089,1398519527285,0.007858276,-9.891754,0.41085815
1398519527715550976,1808089,1398519527285,-0.0135650635,-9.871521,0.4965515
1398519527721013622,1808100,1398519527296,0.013809204,-9.847717,0.50131226
1398519527726293164,1808101,1398519527296,0.08164978,-9.850098,0.4822693
1398519527730382519,1808109,1398519527305,0.03404236,-9.872711,0.41085815
1398519527735601025,1808109,1398519527305,-0.0135650635,-9.875092,0.43704224
1398519527740544872,1808120,1398519527315,0.0471344,-9.873901,0.46203613
1398519527745915966,1808120,1398519527315,-0.001663208,-9.884613,0.47869873
1398519527750981884,1808131,1398519527327,0.02571106,-9.860809,0.40014648
1398519527756291943,1808131,1398519527327,0.0042877197,-9.909607,0.45965576
1398519527760533886,1808138,1398519527334,-0.009994507,-9.848907,0.44299316
1398519527765691357,1808139,1398519527335,0.020950317,-9.873901,0.43466187
1398519527771733837,1808151,1398519527347,0.018569946,-9.884613,0.4572754
1398519527776952343,1808151,1398519527347,0.032852173,-9.911987,0.46322632
1398519527780675488,1808158,1398519527354,0.030471802,-9.845337,0.4477539
1398519527785863476,1808161,1398519527356,-0.00642395,-9.907227,0.44656372
1398519527790868359,1808170,1398519527365,0.03404236,-9.895325,0.38824463
1398519527796208935,1808170,1398519527366,0.0054779053,-9.8619995,0.43585205
1398519527801427441,1808181,1398519527376,0.019760132,-9.879852,0.44656372
1398519527806706982,1808181,1398519527377,0.039993286,-9.870331,0.43704224
1398519527810979443,1808190,1398519527386,0.007858276,-9.86438,0.45846558
1398519527816350537,1808190,1398519527386,0.024520874,-9.86676,0.44418335
1398519527821599560,1808201,1398519527397,0.031661987,-9.86319,0.40847778
1398519527826848583,1808201,1398519527397,0.018569946,-9.817963,0.42990112
1398519527831090527,1808211,1398519527407,0.030471802,-9.898895,0.4560852
1398519527836309033,1808211,1398519527407,0.07569885,-9.907227,0.41323853
1398519527841161328,1808220,1398519527416,0.031661987,-9.879852,0.40847778
1398519527846501904,1808220,1398519527416,0.01499939,-9.857239,0.3918152
1398519527851872997,1808232,1398519527428,0.030471802,-9.823914,0.39538574
1398519527857549267,1808232,1398519527428,-4.7302246E-4,-9.876282,0.52511597
1398519527861241894,1808237,1398519527433,-4.7302246E-4,-9.876282,0.52511597
1398519527866277294,1808240,1398519527436,0.0019073486,-9.877472,0.4882202
1398519527872594433,1808252,1398519527448,-0.050460815,-9.8941345,0.44180298
1398519527877904492,1808252,1398519527448,-0.029037476,-9.838196,0.4477539
1398519527881383496,1808258,1398519527454,-0.029037476,-9.838196,0.4477539
1398519527886418896,1808261,1398519527457,0.0388031,-9.885803,0.44537354
1398519527891728955,1808271,1398519527467,0.011428833,-9.8941345,0.46798706
1398519527897039013,1808271,1398519527467,0.023330688,-9.896515,0.38824463
1398519527901738720,1808282,1398519527477,0.082839966,-9.86795,0.41918945
1398519527907170849,1808282,1398519527478,0.02809143,-9.86557,0.4906006
1398519527911577667,1808291,1398519527486,0.02809143,-9.871521,0.35849
1398519527916826690,1808291,1398519527486,0.022140503,-9.901276,0.38467407
1398519527922472442,1808302,1398519527497,0.03642273,-9.870331,0.42037964
1398519527927690948,1808302,1398519527497,0.05189514,-9.883423,0.4310913
1398519527931749786,1808311,1398519527507,0.043563843,-9.86438,0.45251465
1398519527936968292,1808312,1398519527507,0.04475403,-9.833435,0.4906006
1398519527941912140,1808321,1398519527517,0.031661987,-9.915558,0.43704224
1398519527947344268,1808322,1398519527517,-4.7302246E-4,-9.825104,0.47036743
1398519527952074493,1808332,1398519527528,0.042373657,-9.896515,0.40966797
1398519527957903350,1808332,1398519527528,0.0054779053,-9.847717,0.41323853
1398519527962053741,1808341,1398519527537,0.0042877197,-9.845337,0.40133667
1398519527967394317,1808341,1398519527537,0.050704956,-9.9131775,0.4406128
1398519527972612823,1808352,1398519527548,0.037612915,-9.884613,0.42633057
1398519527977892364,1808352,1398519527548,-0.00642395,-9.870331,0.41085815
1398519527982103790,1808361,1398519527557,0.053085327,-9.882233,0.36920166
1398519527987352813,1808361,1398519527557,0.026901245,-9.841766,0.47512817
1398519527993303741,1808373,1398519527568,0.010238647,-9.860809,0.4322815
1398519527998613800,1808373,1398519527568,-0.025466919,-9.817963,0.4822693
1398519528002214874,1808377,1398519527573,0.054275513,-9.878662,0.4322815
1398519528007250274,1808381,1398519527577,0.032852173,-9.914368,0.41085815
1398519528013018097,1808392,1398519527588,0.06498718,-9.835815,0.47631836
1398519528018145050,1808392,1398519527588,0.02809143,-9.844147,0.48464966
1398519528022509063,1808402,1398519527598,0.02809143,-9.853668,0.45370483
1398519528028093780,1808402,1398519527598,0.07450867,-9.919128,0.4322815
1398519528032457794,1808407,1398519527603,0.019760132,-9.879852,0.5120239
1398519528037462677,1808411,1398519527607,0.01499939,-9.86795,0.40014648
1398519528043779815,1808423,1398519527619,0.012619019,-9.835815,0.4906006
1398519528049059356,1808423,1398519527619,0.0030975342,-9.840576,0.4572754
1398519528052568878,1808431,1398519527627,-4.7302246E-4,-9.847717,0.4060974
1398519528057604278,1808431,1398519527627,0.037612915,-9.870331,0.46322632
1398519528063921417,1808442,1398519527638,0.030471802,-9.86795,0.44656372
1398519528068438018,1808443,1398519527638,0.026901245,-9.823914,0.42871094
1398519528072740997,1808448,1398519527643,0.0388031,-9.845337,0.41918945
1398519528077745880,1808453,1398519527649,0.026901245,-9.885803,0.44299316
1398519528082781280,1808458,1398519527653,0.037612915,-9.869141,0.49298096
1398519528087816681,1808463,1398519527659,0.06022644,-9.870331,0.4406128
1398519528092852081,1808468,1398519527663,0.069747925,-9.900085,0.42276
1398519528097887481,1808473,1398519527668,0.045944214,-9.872711,0.43466187
1398519528103044952,1808482,1398519527678,0.05784607,-9.904846,0.46203613
1398519528108446563,1808482,1398519527678,0.050704956,-9.8619995,0.44537354
1398519528113604034,1808493,1398519527689,0.011428833,-9.86795,0.42990112
1398519528118822540,1808493,1398519527689,0.053085327,-9.901276,0.42752075
1398519528123095001,1808498,1398519527694,0.0042877197,-9.896515,0.41323853
1398519528128099884,1808502,1398519527698,0.018569946,-9.886993,0.42752075
1398519528134264434,1808512,1398519527708,0.035232544,-9.870331,0.41680908
1398519528138567413,1808513,1398519527708,0.035232544,-9.870331,0.41680908
1398519528143236602,1808518,1398519527714,0.011428833,-9.860809,0.45013428
1398519528148241485,1808524,1398519527719,0.009048462,-9.879852,0.43585205
1398519528153276886,1808528,1398519527724,0.0471344,-9.847717,0.47631836
1398519528158312286,1808534,1398519527729,-0.032608032,-9.897705,0.46322632
1398519528163347686,1808542,1398519527738,0.024520874,-9.914368,0.42871094
1398519528168596710,1808542,1398519527738,-0.011184692,-9.871521,0.42990112
1398519528174669708,1808554,1398519527750,0.050704956,-9.875092,0.42037964
1398519528179979766,1808554,1398519527750,0.02809143,-9.821533,0.4322815
1398519528183489288,1808559,1398519527754,7.171631E-4,-9.86319,0.36206055
1398519528188524688,1808564,1398519527759,7.171631E-4,-9.847717,0.44418335
1398519528193560089,1808569,1398519527764,0.018569946,-9.822723,0.46322632
1398519528198595489,1808576,1398519527771,0.0030975342,-9.915558,0.4560852
1398519528203630890,1808577,1398519527773,0.02809143,-9.882233,0.390625
1398519528208666290,1808586,1398519527782,0.04951477,-9.901276,0.48345947
1398519528213701690,1808588,1398519527783,0.011428833,-9.86557,0.44418335
1398519528218737091,1808594,1398519527790,0.011428833,-9.8810425,0.5155945
1398519528223772491,1808601,1398519527797,0.0030975342,-9.8810425,0.37158203
1398519528228960479,1808603,1398519527799,0.05784607,-9.826294,0.44656372
1398519528234606231,1808614,1398519527810,0.039993286,-9.842957,0.4560852
1398519528239794220,1808614,1398519527810,-0.015945435,-9.826294,0.36325073
1398519528243914093,1808619,1398519527815,0.069747925,-9.86438,0.42037964
1398519528248949493,1808624,1398519527820,0.045944214,-9.86795,0.3989563
1398519528253984893,1808629,1398519527825,0.020950317,-9.885803,0.45370483
1398519528259020294,1808638,1398519527833,0.016189575,-9.903656,0.44299316
1398519528264269317,1808638,1398519527834,-0.0028533936,-9.9131775,0.40847778
1398519528269152130,1808648,1398519527844,0.04951477,-9.886993,0.45965576
1398519528274340118,1808648,1398519527844,-0.050460815,-9.860809,0.42752075
1398519528279161895,1808658,1398519527854,-0.019515991,-9.910797,0.390625
1398519528284410919,1808658,1398519527854,-0.008804321,-9.851288,0.47750854
1398519528290361847,1808671,1398519527866,0.012619019,-9.907227,0.4322815
1398519528295641388,1808671,1398519527866,0.04951477,-9.882233,0.46679688
1398519528299334015,1808675,1398519527870,0.053085327,-9.886993,0.47036743
1398519528304338897,1808679,1398519527875,0.030471802,-9.92627,0.4406128
1398519528309465850,1808689,1398519527884,0.0042877197,-9.832245,0.37158203
1398519528314836944,1808689,1398519527884,0.08641052,-9.853668,0.45251465
1398519528319567169,1808699,1398519527894,0.0471344,-9.834625,0.4489441
1398519528324968780,1808699,1398519527894,0.023330688,-9.851288,0.46203613
1398519528329668487,1808709,1398519527904,0.06498718,-9.898895,0.46679688
1398519528335100616,1808709,1398519527905,0.026901245,-9.883423,0.47988892
1398519528339708770,1808719,1398519527914,-0.026657104,-9.892944,0.46798706
1398519528345110382,1808719,1398519527915,0.07450867,-9.841766,0.45965576
1398519528350267852,1808731,1398519527926,-0.004043579,-9.847717,0.40371704
1398519528355486358,1808731,1398519527926,0.042373657,-9.86676,0.42990112
1398519528359728302,1808737,1398519527932,0.011428833,-9.884613,0.42037964
1398519528364763702,1808738,1398519527934,0.029281616,-9.891754,0.40252686
1398519528370012725,1808749,1398519527945,0.022140503,-9.908417,0.38705444
1398519528375444854,1808750,1398519527945,0.06736755,-9.856049,0.42514038
1398519528380175079,1808759,1398519527955,0.029281616,-9.853668,0.46203613
1398519528385546173,1808760,1398519527955,-0.004043579,-9.900085,0.42752075
1398519528390215362,1808770,1398519527965,0.02809143,-9.875092,0.45370483
1398519528395616974,1808770,1398519527965,0.02571106,-9.908417,0.43347168
1398519528400133575,1808779,1398519527975,-0.033798218,-9.871521,0.38586426
1398519528405535186,1808779,1398519527975,0.020950317,-9.845337,0.40490723
1398519528410143341,1808789,1398519527985,0.026901245,-9.906036,0.45489502
1398519528415361847,1808789,1398519527985,0.013809204,-9.908417,0.4156189
1398519528420855011,1808801,1398519527997,0.007858276,-9.835815,0.40371704
1398519528426104034,1808801,1398519527997,-0.011184692,-9.831055,0.4906006
1398519528430254425,1808807,1398519528003,-0.011184692,-9.831055,0.4906006
1398519528435259308,1808809,1398519528004,-0.04689026,-9.878662,0.46322632
1398519528441210235,1808821,1398519528016,0.054275513,-9.889374,0.4394226
1398519528446459259,1808821,1398519528016,0.019760132,-9.876282,0.4406128
1398519528450365509,1808829,1398519528025,0.019760132,-9.876282,0.4406128
1398519528455553497,1808829,1398519528025,0.0019073486,-9.919128,0.43585205
1398519528460436309,1808836,1398519528031,0.006668091,-9.852478,0.45251465
1398519528465471710,1808844,1398519528040,0.050704956,-9.86319,0.42990112
1398519528470690216,1808845,1398519528040,0.009048462,-9.891754,0.473938
1398519528476671661,1808856,1398519528052,0.03642273,-9.851288,0.41799927
1398519528481981720,1808856,1398519528052,0.06855774,-9.871521,0.35610962
1398519528485643829,1808863,1398519528059,0.0030975342,-9.871521,0.47631836
1398519528490770782,1808865,1398519528061,0.02809143,-9.902466,0.41085815
1398519528496416534,1808876,1398519528071,0.07926941,-9.902466,0.41680908
1398519528501635040,1808876,1398519528071,0.031661987,-9.840576,0.46322632
1398519528505907501,1808885,1398519528081,0.010238647,-9.837006,0.473938
1398519528511248077,1808885,1398519528081,0.048324585,-9.898895,0.41799927
1398519528516436065,1808896,1398519528091,0.04475403,-9.856049,0.39657593
1398519528521654571,1808896,1398519528092,-0.001663208,-9.870331,0.40847778
1398519528526049102,1808905,1398519528101,0.02571106,-9.86319,0.5155945
1398519528531389679,1808905,1398519528101,0.063797,-9.872711,0.40371704
1398519528536547149,1808916,1398519528112,0.042373657,-9.844147,0.46679688
1398519528541765655,1808916,1398519528112,0.01499939,-9.8810425,0.45132446
1398519528546160186,1808925,1398519528121,-0.014755249,-9.86557,0.36444092
1398519528551500763,1808925,1398519528121,0.031661987,-9.860809,0.46322632
1398519528556719268,1808936,1398519528132,0.013809204,-9.877472,0.41799927
1398519528561937774,1808936,1398519528132,0.006668091,-9.86319,0.4406128
1398519528566332306,1808945,1398519528141,0.026901245,-9.870331,0.45846558
1398519528571672882,1808946,1398519528141,0.020950317,-9.86676,0.39419556
1398519528576860870,1808956,1398519528152,0.043563843,-9.882233,0.42752075
1398519528582140411,1808956,1398519528152,0.039993286,-9.870331,0.38110352
1398519528586473907,1808966,1398519528161,0.042373657,-9.856049,0.42276
1398519528591845001,1808966,1398519528161,0.05189514,-9.879852,0.4572754
1398519528597002472,1808976,1398519528172,0.006668091,-9.886993,0.47512817
1398519528602312530,1808977,1398519528172,-0.012374878,-9.948883,0.48583984
1398519528606615509,1808986,1398519528181,-0.008804321,-9.878662,0.42156982
1398519528611986602,1808986,1398519528181,0.006668091,-9.831055,0.45370483
1398519528617144073,1808997,1398519528192,7.171631E-4,-9.86319,0.4156189
1398519528622454132,1808997,1398519528192,0.022140503,-9.859619,0.4072876
1398519528626757110,1809006,1398519528201,0.01737976,-9.895325,0.4560852
1398519528632128204,1809006,1398519528202,-0.009994507,-9.8619995,0.44180298
1398519528637285675,1809017,1398519528212,0.035232544,-9.823914,0.4894104
1398519528642595733,1809017,1398519528212,0.0042877197,-9.848907,0.3918152
1398519528646898712,1809026,1398519528222,0.043563843,-9.876282,0.43585205
1398519528652239288,1809026,1398519528222,-0.029037476,-9.891754,0.37277222
1398519528657427276,1809037,1398519528232,-0.001663208,-9.895325,0.4644165
1398519528662645782,1809037,1398519528233,0.0388031,-9.857239,0.42156982
1398519528667009796,1809046,1398519528242,0.06855774,-9.86438,0.4489441
1398519528672350372,1809046,1398519528242,0.032852173,-9.858429,0.40133667
1398519528677568878,1809057,1398519528253,0.02809143,-9.919128,0.4310913
1398519528682787384,1809057,1398519528253,-0.011184692,-9.889374,0.44299316
1398519528687181915,1809066,1398519528262,0.024520874,-9.8810425,0.42156982
1398519528692522491,1809066,1398519528262,0.04475403,-9.877472,0.3989563
1398519528697710479,1809077,1398519528273,-0.011184692,-9.898895,0.40966797
1398519528702928985,1809077,1398519528273,0.043563843,-9.848907,0.40847778
1398519528707292999,1809086,1398519528282,0.043563843,-9.876282,0.42037964
1398519528712633575,1809087,1398519528282,0.04475403,-9.871521,0.46679688
1398519528717852081,1809097,1398519528293,0.026901245,-9.896515,0.43704224
1398519528723162140,1809097,1398519528293,0.0042877197,-9.8810425,0.46322632
1398519528727465118,1809107,1398519528302,0.0042877197,-9.8810425,0.46322632
1398519528732836212,1809107,1398519528302,0.032852173,-9.878662,0.4656067
1398519528737993683,1809117,1398519528313,0.024520874,-9.922699,0.39657593
1398519528743303741,1809118,1398519528313,0.035232544,-9.908417,0.49417114
1398519528747606720,1809127,1398519528322,0.035232544,-9.908417,0.49417114
1398519528752977813,1809127,1398519528322,0.031661987,-9.906036,0.47750854
1398519528758135284,1809138,1398519528333,-0.025466919,-9.883423,0.4310913
1398519528763445343,1809138,1398519528333,-0.0052337646,-9.879852,0.46917725
1398519528767748321,1809147,1398519528342,0.023330688,-9.856049,0.43585205
1398519528773119415,1809147,1398519528343,0.022140503,-9.86319,0.41085815
1398519528778276886,1809158,1398519528353,0.0054779053,-9.86557,0.44656372
1398519528783586944,1809158,1398519528353,0.04951477,-9.838196,0.44299316
1398519528787889923,1809167,1398519528363,0.031661987,-9.837006,0.40133667
1398519528793230499,1809167,1398519528363,-4.7302246E-4,-9.903656,0.48703003
1398519528798449005,1809178,1398519528373,0.0030975342,-9.86319,0.46679688
1398519528803667511,1809178,1398519528374,0.018569946,-9.826294,0.4406128
1398519528808001007,1809187,1398519528383,0.035232544,-9.8619995,0.4394226
1398519528813341583,1809187,1398519528383,-0.008804321,-9.827484,0.46798706
1398519528818560089,1809198,1398519528393,-0.012374878,-9.858429,0.44418335
1398519528823778595,1809198,1398519528394,0.013809204,-9.846527,0.43704224
1398519528828173126,1809207,1398519528403,0.06022644,-9.886993,0.40847778
1398519528833544220,1809207,1398519528403,0.0030975342,-9.869141,0.41085815
1398519528838671173,1809218,1398519528414,0.042373657,-9.885803,0.44299316
1398519528843920196,1809218,1398519528414,0.020950317,-9.884613,0.43466187
1398519528848284210,1809227,1398519528423,0.03404236,-9.852478,0.3739624
1398519528853624786,1809228,1398519528423,-0.015945435,-9.839386,0.43704224
1398519528858843292,1809238,1398519528434,-0.025466919,-9.891754,0.4810791
1398519528864061798,1809238,1398519528434,0.029281616,-9.859619,0.45132446
1398519528868456329,1809248,1398519528443,0.039993286,-9.907227,0.4060974
1398519528873827423,1809248,1398519528443,0.06736755,-9.919128,0.47750854
1398519528878984893,1809258,1398519528454,0.03642273,-9.854858,0.42990112
1398519528884294952,1809259,1398519528454,0.037612915,-9.837006,0.40014648
1398519528888597931,1809268,1398519528463,0.043563843,-9.9131775,0.44180298
1398519528893969024,1809268,1398519528463,0.03642273,-9.875092,0.4477539
1398519528899126495,1809279,1398519528474,-0.0076141357,-9.870331,0.45489502
1398519528904436554,1809279,1398519528474,-0.0052337646,-9.816772,0.4394226
1398519528908739532,1809288,1398519528483,0.039993286,-9.8810425,0.3989563
1398519528914110626,1809288,1398519528484,0.045944214,-9.869141,0.4572754
1398519528919268097,1809299,1398519528494,0.061416626,-9.890564,0.4072876
1398519528924578155,1809299,1398519528494,0.02809143,-9.854858,0.44299316
1398519528928881134,1809308,1398519528504,-0.004043579,-9.859619,0.44537354
1398519528934252227,1809308,1398519528504,0.02809143,-9.872711,0.4239502
1398519528939409698,1809319,1398519528514,0.010238647,-9.860809,0.34777832
1398519528944628204,1809319,1398519528515,0.01737976,-9.889374,0.4322815
1398519528948870147,1809324,1398519528520,0.045944214,-9.877472,0.42871094
1398519528953905548,1809329,1398519528525,0.03642273,-9.807251,0.35253906
1398519528958940948,1809338,1398519528533,0.045944214,-9.906036,0.4072876
1398519528964189972,1809338,1398519528534,0.006668091,-9.857239,0.3918152
1398519528969072784,1809348,1398519528544,0.02809143,-9.845337,0.4644165
1398519528974260772,1809348,1398519528544,0.02571106,-9.860809,0.3918152
1398519528979113067,1809358,1398519528554,0.030471802,-9.859619,0.3918152
1398519528984362091,1809358,1398519528554,-0.012374878,-9.856049,0.45370483
1398519528990099395,1809370,1398519528566,0.01737976,-9.86438,0.43466187
1398519528995317901,1809371,1398519528566,0.031661987,-9.854858,0.5036926
1398519528999224151,1809374,1398519528570,0.031661987,-9.854858,0.5036926
1398519529004259552,1809379,1398519528575,0.042373657,-9.872711,0.47750854
1398519529009417022,1809389,1398519528584,-0.031417847,-9.871521,0.35610962
1398519529014818634,1809389,1398519528584,-0.031417847,-9.896515,0.5001221
1398519529019487823,1809399,1398519528594,-0.008804321,-9.847717,0.5203552
1398519529024889434,1809399,1398519528594,0.0388031,-9.876282,0.4394226
1398519529029589141,1809409,1398519528604,0.0388031,-9.876282,0.4394226
1398519529034990753,1809409,1398519528605,-0.004043579,-9.851288,0.42514038
1398519529040117706,1809421,1398519528616,0.035232544,-9.871521,0.45846558
1398519529045427765,1809421,1398519528616,-0.014755249,-9.873901,0.49536133
1398519529049578155,1809427,1398519528622,0.054275513,-9.826294,0.46798706
1398519529054613556,1809428,1398519528624,0.016189575,-9.902466,0.50250244
1398519529059923614,1809439,1398519528635,0.05189514,-9.845337,0.47631836
1398519529065203155,1809439,1398519528635,0.04951477,-9.911987,0.43466187
1398519529069902862,1809449,1398519528645,0.03404236,-9.852478,0.48345947
1398519529075365509,1809450,1398519528645,0.05784607,-9.851288,0.42156982
1398519529080065216,1809459,1398519528655,-4.7302246E-4,-9.813202,0.46917725
1398519529085497345,1809460,1398519528655,-0.026657104,-9.828674,0.3656311
1398519529090166534,1809469,1398519528665,-0.014755249,-9.8810425,0.47631836
1398519529095568145,1809471,1398519528666,0.018569946,-9.892944,0.4572754
1398519529099962677,1809477,1398519528673,0.063797,-9.838196,0.49893188
1398519529105120147,1809479,1398519528674,-0.004043579,-9.86438,0.42514038
1398519529110613311,1809490,1398519528686,0.04118347,-9.888184,0.45132446
1398519529115831817,1809490,1398519528686,-0.011184692,-9.882233,0.4310913
1398519529120195831,1809499,1398519528695,0.04118347,-9.914368,0.5465393
1398519529125536407,1809499,1398519528695,-0.012374878,-9.873901,0.49893188
1398519529130724395,1809510,1398519528706,0.019760132,-9.851288,0.42276
1398519529135942901,1809510,1398519528706,0.016189575,-9.8941345,0.50845337
1398519529140337433,1809519,1398519528715,0.056655884,-9.86438,0.40133667
1398519529145678009,1809521,1398519528716,0.02571106,-9.897705,0.4882202
1398519529150377716,1809529,1398519528725,0.03404236,-9.876282,0.4477539
1398519529155657257,1809530,1398519528725,0.06855774,-9.921509,0.4394226
1398519529161089386,1809541,1398519528736,0.01499939,-9.86676,0.4560852
1398519529166460479,1809541,1398519528736,0.01499939,-9.838196,0.45013428
1398519529170458282,1809549,1398519528745,0.012619019,-9.910797,0.4406128
1398519529175676788,1809550,1398519528745,0.026901245,-9.873901,0.44299316
1398519529181261505,1809561,1398519528756,0.050704956,-9.844147,0.38824463
1398519529186541046,1809561,1398519528756,0.02571106,-9.884613,0.42156982
1398519529190630401,1809571,1398519528766,0.018569946,-9.878662,0.506073
1398519529195848907,1809571,1398519528766,-0.024276733,-9.835815,0.4882202
1398519529200792755,1809580,1398519528776,-0.037368774,-9.888184,0.44180298
1398519529206163849,1809580,1398519528776,-0.0028533936,-9.859619,0.45132446
1398519529211321319,1809591,1398519528787,0.016189575,-9.844147,0.4072876
1398519529216692413,1809591,1398519528787,0.02571106,-9.889374,0.44180298
1398519529220812286,1809600,1398519528796,0.0054779053,-9.878662,0.43823242
1398519529226152862,1809600,1398519528796,0.03404236,-9.86557,0.44418335
1398519529231584991,1809611,1398519528807,0.012619019,-9.896515,0.46679688
1398519529236803497,1809611,1398519528807,0.048324585,-9.846527,0.44180298
1398519529241075958,1809621,1398519528817,0.010238647,-9.842957,0.46798706
1398519529246416534,1809621,1398519528817,0.059036255,-9.848907,0.49179077
1398519529251116241,1809631,1398519528827,0.01499939,-9.821533,0.42990112
1398519529256456817,1809631,1398519528827,0.02809143,-9.858429,0.4394226
1398519529261095489,1809637,1398519528832,0.007858276,-9.923889,0.47036743
1398519529266100372,1809640,1398519528835,0.04951477,-9.850098,0.42990112
1398519529272417511,1809652,1398519528848,0.026901245,-9.873901,0.4560852
1398519529277758087,1809652,1398519528848,-0.030227661,-9.92984,0.44537354
1398519529281237091,1809658,1398519528854,-0.030227661,-9.92984,0.44537354
1398519529286241974,1809660,1398519528856,0.016189575,-9.878662,0.506073
1398519529292559112,1809672,1398519528868,7.171631E-4,-9.827484,0.4727478
1398519529297777618,1809672,1398519528868,0.035232544,-9.858429,0.3751526
1398519529301348175,1809679,1398519528874,0.035232544,-9.858429,0.3751526
1398519529306383575,1809681,1398519528876,0.03642273,-9.831055,0.506073
1398519529312487091,1809692,1398519528888,0.02809143,-9.827484,0.49893188
1398519529317766632,1809692,1398519528888,0.013809204,-9.859619,0.4144287
1398519529321489776,1809699,1398519528895,0.013809204,-9.859619,0.4144287
1398519529326647247,1809701,1398519528896,0.029281616,-9.853668,0.4965515
1398519529332201446,1809712,1398519528907,-0.018325806,-9.8619995,0.45846558
1398519529337511505,1809712,1398519528907,0.0054779053,-9.884613,0.42276
1398519529341783966,1809721,1398519528917,0.03404236,-9.838196,0.4810791
1398519529347155059,1809721,1398519528917,0.059036255,-9.870331,0.5048828
1398519529352312530,1809732,1398519528927,0.045944214,-9.909607,0.3834839
1398519529357622589,1809732,1398519528928,0.019760132,-9.922699,0.42514038
1398519529361925567,1809741,1398519528937,0.07569885,-9.910797,0.40847778
1398519529367296661,1809741,1398519528937,0.02809143,-9.882233,0.4560852
1398519529372454132,1809752,1398519528948,0.020950317,-9.884613,0.4072876
1398519529377764190,1809752,1398519528948,0.043563843,-9.851288,0.42514038
1398519529382067169,1809761,1398519528957,0.048324585,-9.8619995,0.48345947
1398519529387407745,1809761,1398519528957,0.022140503,-9.838196,0.43823242
1398519529392626251,1809772,1398519528968,0.030471802,-9.902466,0.46084595
1398519529397844757,1809772,1398519528968,0.04951477,-9.871521,0.3894348
1398519529402178253,1809781,1398519528977,-0.001663208,-9.922699,0.46084595
1398519529407518829,1809781,1398519528977,0.023330688,-9.857239,0.4144287
1398519529412737335,1809792,1398519528988,7.171631E-4,-9.853668,0.42990112
1398519529417955841,1809792,1398519528988,0.035232544,-9.8619995,0.4894104
1398519529422350372,1809801,1398519528997,0.018569946,-9.852478,0.46084595
1398519529427690948,1809802,1398519528997,0.018569946,-9.909607,0.42752075
1398519529432878936,1809812,1398519529008,0.01737976,-9.857239,0.5048828
1398519529438097442,1809812,1398519529008,-0.009994507,-9.860809,0.43466187
1398519529442461456,1809822,1398519529017,-0.004043579,-9.883423,0.46203613
1398519529447802032,1809822,1398519529017,0.07331848,-9.878662,0.3989563
1398519529453020538,1809833,1398519529028,-0.031417847,-9.877472,0.44299316
1398519529458330597,1809833,1398519529028,0.045944214,-9.907227,0.41085815
1398519529462633575,1809842,1398519529037,-4.7302246E-4,-9.860809,0.42990112
1398519529468004669,1809842,1398519529038,0.031661987,-9.852478,0.40133667
1398519529473162140,1809853,1398519529048,0.07569885,-9.872711,0.44180298
1398519529478472198,1809853,1398519529048,0.03404236,-9.886993,0.43466187
1398519529482775177,1809862,1398519529058,0.0042877197,-9.846527,0.4406128
1398519529488146270,1809862,1398519529058,0.013809204,-9.846527,0.40966797
1398519529493303741,1809873,1398519529069,0.06022644,-9.841766,0.45489502
1398519529498156036,1809873,1398519529069,0.02571106,-9.885803,0.36801147
1398519529502764190,1809878,1398519529073,0.011428833,-9.848907,0.40966797
1398519529507799591,1809884,1398519529079,-0.014755249,-9.839386,0.41680908
1398519529513073224,1809888,1398519529084,0.12568665,-9.892944,0.4489441
1398519529518108624,1809893,1398519529089,-0.0076141357,-9.908417,0.45846558
1398519529523144025,1809898,1398519529094,-0.012374878,-9.875092,0.47155762
1398519529528179425,1809903,1398519529099,0.0042877197,-9.847717,0.45489502
1398519529533336896,1809912,1398519529108,0.01499939,-9.890564,0.4394226
1398519529538677472,1809912,1398519529108,0.045944214,-9.897705,0.43466187
1398519529543895978,1809923,1398519529119,0.0388031,-9.892944,0.473938
1398519529549114484,1809923,1398519529119,0.053085327,-9.876282,0.40252686
1398519529553478498,1809932,1398519529128,0.029281616,-9.879852,0.42752075
1398519529558819074,1809933,1398519529128,0.035232544,-9.841766,0.4310913
1398519529564037580,1809943,1398519529139,-0.012374878,-9.873901,0.45251465
1398519529569256085,1809943,1398519529139,0.03404236,-9.847717,0.37872314
1398519529573620099,1809953,1398519529148,0.006668091,-9.859619,0.41323853
1398519529578960675,1809953,1398519529148,0.043563843,-9.856049,0.44180298
1398519529584179181,1809963,1398519529159,0.02571106,-9.856049,0.4656067
1398519529589397687,1809964,1398519529159,0.011428833,-9.875092,0.4656067
1398519529593792218,1809973,1398519529168,0.011428833,-9.875092,0.4656067
1398519529599132794,1809973,1398519529168,0.0388031,-9.884613,0.41323853
1398519529604290265,1809984,1398519529179,0.006668091,-9.883423,0.40847778
1398519529609600324,1809984,1398519529179,0.012619019,-9.86319,0.49417114
1398519529613933820,1809993,1398519529189,0.012619019,-9.86319,0.49417114
1398519529619304914,1809993,1398519529189,0.032852173,-9.8298645,0.42633057
1398519529624462384,1810004,1398519529199,0.024520874,-9.845337,0.37277222
1398519529629772443,1810004,1398519529199,0.04475403,-9.817963,0.4322815
1398519529634075421,1810013,1398519529209,0.056655884,-9.853668,0.41085815
1398519529639446515,1810013,1398519529209,-0.0028533936,-9.875092,0.4477539
1398519529644603986,1810024,1398519529219,0.006668091,-9.846527,0.3739624
1398519529649914044,1810024,1398519529220,0.026901245,-9.839386,0.48464966
1398519529654217023,1810033,1398519529229,0.016189575,-9.808441,0.4560852
1398519529659588117,1810033,1398519529229,0.053085327,-9.879852,0.37991333
1398519529664745587,1810044,1398519529240,0.01737976,-9.873901,0.4322815
1398519529670055646,1810044,1398519529240,0.07926941,-9.877472,0.45132446
1398519529674358624,1810053,1398519529249,0.0388031,-9.853668,0.39657593
1398519529679699201,1810053,1398519529249,0.045944214,-9.79892,0.39538574
1398519529684917707,1810064,1398519529260,0.032852173,-9.827484,0.4322815
1398519529690136212,1810064,1398519529260,0.032852173,-9.883423,0.4477539
1398519529694500226,1810073,1398519529269,0.01499939,-9.917938,0.4727478
1398519529699840802,1810074,1398519529269,-4.7302246E-4,-9.86795,0.42871094
1398519529705059308,1810084,1398519529280,0.0054779053,-9.851288,0.4156189
1398519529710277814,1810084,1398519529280,0.030471802,-9.813202,0.473938
1398519529714611310,1810094,1398519529289,0.042373657,-9.831055,0.46798706
1398519529719951886,1810094,1398519529289,0.024520874,-9.877472,0.4156189
1398519529725261945,1810105,1398519529300,0.012619019,-9.900085,0.5322571
1398519529730480451,1810105,1398519529300,-0.018325806,-9.833435,0.45132446
1398519529734722394,1810114,1398519529309,0.01737976,-9.891754,0.4322815
1398519529740032453,1810114,1398519529309,0.02809143,-9.86438,0.41680908
1398519529745556134,1810125,1398519529320,0.01499939,-9.883423,0.45846558
1398519529750774640,1810125,1398519529321,0.01499939,-9.8619995,0.39300537
1398519529754802960,1810134,1398519529329,0.03642273,-9.86795,0.47988892
1398519529760021466,1810134,1398519529329,0.01737976,-9.878662,0.4894104
1398519529765941876,1810145,1398519529341,0.04475403,-9.875092,0.40252686
1398519529771251935,1810145,1398519529341,0.0388031,-9.832245,0.3834839
1398519529774944562,1810152,1398519529348,0.0042877197,-9.86319,0.38467407
1398519529780071515,1810154,1398519529350,0.035232544,-9.859619,0.46679688
1398519529785595197,1810165,1398519529360,0.019760132,-9.871521,0.39657593
1398519529790905255,1810165,1398519529361,0.050704956,-9.86557,0.42156982
1398519529795177716,1810174,1398519529370,-0.0028533936,-9.872711,0.49298096
1398519529800548810,1810174,1398519529370,0.023330688,-9.885803,0.45489502
1398519529805797833,1810185,1398519529381,-0.00642395,-9.86795,0.39300537
1398519529811077374,1810185,1398519529381,0.056655884,-9.842957,0.506073
1398519529815349835,1810194,1398519529390,0.023330688,-9.841766,0.4656067
1398519529820720929,1810195,1398519529390,0.0054779053,-9.869141,0.45013428
1398519529825878400,1810205,1398519529401,0.016189575,-9.925079,0.4572754
1398519529831096906,1810205,1398519529401,0.023330688,-9.908417,0.41680908
1398519529835460919,1810214,1398519529410,0.030471802,-9.86438,0.46322632
1398519529840801496,1810215,1398519529410,-0.0076141357,-9.884613,0.40490723
1398519529846020001,1810225,1398519529421,0.007858276,-9.872711,0.473938
1398519529851238507,1810225,1398519529421,0.023330688,-9.889374,0.4310913
1398519529855602521,1810235,1398519529430,0.013809204,-9.831055,0.4882202
1398519529860943097,1810235,1398519529430,0.0471344,-9.869141,0.43704224
1398519529866161603,1810245,1398519529441,0.07926941,-9.812012,0.49536133
1398519529871380109,1810246,1398519529441,-0.004043579,-9.902466,0.49179077
1398519529875744123,1810255,1398519529450,0.03642273,-9.890564,0.43823242
1398519529881115216,1810255,1398519529450,0.032852173,-9.908417,0.4156189
1398519529886303205,1810266,1398519529461,0.039993286,-9.852478,0.4560852
1398519529891521710,1810266,1398519529461,0.016189575,-9.889374,0.42156982
1398519529895916242,1810275,1398519529471,0.016189575,-9.889374,0.42156982
1398519529901287335,1810275,1398519529471,0.035232544,-9.839386,0.47631836
1398519529906444806,1810286,1398519529481,0.03404236,-9.879852,0.47869873
1398519529911754865,1810286,1398519529482,0.0030975342,-9.888184,0.42752075
1398519529916057843,1810295,1398519529491,0.0030975342,-9.888184,0.42752075
1398519529921428937,1810295,1398519529491,-0.004043579,-9.883423,0.44299316
1398519529926586408,1810306,1398519529501,0.07093811,-9.895325,0.4572754
1398519529931896466,1810306,1398519529502,0.023330688,-9.872711,0.42990112
1398519529936199445,1810315,1398519529511,-0.043319702,-9.854858,0.41799927
1398519529941570539,1810315,1398519529511,0.06498718,-9.892944,0.41680908
1398519529946148175,1810322,1398519529518,0.009048462,-9.871521,0.38705444
1398519529951153058,1810327,1398519529523,0.063797,-9.850098,0.37991333
1398519529956188458,1810330,1398519529525,0.031661987,-9.873901,0.41323853
1398519529962505597,1810342,1398519529538,7.171631E-4,-9.813202,0.4144287
1398519529967937726,1810342,1398519529538,0.037612915,-9.901276,0.39538574
1398519529971325177,1810348,1398519529544,-0.014755249,-9.86557,0.41323853
1398519529976330060,1810350,1398519529546,0.011428833,-9.902466,0.50250244
1398519529982647199,1810362,1398519529557,0.04951477,-9.832245,0.4394226
1398519529987835187,1810362,1398519529558,0.037612915,-9.86319,0.47036743
1398519529991466779,1810369,1398519529564,0.026901245,-9.871521,0.40133667
1398519529996593732,1810371,1398519529566,0.0554657,-9.878662,0.3822937
1398519530002483624,1810382,1398519529577,0.0030975342,-9.846527,0.42871094
1398519530007671613,1810382,1398519529577,0.08879089,-9.845337,0.390625
1398519530011608380,1810391,1398519529587,0.037612915,-9.833435,0.4644165
1398519530016826886,1810392,1398519529587,0.048324585,-9.844147,0.4322815
1398519530021801251,1810401,1398519529597,0.0054779053,-9.935791,0.49179077
1398519530027172345,1810401,1398519529597,0.045944214,-9.8941345,0.4477539
1398519530032329816,1810412,1398519529608,0.04475403,-9.906036,0.4477539
1398519530037700910,1810412,1398519529608,0.045944214,-9.885803,0.4965515
1398519530041820783,1810421,1398519529616,0.07093811,-9.871521,0.4906006
1398519530047039289,1810421,1398519529617,0.019760132,-9.79892,0.44537354
1398519530052501935,1810432,1398519529627,0.0042877197,-9.834625,0.3918152
1398519530057781476,1810432,1398519529628,0.043563843,-9.897705,0.39300537
1398519530062053937,1810441,1398519529637,0.031661987,-9.8810425,0.37991333
1398519530067394513,1810441,1398519529637,0.02809143,-9.856049,0.41323853
1398519530072613019,1810452,1398519529648,-0.021896362,-9.888184,0.4560852
1398519530077892560,1810452,1398519529648,7.171631E-4,-9.888184,0.42752075
1398519530082195539,1810461,1398519529657,0.054275513,-9.852478,0.47869873
1398519530087566632,1810461,1398519529657,0.059036255,-9.871521,0.46322632
1398519530092724103,1810472,1398519529668,0.043563843,-9.8619995,0.4406128
1398519530098003644,1810472,1398519529668,0.0019073486,-9.904846,0.49179077
1398519530102337140,1810481,1398519529677,-0.024276733,-9.92746,0.45370483
1398519530107708234,1810481,1398519529677,0.053085327,-9.8619995,0.37991333
1398519530112896222,1810492,1398519529688,0.050704956,-9.872711,0.42037964
1398519530118114728,1810492,1398519529688,0.03642273,-9.884613,0.45370483
1398519530122509259,1810501,1398519529697,0.0054779053,-9.878662,0.42990112
1398519530127849835,1810502,1398519529697,0.016189575,-9.904846,0.37753296
1398519530133068341,1810512,1398519529708,0.035232544,-9.872711,0.43466187
1398519530138286847,1810512,1398519529708,0.026901245,-9.908417,0.38586426
1398519530142620343,1810522,1398519529717,0.0019073486,-9.898895,0.41799927
1398519530147960919,1810522,1398519529717,0.045944214,-9.871521,0.46084595
1398519530153301496,1810533,1398519529728,0.10069275,-9.835815,0.4822693
1398519530158489484,1810533,1398519529728,0.05784607,-9.856049,0.4822693
1398519530162731427,1810542,1398519529737,0.02571106,-9.889374,0.4322815
1398519530168041486,1810542,1398519529737,0.011428833,-9.827484,0.43823242
1398519530173504132,1810553,1398519529748,0.030471802,-9.885803,0.5036926
1398519530178692121,1810553,1398519529748,0.03404236,-9.889374,0.40014648
1398519530182903546,1810562,1398519529757,0.03404236,-9.889374,0.40014648
1398519530188183087,1810562,1398519529758,0.06260681,-9.835815,0.4394226
1398519530193706769,1810573,1398519529769,0.031661987,-9.835815,0.45251465
1398519530198986310,1810573,1398519529769,0.056655884,-9.856049,0.42037964
1398519530202953595,1810582,1398519529777,0.056655884,-9.856049,0.42037964
1398519530208172101,1810582,1398519529777,0.031661987,-9.860809,0.4644165
1398519530214123029,1810593,1398519529789,0.043563843,-9.841766,0.4310913
1398519530219402570,1810594,1398519529789,-0.0135650635,-9.837006,0.42990112
1398519530223095197,1810601,1398519529796,0.020950317,-9.941742,0.4894104
1398519530228222150,1810602,1398519529798,0.037612915,-9.86319,0.37753296
1398519530233867902,1810613,1398519529809,-0.0135650635,-9.896515,0.44180298
1398519530239147443,1810613,1398519529809,0.018569946,-9.853668,0.4477539
1398519530243236798,1810622,1398519529818,-0.012374878,-9.835815,0.47512817
1398519530248516339,1810622,1398519529818,0.045944214,-9.856049,0.42990112
1398519530253277082,1810631,1398519529826,-0.03855896,-9.897705,0.4489441
1398519530258312482,1810642,1398519529838,0.007858276,-9.86557,0.40490723
1398519530263347882,1810642,1398519529838,0.037612915,-9.858429,0.4477539
1398519530268383283,1810642,1398519529838,0.01499939,-9.848907,0.41085815
1398519530273418683,1810657,1398519529853,0.0388031,-9.892944,0.42514038
1398519530278454083,1810657,1398519529853,0.029281616,-9.870331,0.40252686
1398519530283489484,1810657,1398519529853,0.042373657,-9.839386,0.48464966
1398519530288524884,1810703,1398519529898,0.01499939,-9.858429,0.49179077
1398519530293560285,1810703,1398519529898,0.032852173,-9.898895,0.44299316
1398519530298595685,1810703,1398519529898,0.059036255,-9.857239,0.49536133
1398519530303661603,1810703,1398519529898,0.02571106,-9.821533,0.41918945
1398519530308666486,1810703,1398519529898,0.016189575,-9.870331,0.43704224
1398519530313714141,1810703,1398519529898,-0.0076141357,-9.891754,0.45132446
1398519530318627471,1810703,1398519529899,0.022140503,-9.834625,0.45370483
1398519530323662871,1810703,1398519529899,0.019760132,-9.832245,0.44537354
1398519530328698272,1810703,1398519529899,0.03404236,-9.896515,0.44656372
1398519530333733672,1810722,1398519529917,0.019760132,-9.838196,0.39657593
1398519530338769072,1810722,1398519529917,0.020950317,-9.86676,0.47512817
1398519530343804473,1810722,1398519529917,0.022140503,-9.870331,0.47988892
1398519530348839873,1810722,1398519529917,0.011428833,-9.914368,0.44299316
1398519530353875274,1810730,1398519529925,0.023330688,-9.86557,0.46917725
1398519530358910674,1810732,1398519529927,0.054275513,-9.873901,0.4727478
1398519530363946074,1810737,1398519529932,0.05189514,-9.889374,0.42037964
1398519530368981475,1810742,1398519529937,0.020950317,-9.840576,0.40014648
1398519530374016875,1810747,1398519529942,0.0030975342,-9.86438,0.4322815
1398519530379052276,1810756,1398519529952,0.032852173,-9.86676,0.42156982
1398519530384148711,1810757,1398519529953,0.042373657,-9.8941345,0.4489441
1398519530389153594,1810767,1398519529962,0.05189514,-9.859619,0.4144287
1398519530394280547,1810767,1398519529963,0.009048462,-9.858429,0.43466187
1398519530399743194,1810778,1398519529973,0.035232544,-9.860809,0.42276
1398519530404381865,1810778,1398519529973,0.06617737,-9.86676,0.4406128
1398519530409813994,1810788,1398519529983,0.054275513,-9.847717,0.5227356
1398519530414483184,1810788,1398519529983,0.02809143,-9.910797,0.4906006
1398519530419884795,1810798,1398519529993,0.032852173,-9.854858,0.46917725
1398519530424553985,1810798,1398519529993,7.171631E-4,-9.827484,0.5132141
1398519530429955596,1810808,1398519530003,0.010238647,-9.833435,0.42276
1398519530434624785,1810808,1398519530003,0.02571106,-9.86795,0.40014648
1398519530440026397,1810818,1398519530013,0.0054779053,-9.822723,0.38824463
1398519530444695586,1810818,1398519530013,0.0030975342,-9.902466,0.47036743
1398519530450097197,1810828,1398519530023,0.04118347,-9.860809,0.45489502
1398519530454766387,1810828,1398519530024,0.031661987,-9.903656,0.47750854
1398519530460167998,1810838,1398519530034,0.03642273,-9.8941345,0.43704224
1398519530464837188,1810838,1398519530034,0.029281616,-9.876282,0.5405884
1398519530470238799,1810848,1398519530044,0.020950317,-9.848907,0.42752075
1398519530474907988,1810848,1398519530044,0.016189575,-9.845337,0.45013428
1398519530480309600,1810858,1398519530054,0.0019073486,-9.878662,0.41918945
1398519530484978789,1810858,1398519530054,0.0042877197,-9.876282,0.40966797
1398519530490380401,1810868,1398519530064,0.031661987,-9.917938,0.44299316
1398519530495049590,1810868,1398519530064,0.031661987,-9.917938,0.44299316
1398519530500451201,1810878,1398519530074,0.0030975342,-9.860809,0.45251465
1398519530505120391,1810878,1398519530074,0.06617737,-9.870331,0.47750854
1398519530510522002,1810888,1398519530084,0.019760132,-9.845337,0.38824463
1398519530515191192,1810888,1398519530084,0.045944214,-9.8810425,0.45251465
1398519530520592803,1810898,1398519530094,0.019760132,-9.8941345,0.4239502
1398519530525261992,1810898,1398519530094,0.0388031,-9.854858,0.3822937
1398519530530663604,1810909,1398519530105,0.04475403,-9.909607,0.40252686
1398519530535332793,1810909,1398519530105,0.029281616,-9.904846,0.47155762
1398519530540215606,1810914,1398519530110,0.032852173,-9.831055,0.40966797
1398519530545251006,1810922,1398519530117,0.06736755,-9.86795,0.43823242
1398519530550286406,1810924,1398519530120,0.037612915,-9.885803,0.39538574
1398519530555321807,1810930,1398519530126,0.056655884,-9.892944,0.473938
1398519530560540313,1810937,1398519530133,0.020950317,-9.86795,0.42276
1398519530565484160,1810939,1398519530134,0.02809143,-9.877472,0.4322815
1398519530570885772,1810949,1398519530144,0.023330688,-9.902466,0.4310913
1398519530575585479,1810949,1398519530144,0.04475403,-9.883423,0.45370483
1398519530581048125,1810959,1398519530154,0.030471802,-9.884613,0.45251465
1398519530585625762,1810959,1398519530154,0.056655884,-9.922699,0.43823242
1398519530591088408,1810969,1398519530164,0.022140503,-9.902466,0.45370483
1398519530595696563,1810969,1398519530165,-0.015945435,-9.904846,0.39300537
1398519530601159209,1810979,1398519530174,-0.04093933,-9.903656,0.45370483
1398519530605767363,1810979,1398519530175,0.054275513,-9.885803,0.41204834
1398519530611230010,1810989,1398519530185,-0.015945435,-9.858429,0.4477539
1398519530615838164,1810989,1398519530185,0.093551636,-9.842957,0.40966797
1398519530621300811,1810999,1398519530195,0.059036255,-9.86676,0.4072876
1398519530625908965,1810999,1398519530195,0.029281616,-9.833435,0.47631836
1398519530631371611,1811009,1398519530205,0.043563843,-9.886993,0.3894348
1398519530635979766,1811009,1398519530205,0.053085327,-9.841766,0.4072876
1398519530641442412,1811019,1398519530215,0.04118347,-9.876282,0.38586426
1398519530646050567,1811019,1398519530215,0.07569885,-9.8810425,0.4489441
1398519530651513213,1811029,1398519530225,0.063797,-9.846527,0.44656372
1398519530656121367,1811029,1398519530225,0.013809204,-9.86795,0.4310913
1398519530661584014,1811039,1398519530235,0.04475403,-9.889374,0.4239502
1398519530666192168,1811039,1398519530235,0.009048462,-9.8810425,0.3989563
1398519530671197051,1811048,1398519530243,0.009048462,-9.8941345,0.43347168
1398519530676324004,1811050,1398519530246,0.04951477,-9.859619,0.40133667
1398519530681695098,1811059,1398519530254,0.024520874,-9.879852,0.45965576
1398519530686425322,1811060,1398519530256,0.0042877197,-9.879852,0.38110352
1398519530691765899,1811069,1398519530264,0.039993286,-9.8941345,0.43823242
1398519530696496123,1811070,1398519530266,0.056655884,-9.8619995,0.45489502
1398519530701836699,1811079,1398519530274,0.011428833,-9.858429,0.4406128
1398519530706536406,1811081,1398519530276,0.011428833,-9.914368,0.36325073
1398519530711785430,1811089,1398519530284,0.009048462,-9.869141,0.46917725
1398519530716637725,1811091,1398519530286,0.013809204,-9.858429,0.47036743
1398519530721947783,1811099,1398519530295,0.016189575,-9.837006,0.4156189
1398519530726708526,1811101,1398519530296,-0.0076141357,-9.895325,0.36444092
1398519530731957549,1811109,1398519530305,0.035232544,-9.897705,0.42156982
1398519530736779326,1811111,1398519530306,0.061416626,-9.871521,0.47869873
1398519530742058867,1811119,1398519530315,0.053085327,-9.850098,0.37634277
1398519530746819610,1811122,1398519530318,0.006668091,-9.837006,0.44180298
1398519530751763457,1811126,1398519530321,0.012619019,-9.837006,0.4239502
1398519530756798858,1811130,1398519530326,0.03642273,-9.860809,0.41085815
1398519530762810820,1811137,1398519530333,0.030471802,-9.86557,0.41918945
1398519530766869658,1811141,1398519530337,0.030471802,-9.86557,0.41918945
1398519530772637481,1811152,1398519530348,0.020950317,-9.898895,0.4156189
1398519530777917022,1811152,1398519530348,0.059036255,-9.858429,0.4144287
1398519530782006377,1811161,1398519530356,0.059036255,-9.858429,0.4144287
1398519530787255401,1811161,1398519530357,0.037612915,-9.808441,0.4644165
1398519530793206328,1811173,1398519530368,-0.015945435,-9.8619995,0.4477539
1398519530798516387,1811173,1398519530368,0.020950317,-9.854858,0.4144287
1398519530802117461,1811179,1398519530375,0.020950317,-9.841766,0.42037964
1398519530807213897,1811181,1398519530377,0.02571106,-9.86676,0.36444092
1398519530813134307,1811192,1398519530388,0.037612915,-9.850098,0.45370483
1398519530818169707,1811192,1398519530388,0.043563843,-9.872711,0.3739624
1398519530822381133,1811202,1398519530398,0.022140503,-9.888184,0.4156189
1398519530828026885,1811202,1398519530398,0.04951477,-9.873901,0.41085815
1398519530832451934,1811212,1398519530408,0.03404236,-9.876282,0.3989563
1398519530838036651,1811212,1398519530408,0.019760132,-9.822723,0.41323853
1398519530842705840,1811222,1398519530418,0.0388031,-9.86438,0.46679688
1398519530847985381,1811222,1398519530418,-0.00642395,-9.891754,0.47869873
1398519530852654570,1811232,1398519530428,-0.0052337646,-9.820343,0.4322815
1398519530858086699,1811232,1398519530428,0.042373657,-9.846527,0.46798706
1398519530862572783,1811238,1398519530434,0.048324585,-9.891754,0.4656067
1398519530867577666,1811245,1398519530441,0.04951477,-9.869141,0.3834839
1398519530872765654,1811247,1398519530443,0.006668091,-9.851288,0.5203552
1398519530878228301,1811258,1398519530453,0.02571106,-9.900085,0.42276
1398519530883446807,1811258,1398519530453,0.03642273,-9.853668,0.41918945
1398519530887841338,1811267,1398519530462,0.024520874,-9.898895,0.4322815
1398519530893181914,1811267,1398519530463,0.03642273,-9.875092,0.46322632
1398519530898461455,1811278,1398519530473,0.02809143,-9.833435,0.4406128
1398519530903679961,1811278,1398519530474,0.06260681,-9.846527,0.45013428
1398519530907982940,1811287,1398519530483,0.07331848,-9.915558,0.44418335
1398519530913323516,1811287,1398519530483,0.006668091,-9.877472,0.47869873
1398519530918664092,1811298,1398519530494,0.01499939,-9.86438,0.4477539
1398519530923882598,1811298,1398519530494,0.037612915,-9.910797,0.40252686
1398519530928094024,1811307,1398519530503,0.01737976,-9.852478,0.44299316
1398519530933465117,1811307,1398519530503,0.050704956,-9.858429,0.43823242
1398519530938775176,1811318,1398519530514,0.026901245,-9.869141,0.42037964
1398519530944024199,1811318,1398519530514,-0.018325806,-9.86438,0.45013428
1398519530948144072,1811322,1398519530518,0.0019073486,-9.852478,0.42156982
1398519530954400176,1811332,1398519530528,0.031661987,-9.901276,0.4144287
1398519530958581084,1811333,1398519530528,0.06022644,-9.878662,0.42633057
1398519530963250274,1811338,1398519530534,0.01737976,-9.857239,0.41799927
1398519530968285674,1811344,1398519530540,0.045944214,-9.910797,0.47155762
1398519530973321074,1811348,1398519530544,0.02571106,-9.895325,0.44418335
1398519530978356475,1811356,1398519530551,0.043563843,-9.921509,0.39300537
1398519530983391875,1811357,1398519530553,0.037612915,-9.86438,0.4489441
1398519530989678496,1811369,1398519530565,0.03404236,-9.837006,0.4477539
1398519530994958037,1811369,1398519530565,0.02809143,-9.817963,0.4572754
1398519530998528594,1811376,1398519530571,0.029281616,-9.8619995,0.43347168
1398519531003563994,1811378,1398519530573,0.011428833,-9.898895,0.4572754
1398519531009606475,1811389,1398519530585,0.056655884,-9.825104,0.47155762
1398519531014794463,1811389,1398519530585,0.053085327,-9.825104,0.40847778
1398519531018639678,1811396,1398519530592,0.07331848,-9.892944,0.473938
1398519531023827666,1811398,1398519530593,0.024520874,-9.869141,0.48345947
1398519531029992217,1811409,1398519530605,0.032852173,-9.86676,0.46203613
1398519531035180205,1811409,1398519530605,0.042373657,-9.885803,0.47512817
1398519531038811797,1811414,1398519530610,0.042373657,-9.885803,0.47512817
1398519531043816680,1811419,1398519530614,-0.026657104,-9.896515,0.43347168
1398519531048852080,1811427,1398519530622,0.01499939,-9.875092,0.41680908
1398519531054040069,1811428,1398519530623,0.02571106,-9.898895,0.44180298
1398519531058922881,1811437,1398519530632,-0.0052337646,-9.834625,0.43823242
1398519531064110869,1811438,1398519530633,0.024520874,-9.915558,0.46679688
1398519531068993682,1811448,1398519530643,-0.00642395,-9.869141,0.47750854
1398519531074212188,1811448,1398519530644,0.0019073486,-9.904846,0.3977661
1398519531080285186,1811461,1398519530656,0.029281616,-9.872711,0.45013428
1398519531085564727,1811461,1398519530656,0.010238647,-9.895325,0.45965576
1398519531089165801,1811465,1398519530660,0.026901245,-9.860809,0.4882202
1398519531094170684,1811469,1398519530665,0.043563843,-9.902466,0.42633057
1398519531099297637,1811478,1398519530674,0.0554657,-9.898895,0.44418335
1398519531104638213,1811479,1398519530674,0.05189514,-9.854858,0.4156189
1398519531109429473,1811489,1398519530684,0.039993286,-9.839386,0.45965576
1398519531114800567,1811489,1398519530684,-0.0052337646,-9.831055,0.4322815
1398519531119500274,1811499,1398519530694,0.0042877197,-9.842957,0.3989563
1398519531124871367,1811499,1398519530694,0.035232544,-9.909607,0.4406128
1398519531130028838,1811509,1398519530705,-0.014755249,-9.854858,0.506073
1398519531135308379,1811511,1398519530706,0.06260681,-9.875092,0.48464966
1398519531139519805,1811517,1398519530712,0.050704956,-9.86319,0.36801147
1398519531144524688,1811518,1398519530714,0.016189575,-9.919128,0.44537354
1398519531149682158,1811529,1398519530725,-0.008804321,-9.842957,0.42633057
1398519531155083770,1811529,1398519530725,0.07331848,-9.8298645,0.4644165
1398519531159936065,1811539,1398519530735,-0.024276733,-9.828674,0.40847778
1398519531165337676,1811539,1398519530735,0.04118347,-9.892944,0.43585205
1398519531169945830,1811549,1398519530745,0.07926941,-9.859619,0.4727478
1398519531175377959,1811549,1398519530745,-4.7302246E-4,-9.848907,0.41085815
1398519531179925078,1811559,1398519530755,0.048324585,-9.882233,0.3751526
1398519531185326690,1811559,1398519530755,0.050704956,-9.883423,0.33587646
1398519531189873809,1811569,1398519530764,0.022140503,-9.917938,0.37872314
1398519531195092315,1811569,1398519530765,-0.0076141357,-9.889374,0.42276
1398519531200524444,1811580,1398519530776,0.05784607,-9.897705,0.42514038
1398519531205742949,1811580,1398519530776,0.01499939,-9.883423,0.42633057
1398519531210106963,1811589,1398519530785,0.05189514,-9.896515,0.47869873
1398519531215447539,1811589,1398519530785,-4.7302246E-4,-9.895325,0.4144287
1398519531220696563,1811600,1398519530796,0.020950317,-9.857239,0.40014648
1398519531225976104,1811600,1398519530796,0.031661987,-9.871521,0.43585205
1398519531230248565,1811609,1398519530805,0.01499939,-9.833435,0.4572754
1398519531235589141,1811609,1398519530805,0.050704956,-9.907227,0.44537354
1398519531240319365,1811619,1398519530815,0.02571106,-9.888184,0.47750854
1398519531245690459,1811620,1398519530815,0.029281616,-9.871521,0.4656067
1398519531250878447,1811631,1398519530827,0.007858276,-9.86676,0.40490723
1398519531256188506,1811631,1398519530827,0.02809143,-9.8810425,0.46203613
1398519531260338897,1811638,1398519530833,0.020950317,-9.8619995,0.43823242
1398519531265435332,1811639,1398519530835,0.0042877197,-9.878662,0.44656372
1398519531271599883,1811651,1398519530847,0.07807922,-9.835815,0.48464966
1398519531276879424,1811651,1398519530847,0.006668091,-9.834625,0.47988892
1398519531280511016,1811658,1398519530854,0.04475403,-9.86557,0.45251465
1398519531285607451,1811661,1398519530856,0.023330688,-9.853668,0.45251465
1398519531290673369,1811670,1398519530865,-0.008804321,-9.842957,0.3918152
1398519531296044463,1811670,1398519530866,0.022140503,-9.850098,0.42990112
1398519531301201934,1811681,1398519530876,0.009048462,-9.885803,0.43466187
1398519531306481475,1811681,1398519530876,0.006668091,-9.898895,0.4144287
1398519531310845488,1811690,1398519530886,0.054275513,-9.834625,0.43466187
1398519531316155547,1811690,1398519530886,0.07807922,-9.821533,0.3668213
1398519531321404570,1811701,1398519530896,7.171631E-4,-9.840576,0.4406128
1398519531326592559,1811701,1398519530896,-0.020706177,-9.86557,0.44418335
1398519531330987090,1811711,1398519530907,0.07569885,-9.810822,0.4406128
1398519531336327666,1811711,1398519530907,0.05784607,-9.859619,0.41085815
1398519531341027373,1811720,1398519530916,-0.0028533936,-9.80368,0.45489502
1398519531346398467,1811720,1398519530916,0.0554657,-9.804871,0.3834839
1398519531351616973,1811731,1398519530927,0.012619019,-9.920319,0.45846558
1398519531356865996,1811731,1398519530927,0.03404236,-9.841766,0.41918945
1398519531361168975,1811741,1398519530936,0.03404236,-9.841766,0.41918945
1398519531366540069,1811741,1398519530937,0.03404236,-9.8619995,0.43466187
1398519531371270293,1811751,1398519530946,0.03404236,-9.8619995,0.43466187
1398519531376671904,1811751,1398519530946,0.0019073486,-9.846527,0.47869873
1398519531381585235,1811761,1398519530957,-0.004043579,-9.851288,0.41323853
1398519531386864776,1811761,1398519530957,-0.026657104,-9.846527,0.4489441
1398519531391411895,1811772,1398519530967,-0.031417847,-9.860809,0.42156982
1398519531396844024,1811772,1398519530967,0.03404236,-9.920319,0.51797485
1398519531401330108,1811780,1398519530976,0.042373657,-9.821533,0.41204834
1398519531406579131,1811781,1398519530976,-0.009994507,-9.844147,0.39657593
1398519531412469024,1811792,1398519530988,0.02571106,-9.817963,0.40966797
1398519531417809600,1811792,1398519530988,0.053085327,-9.8810425,0.4060974
1398519531421532744,1811799,1398519530995,0.061416626,-9.879852,0.45013428
1398519531426629180,1811800,1398519530996,-0.014755249,-9.834625,0.47750854
1398519531432824248,1811812,1398519531008,0.0471344,-9.908417,0.42633057
1398519531438103789,1811812,1398519531008,0.07688904,-9.896515,0.5120239
1398519531441613311,1811819,1398519531014,0.063797,-9.86557,0.37634277
1398519531446648711,1811820,1398519531016,0.022140503,-9.891754,0.48583984
1398519531452965850,1811832,1398519531028,0.053085327,-9.833435,0.49893188
1398519531458153838,1811832,1398519531028,0.0054779053,-9.897705,0.43823242
1398519531461785430,1811839,1398519531035,0.042373657,-9.816772,0.4144287
1398519531466912383,1811841,1398519531037,0.011428833,-9.888184,0.42871094
1398519531472832793,1811852,1398519531048,0.016189575,-9.810822,0.39538574
1398519531478020781,1811852,1398519531048,-0.0076141357,-9.922699,0.42156982
1398519531481927031,1811862,1398519531057,0.023330688,-9.857239,0.42156982
1398519531487115020,1811862,1398519531057,0.03404236,-9.8810425,0.43585205
1398519531492364043,1811872,1398519531068,0.039993286,-9.851288,0.45013428
1398519531497796172,1811872,1398519531068,0.018569946,-9.86557,0.42752075
1398519531502190703,1811882,1398519531078,0.0388031,-9.858429,0.44299316
1398519531507866973,1811882,1398519531078,0.053085327,-9.892944,0.45132446
1398519531512261504,1811892,1398519531088,0.013809204,-9.854858,0.38705444
1398519531517937774,1811892,1398519531088,0.050704956,-9.86319,0.41680908
1398519531522332305,1811902,1398519531097,0.05784607,-9.898895,0.38110352
1398519531527733916,1811902,1398519531097,0.022140503,-9.898895,0.4310913
1398519531532799834,1811912,1398519531108,0.019760132,-9.856049,0.45251465
1398519531538079375,1811912,1398519531108,0.0042877197,-9.8810425,0.47155762
1398519531542473906,1811922,1398519531117,0.0030975342,-9.898895,0.47869873
1398519531547845000,1811922,1398519531117,-0.0028533936,-9.8298645,0.50250244
1398519531553002471,1811932,1398519531128,0.01737976,-9.902466,0.3822937
1398519531558282012,1811933,1398519531128,0.059036255,-9.873901,0.41085815
1398519531562615508,1811942,1398519531137,0.02571106,-9.86557,0.4560852
1398519531567986602,1811942,1398519531138,0.032852173,-9.8619995,0.44299316
1398519531573174590,1811953,1398519531148,0.06855774,-9.839386,0.46084595
1398519531578423613,1811953,1398519531148,-0.030227661,-9.885803,0.39419556
1398519531582726592,1811962,1398519531157,0.053085327,-9.840576,0.36206055
1398519531588097686,1811962,1398519531158,0.050704956,-9.877472,0.4822693
1398519531593285674,1811973,1398519531168,0.006668091,-9.86557,0.4810791
1398519531598473662,1811973,1398519531168,7.171631E-4,-9.873901,0.42514038
1398519531602898711,1811982,1398519531178,0.01499939,-9.858429,0.3834839
1398519531608239287,1811982,1398519531178,0.007858276,-9.86676,0.47869873
1398519531613457793,1811993,1398519531188,0.05189514,-9.892944,0.4072876
1398519531618645781,1811993,1398519531189,0.04951477,-9.860809,0.45251465
1398519531623040313,1812002,1398519531198,0.018569946,-9.8810425,0.47869873
1398519531628380889,1812002,1398519531198,-0.021896362,-9.8619995,0.3989563
1398519531633599395,1812013,1398519531209,0.05784607,-9.853668,0.40490723
1398519531638787383,1812013,1398519531209,-0.014755249,-9.859619,0.46084595
1398519531643059844,1812018,1398519531214,-0.014755249,-9.859619,0.46084595
1398519531648064727,1812023,1398519531218,0.019760132,-9.819153,0.41799927
1398519531653100127,1812028,1398519531223,0.0054779053,-9.903656,0.473938
1398519531658135528,1812033,1398519531228,0.0042877197,-9.8619995,0.41323853
1398519531663170928,1812040,1398519531236,0.01499939,-9.8941345,0.4810791
1398519531668206328,1812043,1398519531238,0.019760132,-9.890564,0.40371704
1398519531673241729,1812049,1398519531244,0.010238647,-9.858429,0.36920166
1398519531678277129,1812099,1398519531294,-0.004043579,-9.886993,0.39538574
1398519531683343047,1812099,1398519531295,0.024520874,-9.8298645,0.47869873
1398519531688347930,1812099,1398519531295,0.023330688,-9.876282,0.47512817
1398519531693413848,1812127,1398519531322,0.053085327,-9.86557,0.4060974
1398519531698418731,1812127,1398519531322,0.006668091,-9.869141,0.47036743
1398519531703454131,1812127,1398519531322,0.045944214,-9.837006,0.4394226
1398519531708489531,1812127,1398519531322,-0.004043579,-9.858429,0.40371704
1398519531713524932,1812127,1398519531323,0.048324585,-9.871521,0.46203613
1398519531718560332,1812127,1398519531323,0.07450867,-9.850098,0.42633057
1398519531723595733,1812127,1398519531323,0.042373657,-9.876282,0.4906006
1398519531728631133,1812127,1398519531323,0.045944214,-9.876282,0.40490723
1398519531733666533,1812127,1398519531323,0.0554657,-9.850098,0.40014648
1398519531738701934,1812127,1398519531323,0.07926941,-9.856049,0.42871094
1398519531743737334,1812127,1398519531323,0.023330688,-9.876282,0.4322815
1398519531748772735,1812127,1398519531323,0.007858276,-9.857239,0.4656067
1398519531753716582,1812127,1398519531323,0.054275513,-9.816772,0.473938
1398519531758751983,1812132,1398519531328,-0.0076141357,-9.86319,0.4810791
1398519531765160674,1812140,1398519531336,0.023330688,-9.837006,0.46322632
1398519531768853301,1812144,1398519531339,0.011428833,-9.883423,0.4394226
1398519531773858184,1812148,1398519531344,0.01499939,-9.86795,0.46203613
1398519531778893584,1812158,1398519531354,0.01499939,-9.871521,0.39419556
1398519531784417266,1812158,1398519531354,0.024520874,-9.860809,0.45489502
1398519531788964385,1812166,1398519531362,-0.0052337646,-9.879852,0.48583984
1398519531794121856,1812167,1398519531363,0.042373657,-9.8619995,0.3989563
1398519531800469512,1812180,1398519531376,0.045944214,-9.831055,0.4572754
1398519531806023711,1812180,1398519531376,-0.001663208,-9.878662,0.52630615
1398519531809105986,1812184,1398519531380,0.016189575,-9.7977295,0.38586426
1398519531814446563,1812194,1398519531390,0.04475403,-9.890564,0.4394226
1398519531820092315,1812194,1398519531390,0.024520874,-9.856049,0.47155762
1398519531824700469,1812205,1398519531400,0.029281616,-9.854858,0.37872314
1398519531830285186,1812205,1398519531400,0.01737976,-9.852478,0.43704224
1398519531834405059,1812214,1398519531409,0.018569946,-9.873901,0.47750854
1398519531839928740,1812214,1398519531409,0.042373657,-9.8810425,0.47512817
1398519531845299834,1812225,1398519531421,0.06617737,-9.884613,0.45370483
1398519531850915069,1812225,1398519531421,0.05189514,-9.86795,0.4644165
1398519531854394072,1812232,1398519531427,0.0042877197,-9.896515,0.41323853
1398519531859521026,1812233,1398519531429,-0.0028533936,-9.86319,0.47036743
1398519531865929717,1812246,1398519531441,0.009048462,-9.831055,0.45132446
1398519531871544951,1812246,1398519531442,0.037612915,-9.869141,0.41204834
1398519531874566192,1812249,1398519531445,0.037612915,-9.869141,0.41204834
1398519531880120391,1812260,1398519531456,0.010238647,-9.851288,0.46917725
1398519531885705108,1812260,1398519531456,0.059036255,-9.876282,0.4310913
1398519531889794463,1812269,1398519531465,0.01499939,-9.876282,0.4310913
1398519531895287627,1812269,1398519531465,0.016189575,-9.886993,0.4322815
1398519531900689238,1812281,1398519531476,0.0042877197,-9.842957,0.38705444
1398519531906243438,1812281,1398519531476,0.030471802,-9.839386,0.4489441
1398519531909813994,1812287,1398519531483,0.030471802,-9.839386,0.4489441
1398519531915240336,1812288,1398519531484,0.048324585,-9.870331,0.43466187
1398519531921496439,1812301,1398519531497,0.02809143,-9.854858,0.45132446
1398519531927050638,1812301,1398519531497,0.03642273,-9.847717,0.5048828
1398519531930193949,1812305,1398519531501,0.03642273,-9.847717,0.5048828
1398519531935351420,1812314,1398519531510,0.037612915,-9.891754,0.45013428
1398519531940936136,1812314,1398519531510,0.023330688,-9.8810425,0.4477539
1398519531945300150,1812322,1398519531516,0.023330688,-9.8810425,0.4477539
1398519531950427103,1812324,1398519531520,-0.009994507,-9.886993,0.47631836
1398519531955462504,1812330,1398519531526,0.020950317,-9.882233,0.4477539
1398519531960619974,1812337,1398519531533,-0.008804321,-9.890564,0.41323853
1398519531965868998,1812339,1398519531535,0.022140503,-9.838196,0.3989563
1398519531971667338,1812351,1398519531547,0.04475403,-9.832245,0.33944702
1398519531977007914,1812351,1398519531547,-0.009994507,-9.86676,0.37872314
1398519531980639506,1812358,1398519531553,0.04951477,-9.837006,0.43823242
1398519531985674906,1812360,1398519531555,0.03404236,-9.86557,0.4144287
1398519531991686869,1812371,1398519531567,0.0042877197,-9.900085,0.47750854
1398519531996966410,1812371,1398519531567,0.019760132,-9.86438,0.42871094
1398519532000781107,1812378,1398519531574,-0.011184692,-9.841766,0.44180298
1398519532005969095,1812380,1398519531575,0.029281616,-9.831055,0.45965576
1398519532011004496,1812390,1398519531586,0.032852173,-9.832245,0.45013428
1398519532016497660,1812390,1398519531586,0.0019073486,-9.831055,0.40490723
1398519532021197367,1812401,1398519531597,0.069747925,-9.92865,0.45965576
1398519532026507425,1812401,1398519531597,0.031661987,-9.8298645,0.39300537
1398519532031024027,1812410,1398519531606,0.0030975342,-9.821533,0.4144287
1398519532036303568,1812410,1398519531606,0.013809204,-9.901276,0.42037964
1398519532041796732,1812421,1398519531617,-0.012374878,-9.878662,0.41204834
1398519532047015238,1812421,1398519531617,0.04118347,-9.86676,0.4144287
1398519532051226664,1812431,1398519531627,-0.04689026,-9.907227,0.45846558
1398519532056567240,1812431,1398519531627,-0.0028533936,-9.914368,0.390625
1398519532061327982,1812441,1398519531637,0.007858276,-9.859619,0.44299316
1398519532066729593,1812441,1398519531637,0.045944214,-9.821533,0.44299316
1398519532071429300,1812451,1398519531646,-4.7302246E-4,-9.891754,0.40252686
1398519532076800394,1812451,1398519531647,0.053085327,-9.914368,0.4310913
1398519532081530619,1812461,1398519531657,0.0030975342,-9.877472,0.45489502
1398519532086932230,1812461,1398519531657,0.009048462,-9.808441,0.45251465
1398519532091570902,1812471,1398519531666,0.011428833,-9.831055,0.4060974
1398519532096972513,1812471,1398519531666,-0.004043579,-9.86795,0.42633057
1398519532102007914,1812481,1398519531677,0.0054779053,-9.898895,0.43585205
1398519532107195902,1812481,1398519531677,0.0554657,-9.902466,0.48345947
1398519532111712504,1812492,1398519531687,-4.7302246E-4,-9.854858,0.42752075
1398519532117144632,1812492,1398519531688,0.020950317,-9.842957,0.390625
1398519532121630716,1812501,1398519531696,-0.008804321,-9.9453125,0.37634277
1398519532126879740,1812501,1398519531697,-0.001663208,-9.823914,0.44418335
1398519532132311869,1812512,1398519531708,0.03404236,-9.846527,0.43347168
1398519532137805033,1812512,1398519531708,0.03404236,-9.897705,0.37277222
1398519532141772318,1812520,1398519531716,0.0471344,-9.850098,0.37634277
1398519532146960306,1812521,1398519531716,0.0388031,-9.860809,0.44180298
1398519532153033304,1812532,1398519531728,0.019760132,-9.909607,0.45846558
1398519532158343363,1812532,1398519531728,0.0388031,-9.869141,0.49298096
1398519532161944437,1812539,1398519531735,0.0388031,-9.869141,0.49298096
1398519532167010355,1812541,1398519531737,0.026901245,-9.86557,0.46322632
1398519532173022318,1812552,1398519531748,0.048324585,-9.844147,0.47512817
1398519532178301859,1812552,1398519531748,0.02809143,-9.895325,0.4572754
1398519532182055521,1812559,1398519531755,0.02809143,-9.895325,0.4572754
1398519532187243509,1812561,1398519531757,0.04475403,-9.875092,0.40014648
1398519532192736673,1812572,1398519531768,0.04118347,-9.847717,0.39300537
1398519532197985697,1812572,1398519531768,0.03404236,-9.86795,0.43823242
1398519532202319193,1812581,1398519531777,0.03404236,-9.86795,0.43823242
1398519532207690287,1812581,1398519531777,0.02571106,-9.885803,0.45489502
1398519532212908793,1812592,1398519531788,0.02571106,-9.853668,0.38467407
1398519532218096781,1812592,1398519531788,-0.001663208,-9.914368,0.42037964
1398519532222460795,1812601,1398519531797,-0.001663208,-9.914368,0.42037964
1398519532227801371,1812602,1398519531797,0.0030975342,-9.892944,0.48703003
1398519532233050394,1812612,1398519531808,-0.008804321,-9.8619995,0.5215454
1398519532238268900,1812612,1398519531808,0.0388031,-9.889374,0.40490723
1398519532242602396,1812622,1398519531817,-0.024276733,-9.848907,0.4906006
1398519532247942972,1812622,1398519531817,0.018569946,-9.888184,0.44299316
1398519532253191996,1812633,1398519531828,0.06855774,-9.890564,0.390625
1398519532258502054,1812633,1398519531828,0.0019073486,-9.842957,0.4656067
1398519532262774515,1812642,1398519531837,0.0054779053,-9.869141,0.4727478
1398519532268145609,1812642,1398519531837,-4.7302246E-4,-9.876282,0.47036743
1398519532273303080,1812653,1398519531848,0.01737976,-9.869141,0.41799927
1398519532278582621,1812653,1398519531848,0.031661987,-9.891754,0.41918945
1398519532282916117,1812662,1398519531858,0.037612915,-9.876282,0.40371704
1398519532288287211,1812662,1398519531858,0.04475403,-9.86557,0.38467407
1398519532293444681,1812673,1398519531868,-0.0076141357,-9.794159,0.3894348
1398519532298754740,1812673,1398519531869,0.08760071,-9.817963,0.42990112
1398519532303057718,1812682,1398519531878,0.013809204,-9.878662,0.44537354
1398519532308428812,1812682,1398519531878,0.02809143,-9.870331,0.42990112
1398519532313586283,1812693,1398519531888,0.009048462,-9.86795,0.39538574
1398519532318896341,1812693,1398519531889,-0.004043579,-9.9131775,0.4572754
1398519532323199320,1812702,1398519531898,0.048324585,-9.86795,0.41204834
1398519532328539896,1812702,1398519531898,0.0030975342,-9.878662,0.4072876
1398519532333758402,1812713,1398519531909,0.023330688,-9.822723,0.4906006
1398519532338976908,1812713,1398519531909,-0.008804321,-9.888184,0.46917725
1398519532343340922,1812722,1398519531918,-0.0028533936,-9.876282,0.4477539
1398519532348681498,1812722,1398519531918,-0.032608032,-9.8810425,0.46679688
1398519532353930521,1812747,1398519531930,0.011428833,-9.858429,0.45370483
1398519532359210062,1812747,1398519531943,-0.04689026,-9.86795,0.43585205
1398519532363360453,1812748,1398519531943,0.08998108,-9.892944,0.45489502
1398519532368365336,1812748,1398519531943,0.029281616,-9.873901,0.39657593
1398519532373431254,1812748,1398519531944,0.012619019,-9.886993,0.46203613
1398519532378436136,1812777,1398519531973,0.05189514,-9.875092,0.43704224
1398519532383471537,1812778,1398519531973,-0.026657104,-9.897705,0.37158203
1398519532388506937,1812778,1398519531973,-0.009994507,-9.910797,0.5072632
1398519532393542338,1812778,1398519531974,-0.0028533936,-9.896515,0.43585205
1398519532398577738,1812778,1398519531974,-4.7302246E-4,-9.845337,0.5144043
1398519532403613138,1812778,1398519531974,0.007858276,-9.898895,0.3656311
1398519532408648539,1812798,1398519531993,-0.011184692,-9.8941345,0.3501587
1398519532413683939,1812798,1398519531993,0.02571106,-9.883423,0.45370483
1398519532418719339,1812798,1398519531993,0.0388031,-9.846527,0.46917725
1398519532423724222,1812798,1398519531993,-0.008804321,-9.858429,0.46084595
1398519532428668070,1812806,1398519532002,-4.7302246E-4,-9.858429,0.43704224
1398519532433795023,1812807,1398519532002,0.013809204,-9.890564,0.42633057
1398519532438769388,1812816,1398519532012,0.04475403,-9.877472,0.41799927
1398519532443835306,1812817,1398519532013,0.0054779053,-9.896515,0.46203613
1398519532448840189,1812826,1398519532022,0.0471344,-9.840576,0.40847778
1398519532454058695,1812827,1398519532023,0.0388031,-9.860809,0.3668213
1398519532460284281,1812840,1398519532036,0.031661987,-9.885803,0.51797485
1398519532465899515,1812840,1398519532036,0.045944214,-9.86676,0.40252686
1398519532468981791,1812844,1398519532039,0.045944214,-9.86676,0.40252686
1398519532474505472,1812854,1398519532050,0.019760132,-9.86676,0.43823242
1398519532480212259,1812854,1398519532050,0.043563843,-9.875092,0.41799927
1398519532484210062,1812863,1398519532059,0.043563843,-9.875092,0.41799927
1398519532489733744,1812863,1398519532059,0.06260681,-9.842957,0.49179077
1398519532495104838,1812875,1398519532070,0.024520874,-9.858429,0.38824463
1398519532500659037,1812875,1398519532070,0.012619019,-9.857239,0.44180298
1398519532504199076,1812881,1398519532077,0.012619019,-9.857239,0.44180298
1398519532509417582,1812883,1398519532078,0.037612915,-9.848907,0.44418335
1398519532515795756,1812896,1398519532091,0.011428833,-9.886993,0.41204834
1398519532521349955,1812896,1398519532091,0.020950317,-9.822723,0.44537354
1398519532524371195,1812899,1398519532095,0.020950317,-9.822723,0.44537354
1398519532529864359,1812909,1398519532105,0.016189575,-9.877472,0.47036743
1398519532535571146,1812909,1398519532105,0.04118347,-9.897705,0.45013428
1398519532539446879,1812917,1398519532112,0.01499939,-9.851288,0.4239502
1398519532544634867,1812918,1398519532113,0.053085327,-9.842957,0.47036743
1398519532550982523,1812931,1398519532126,0.009048462,-9.835815,0.46084595
1398519532556628275,1812931,1398519532126,0.01737976,-9.841766,0.44180298
1398519532559618998,1812934,1398519532130,-0.0076141357,-9.873901,0.42037964
1398519532565173197,1812945,1398519532140,0.069747925,-9.888184,0.43466187
1398519532570788431,1812945,1398519532141,0.029281616,-9.838196,0.40133667
1398519532574847269,1812954,1398519532149,0.0042877197,-9.86676,0.3751526
1398519532580309916,1812954,1398519532149,0.043563843,-9.885803,0.4656067
1398519532585803080,1812966,1398519532161,0.007858276,-9.86676,0.4477539
1398519532591418314,1812966,1398519532161,0.072128296,-9.8298645,0.3751526
1398519532594866800,1812972,1398519532168,0.0019073486,-9.86319,0.4322815
1398519532599932718,1812973,1398519532169,0.035232544,-9.86676,0.43704224
1398519532606310892,1812986,1398519532182,0.01499939,-9.86557,0.39300537
1398519532611956644,1812986,1398519532182,0.02809143,-9.846527,0.5001221
1398519532615008402,1812990,1398519532185,-0.021896362,-9.938171,0.41085815
1398519532620532084,1813000,1398519532196,0.050704956,-9.872711,0.36920166
1398519532626238871,1813000,1398519532196,0.039993286,-9.86557,0.38824463
1398519532630236673,1813009,1398519532205,-4.7302246E-4,-9.858429,0.41799927
1398519532635760355,1813009,1398519532205,-0.030227661,-9.885803,0.47631836
1398519532641131449,1813021,1398519532216,0.032852173,-9.859619,0.42156982
1398519532646685648,1813021,1398519532216,0.030471802,-9.872711,0.41323853
1398519532650256205,1813028,1398519532223,0.06260681,-9.882233,0.4810791
1398519532655474711,1813029,1398519532224,0.024520874,-9.86676,0.43347168
1398519532661700297,1813041,1398519532237,0.07688904,-9.879852,0.37158203
1398519532667254496,1813041,1398519532237,0.020950317,-9.877472,0.4156189
1398519532670397806,1813046,1398519532241,0.045944214,-9.853668,0.41680908
1398519532675555277,1813055,1398519532250,0.061416626,-9.850098,0.4310913
1398519532681048441,1813055,1398519532250,0.010238647,-9.856049,0.42514038
1398519532686480570,1813066,1398519532262,0.020950317,-9.886993,0.41680908
1398519532692004252,1813066,1398519532262,0.01499939,-9.9131775,0.43466187
1398519532695574808,1813073,1398519532269,0.012619019,-9.898895,0.45370483
1398519532700793314,1813074,1398519532270,0.0054779053,-9.857239,0.4144287
1398519532707018900,1813087,1398519532282,0.04951477,-9.891754,0.49298096
1398519532712664652,1813087,1398519532282,0.101882935,-9.869141,0.4072876
1398519532715716410,1813091,1398519532286,0.101882935,-9.869141,0.4072876
1398519532720886383,1813100,1398519532296,-0.0028533936,-9.80249,0.44418335
1398519532726501617,1813100,1398519532296,0.09474182,-9.86438,0.5072632
1398519532731506500,1813111,1398519532307,0.0042877197,-9.875092,0.48703003
1398519532737121735,1813111,1398519532307,0.039993286,-9.900085,0.42871094
1398519532740875397,1813119,1398519532315,0.020950317,-9.832245,0.47869873
1398519532746185455,1813119,1398519532315,0.01499939,-9.842957,0.43347168
1398519532751007233,1813125,1398519532320,0.01499939,-9.857239,0.47155762
1398519532756073151,1813131,1398519532327,0.04118347,-9.876282,0.43466187
1398519532761230621,1813137,1398519532333,-0.023086548,-9.869141,0.45489502
1398519532766479645,1813140,1398519532336,0.05189514,-9.892944,0.42633057
1398519532772277985,1813152,1398519532348,-0.004043579,-9.845337,0.5132141
1398519532777710114,1813152,1398519532348,0.009048462,-9.852478,0.4310913
1398519532781280670,1813158,1398519532354,0.009048462,-9.852478,0.4310913
1398519532786285553,1813160,1398519532356,-0.054031372,-9.875092,0.4394226
1398519532792541657,1813172,1398519532367,-0.004043579,-9.854858,0.42752075
1398519532797729645,1813172,1398519532368,0.03404236,-9.869141,0.4322815
1398519532801422272,1813179,1398519532374,0.03404236,-9.869141,0.4322815
1398519532806549225,1813181,1398519532376,0.042373657,-9.847717,0.46084595
1398519532812225494,1813191,1398519532387,7.171631E-4,-9.86795,0.45013428
1398519532817413483,1813192,1398519532387,-0.030227661,-9.903656,0.44656372
1398519532821685944,1813202,1398519532397,0.01737976,-9.901276,0.41799927
1398519532826996002,1813202,1398519532397,0.024520874,-9.884613,0.42514038
1398519532831726227,1813211,1398519532407,0.013809204,-9.886993,0.41323853
1398519532837036285,1813211,1398519532407,-0.0028533936,-9.906036,0.44299316
1398519532842285309,1813222,1398519532418,0.042373657,-9.891754,0.41799927
1398519532847747955,1813222,1398519532418,0.035232544,-9.92746,0.41204834
1398519532851776276,1813231,1398519532427,0.023330688,-9.838196,0.43347168
1398519532856994782,1813231,1398519532427,0.0471344,-9.839386,0.43347168
1398519532862426910,1813242,1398519532437,0.05189514,-9.841766,0.5048828
1398519532867706451,1813242,1398519532438,0.037612915,-9.860809,0.45370483
1398519532872009430,1813251,1398519532447,0.03642273,-9.879852,0.46322632
1398519532877350006,1813251,1398519532447,0.06498718,-9.854858,0.39419556
1398519532882568512,1813262,1398519532457,0.056655884,-9.86438,0.44537354
1398519532887848053,1813262,1398519532458,0.007858276,-9.882233,0.4489441
1398519532892151032,1813271,1398519532467,0.007858276,-9.888184,0.47036743
1398519532897522125,1813271,1398519532467,0.006668091,-9.869141,0.4239502
1398519532902710114,1813282,1398519532478,-0.0028533936,-9.832245,0.43347168
1398519532907959137,1813282,1398519532478,0.007858276,-9.872711,0.43585205
1398519532912292633,1813291,1398519532487,0.053085327,-9.86795,0.45132446
1398519532917633209,1813291,1398519532487,0.010238647,-9.882233,0.41085815
1398519532922912750,1813302,1398519532498,0.0042877197,-9.872711,0.4060974
1398519532928131256,1813302,1398519532498,0.050704956,-9.871521,0.4322815
1398519532932434235,1813311,1398519532507,0.0054779053,-9.847717,0.4882202
1398519532937774811,1813312,1398519532507,0.053085327,-9.86438,0.46679688
1398519532943145905,1813323,1398519532519,0.04475403,-9.883423,0.41323853
1398519532948181305,1813323,1398519532519,0.035232544,-9.871521,0.42633057
1398519532952484283,1813328,1398519532523,0.050704956,-9.891754,0.42276
1398519532957489166,1813333,1398519532528,0.05784607,-9.828674,0.46322632
1398519532962524567,1813338,1398519532533,0.035232544,-9.847717,0.5227356
1398519532967559967,1813343,1398519532538,-0.008804321,-9.883423,0.43585205
1398519532972595367,1813348,1398519532543,0.009048462,-9.898895,0.41204834
1398519532977630768,1813353,1398519532548,0.022140503,-9.907227,0.40966797
1398519532982788239,1813362,1398519532557,0.018569946,-9.915558,0.4477539
1398519532988159332,1813362,1398519532558,7.171631E-4,-9.859619,0.48464966
1398519532993408356,1813373,1398519532568,0.019760132,-9.859619,0.4477539
1398519532998687897,1813373,1398519532569,0.03404236,-9.878662,0.42037964
1398519533002899323,1813382,1398519532577,0.05189514,-9.86438,0.44656372
1398519533008239899,1813382,1398519532578,0.01499939,-9.871521,0.40133667
1398519533013641510,1813393,1398519532589,0.039993286,-9.848907,0.43823242
1398519533018921051,1813393,1398519532589,0.04118347,-9.889374,0.4394226
1398519533023010407,1813402,1398519532598,-0.039749146,-9.846527,0.41680908
1398519533028289948,1813402,1398519532598,-0.019515991,-9.846527,0.43704224
1398519533033050690,1813408,1398519532604,0.0019073486,-9.851288,0.44299316
1398519533038055573,1813415,1398519532611,0.042373657,-9.919128,0.45965576
1398519533043121491,1813417,1398519532613,0.016189575,-9.870331,0.473938
1398519533049225006,1813429,1398519532624,0.03642273,-9.898895,0.42990112
1398519533054535065,1813429,1398519532624,0.0388031,-9.878662,0.43704224
1398519533058197174,1813436,1398519532631,0.0388031,-9.878662,0.43704224
1398519533063385162,1813437,1398519532633,0.07926941,-9.907227,0.45251465
1398519533069030914,1813448,1398519532644,0.035232544,-9.891754,0.36920166
1398519533074249420,1813449,1398519532644,0.043563843,-9.873901,0.4977417
1398519533078460846,1813457,1398519532653,0.043563843,-9.873901,0.4977417
1398519533083770905,1813458,1398519532653,0.023330688,-9.853668,0.43466187
1398519533089172516,1813468,1398519532664,0.01737976,-9.886993,0.41323853
1398519533094391022,1813469,1398519532664,0.042373657,-9.871521,0.38110352
1398519533098602448,1813478,1398519532673,0.042373657,-9.871521,0.38110352
1398519533103912506,1813478,1398519532673,0.035232544,-9.847717,0.3822937
1398519533109314117,1813489,1398519532684,0.043563843,-9.853668,0.4977417
1398519533114532623,1813489,1398519532684,0.032852173,-9.875092,0.39419556
1398519533118744049,1813498,1398519532693,0.022140503,-9.878662,0.5036926
1398519533124023590,1813498,1398519532693,-0.014755249,-9.882233,0.47869873
1398519533129516754,1813509,1398519532704,0.031661987,-9.86557,0.4572754
1398519533134735260,1813509,1398519532705,0.0388031,-9.873901,0.3918152
1398519533138824616,1813518,1398519532713,0.04118347,-9.8941345,0.40252686
1398519533144104157,1813518,1398519532714,0.09236145,-9.812012,0.47036743
1398519533149810944,1813529,1398519532725,0.022140503,-9.86438,0.40490723
1398519533155121002,1813529,1398519532725,0.02809143,-9.878662,0.4072876
1398519533158935699,1813534,1398519532730,0.050704956,-9.879852,0.44537354
1398519533163940582,1813539,1398519532735,-0.004043579,-9.8298645,0.4394226
1398519533168975983,1813548,1398519532743,0.022140503,-9.896515,0.47512817
1398519533174194489,1813548,1398519532744,0.018569946,-9.839386,0.4965515
1398519533179077301,1813558,1398519532754,0.020950317,-9.898895,0.4072876
1398519533184326324,1813558,1398519532754,0.043563843,-9.882233,0.43823242
1398519533189148102,1813568,1398519532764,-0.0028533936,-9.871521,0.40014648
1398519533194397125,1813568,1398519532764,0.02571106,-9.856049,0.45846558
1398519533200287018,1813581,1398519532776,0.059036255,-9.86795,0.4060974
1398519533205566559,1813581,1398519532776,-0.0052337646,-9.8619995,0.41799927
1398519533209259186,1813585,1398519532780,-0.0135650635,-9.839386,0.4572754
1398519533214294586,1813589,1398519532785,0.011428833,-9.860809,0.40252686
1398519533219452057,1813599,1398519532794,0.01499939,-9.875092,0.41680908
1398519533224792633,1813599,1398519532794,0.016189575,-9.845337,0.46203613
1398519533229522858,1813609,1398519532804,0.0042877197,-9.86319,0.36801147
1398519533234893951,1813609,1398519532804,0.031661987,-9.890564,0.44180298
1398519533239624176,1813619,1398519532814,0.006668091,-9.883423,0.36920166
1398519533244995270,1813619,1398519532815,0.06617737,-9.873901,0.40966797
1398519533250152741,1813629,1398519532825,0.026901245,-9.848907,0.37753296
1398519533255371246,1813631,1398519532826,0.029281616,-9.872711,0.42514038
1398519533259613190,1813637,1398519532832,0.023330688,-9.842957,0.44537354
1398519533264648590,1813639,1398519532834,0.024520874,-9.890564,0.40490723
1398519533269928131,1813649,1398519532845,0.059036255,-9.879852,0.4489441
1398519533275329742,1813649,1398519532845,0.0554657,-9.883423,0.4727478
1398519533279907379,1813659,1398519532855,0.023330688,-9.86319,0.3489685
1398519533285339508,1813659,1398519532855,0.009048462,-9.8941345,0.46084595
1398519533290252838,1813670,1398519532865,-0.014755249,-9.883423,0.3834839
1398519533295532379,1813670,1398519532865,0.0030975342,-9.879852,0.45489502
1398519533300048981,1813679,1398519532875,0.032852173,-9.858429,0.45489502
1398519533305450592,1813679,1398519532875,0.016189575,-9.896515,0.40847778
1398519533309997711,1813689,1398519532884,0.054275513,-9.886993,0.42871094
1398519533315216217,1813689,1398519532885,-4.7302246E-4,-9.922699,0.42037964
1398519533320678864,1813701,1398519532897,0.01737976,-9.896515,0.4477539
1398519533325958405,1813701,1398519532897,0.01499939,-9.886993,0.4060974
1398519533330139313,1813707,1398519532903,0.01737976,-9.875092,0.42514038
1398519533335144196,1813709,1398519532904,0.0554657,-9.870331,0.41323853
1398519533340912018,1813720,1398519532916,0.045944214,-9.877472,0.45489502
1398519533346222076,1813721,1398519532916,0.010238647,-9.858429,0.46203613
1398519533350250397,1813729,1398519532925,0.010238647,-9.858429,0.46203613
1398519533355529938,1813729,1398519532925,-0.0052337646,-9.86438,0.42633057
1398519533360443268,1813740,1398519532935,0.02809143,-9.883423,0.3822937
1398519533365844879,1813740,1398519532935,0.006668091,-9.910797,0.40966797
1398519533371002350,1813751,1398519532947,0.006668091,-9.910797,0.40966797
1398519533376251373,1813751,1398519532947,0.03642273,-9.896515,0.43466187
1398519533380462799,1813758,1398519532954,0.03642273,-9.896515,0.43466187
1398519533385620270,1813759,1398519532955,0.007858276,-9.846527,0.3918152
1398519533391815338,1813771,1398519532967,0.05784607,-9.876282,0.4572754
1398519533397033844,1813771,1398519532967,0.0471344,-9.875092,0.39657593
1398519533400604401,1813778,1398519532974,0.0042877197,-9.86557,0.45965576
1398519533405639801,1813781,1398519532976,0.0388031,-9.842957,0.43466187
1398519533410797272,1813790,1398519532986,0.016189575,-9.8619995,0.4156189
1398519533416198883,1813790,1398519532986,0.054275513,-9.814392,0.44418335
1398519533421325836,1813801,1398519532996,-0.021896362,-9.838196,0.5001221
1398519533426635895,1813801,1398519532997,0.03404236,-9.858429,0.44180298
1398519533430908356,1813810,1398519533006,0.018569946,-9.841766,0.4394226
1398519533436279449,1813810,1398519533006,0.04118347,-9.872711,0.4644165
1398519533441467438,1813821,1398519533016,0.010238647,-9.879852,0.38705444
1398519533446777496,1813821,1398519533017,0.026901245,-9.888184,0.41918945
1398519533451110992,1813831,1398519533027,-0.03855896,-9.882233,0.4322815
1398519533456482086,1813831,1398519533027,-4.7302246E-4,-9.8810425,0.4156189
1398519533461090241,1813840,1398519533036,0.0388031,-9.86676,0.4560852
1398519533466400299,1813840,1398519533036,0.020950317,-9.86557,0.4144287
1398519533471801910,1813852,1398519533048,0.029281616,-9.842957,0.4822693
1398519533477478180,1813852,1398519533048,0.031661987,-9.86557,0.45965576
1398519533481170807,1813858,1398519533054,0.019760132,-9.914368,0.44299316
1398519533486206207,1813860,1398519533056,0.039993286,-9.908417,0.4310913
1398519533492523346,1813872,1398519533068,0.031661987,-9.876282,0.42990112
1398519533497833405,1813872,1398519533068,0.03642273,-9.853668,0.4906006
1398519533501312408,1813878,1398519533074,0.011428833,-9.885803,0.42037964
1398519533506347809,1813881,1398519533077,-0.00642395,-9.852478,0.45370483
1398519533511627350,1813891,1398519533087,0.0019073486,-9.835815,0.4560852
1398519533517059479,1813891,1398519533087,0.072128296,-9.8941345,0.44656372
1398519533521728668,1813901,1398519533097,0.016189575,-9.877472,0.45846558
1398519533527130280,1813901,1398519533097,0.012619019,-9.933411,0.34658813
1398519533531829987,1813912,1398519533108,0.048324585,-9.92746,0.4906006
1398519533537750397,1813912,1398519533108,0.04951477,-9.896515,0.43704224
1398519533541595612,1813919,1398519533115,-0.0028533936,-9.846527,0.4572754
1398519533546783600,1813921,1398519533117,0.022140503,-9.86676,0.473938
1398519533552246246,1813932,1398519533127,-0.00642395,-9.851288,0.47036743
1398519533557464752,1813932,1398519533127,0.01499939,-9.92627,0.45489502
1398519533561889801,1813941,1398519533137,-0.004043579,-9.854858,0.51916504
1398519533567230377,1813941,1398519533137,0.08522034,-9.884613,0.35968018
1398519533572448883,1813952,1398519533147,0.01499939,-9.873901,0.4822693
1398519533577667389,1813952,1398519533148,0.02571106,-9.856049,0.44418335
1398519533582000885,1813961,1398519533157,0.0054779053,-9.822723,0.4477539
1398519533587402496,1813961,1398519533157,0.023330688,-9.86795,0.4060974
1398519533592559967,1813972,1398519533168,0.013809204,-9.854858,0.49417114
1398519533597870026,1813972,1398519533168,0.01737976,-9.846527,0.4060974
1398519533602173004,1813981,1398519533177,0.0019073486,-9.892944,0.40133667
1398519533607513580,1813981,1398519533177,0.030471802,-9.872711,0.44418335
1398519533612701569,1813992,1398519533188,0.011428833,-9.903656,0.45846558
1398519533618011627,1813992,1398519533188,0.0471344,-9.853668,0.47036743
1398519533622314606,1814002,1398519533197,0.01737976,-9.839386,0.40490723
1398519533627685699,1814002,1398519533197,0.03642273,-9.860809,0.4477539
1398519533632843170,1814012,1398519533208,-0.0076141357,-9.831055,0.4239502
1398519533638153229,1814012,1398519533208,0.01737976,-9.8298645,0.3989563
1398519533642456207,1814022,1398519533217,0.01737976,-9.8298645,0.3989563
1398519533647827301,1814022,1398519533217,-0.009994507,-9.904846,0.46084595
1398519533652984772,1814032,1398519533228,0.026901245,-9.870331,0.41204834
1398519533658233795,1814033,1398519533228,0.012619019,-9.850098,0.4072876
1398519533662567291,1814042,1398519533237,0.012619019,-9.850098,0.4072876
1398519533667938385,1814042,1398519533237,-0.014755249,-9.8810425,0.4822693
1398519533673126373,1814053,1398519533248,0.035232544,-9.923889,0.40847778
1398519533678344879,1814053,1398519533248,0.042373657,-9.888184,0.3751526
1398519533682708893,1814062,1398519533257,0.042373657,-9.888184,0.3751526
1398519533688049469,1814062,1398519533258,-0.033798218,-9.86676,0.37634277
1398519533693267975,1814073,1398519533268,0.04951477,-9.86319,0.3918152
1398519533698486481,1814073,1398519533268,0.032852173,-9.890564,0.3989563
1398519533702850494,1814082,1398519533278,0.013809204,-9.872711,0.44180298
1398519533708221588,1814082,1398519533278,-0.001663208,-9.909607,0.43466187
1398519533713409576,1814093,1398519533288,0.043563843,-9.883423,0.42037964
1398519533718628082,1814093,1398519533289,0.0054779053,-9.854858,0.41799927
1398519533722992096,1814102,1398519533298,0.039993286,-9.897705,0.39419556
1398519533728363190,1814102,1398519533298,-0.031417847,-9.897705,0.3918152
1398519533733551178,1814113,1398519533309,0.02809143,-9.859619,0.47869873
1398519533738830719,1814113,1398519533309,0.07093811,-9.857239,0.44418335
1398519533743133698,1814122,1398519533318,0.02571106,-9.854858,0.5072632
1398519533748504791,1814122,1398519533318,0.020950317,-9.86795,0.4656067
1398519533753723297,1814133,1398519533329,0.037612915,-9.854858,0.4644165
1398519533759033356,1814133,1398519533329,0.018569946,-9.922699,0.42037964
1398519533763305817,1814142,1398519533338,0.032852173,-9.848907,0.44537354
1398519533768676910,1814143,1398519533338,-0.04689026,-9.902466,0.41085815
1398519533773864899,1814153,1398519533349,0.022140503,-9.854858,0.41204834
1398519533779144440,1814153,1398519533349,0.016189575,-9.951263,0.4560852
1398519533783447418,1814163,1398519533358,0.006668091,-9.886993,0.40966797
1398519533788818512,1814163,1398519533358,0.03642273,-9.8941345,0.4322815
1398519533793975983,1814173,1398519533369,0.013809204,-9.858429,0.4322815
1398519533799286041,1814174,1398519533369,0.019760132,-9.857239,0.42156982
1398519533803589020,1814183,1398519533378,-0.03617859,-9.883423,0.46917725
1398519533808929596,1814183,1398519533378,0.061416626,-9.816772,0.41680908
1398519533814117584,1814194,1398519533389,0.011428833,-9.911987,0.49536133
1398519533819336090,1814194,1398519533389,0.0388031,-9.869141,0.4156189
1398519533823700104,1814203,1398519533398,0.024520874,-9.859619,0.46679688
1398519533829071198,1814203,1398519533399,0.011428833,-9.86557,0.4656067
1398519533834259186,1814214,1398519533409,-0.019515991,-9.897705,0.39657593
1398519533839477692,1814214,1398519533409,0.013809204,-9.809631,0.49893188
1398519533843841705,1814223,1398519533419,0.03404236,-9.871521,0.40371704
1398519533849212799,1814223,1398519533419,0.020950317,-9.838196,0.40133667
1398519533854400787,1814234,1398519533429,0.07569885,-9.8941345,0.390625
1398519533859619293,1814234,1398519533429,0.08403015,-9.840576,0.4965515
1398519533863983307,1814243,1398519533439,-0.011184692,-9.910797,0.4322815
1398519533869354401,1814243,1398519533439,0.05189514,-9.858429,0.5298767
1398519533874542389,1814254,1398519533450,0.023330688,-9.878662,0.3834839
1398519533879821930,1814254,1398519533450,-0.001663208,-9.873901,0.48464966
1398519533884124908,1814263,1398519533459,0.042373657,-9.819153,0.49179077
1398519533889496002,1814263,1398519533459,0.02809143,-9.86795,0.44656372
1398519533894714508,1814274,1398519533470,0.029281616,-9.884613,0.42752075
1398519533899994049,1814274,1398519533470,0.018569946,-9.856049,0.4477539
1398519533904235992,1814283,1398519533479,0.032852173,-9.858429,0.5001221
1398519533909607086,1814284,1398519533479,0.03404236,-9.869141,0.43347168
1398519533914917145,1814294,1398519533490,-0.021896362,-9.86319,0.40252686
1398519533920227203,1814295,1398519533490,-0.0052337646,-9.876282,0.52511597
1398519533924316559,1814303,1398519533499,-0.0052337646,-9.876282,0.52511597
1398519533929596100,1814303,1398519533499,0.010238647,-9.872711,0.4644165
1398519533935455475,1814315,1398519533511,-0.008804321,-9.871521,0.390625
1398519533940765533,1814315,1398519533511,0.012619019,-9.814392,0.46084595
1398519533944458160,1814321,1398519533516,0.012619019,-9.814392,0.46084595
1398519533949463043,1814326,1398519533521,0.0554657,-9.853668,0.41680908
1398519533954498444,1814330,1398519533525,0.009048462,-9.809631,0.46798706
1398519533959655914,1814339,1398519533534,0.032852173,-9.853668,0.4644165
1398519533964996491,1814339,1398519533534,-0.008804321,-9.877472,0.390625
1398519533969909821,1814349,1398519533545,0.05189514,-9.895325,0.41680908
1398519533975311432,1814349,1398519533545,0.0042877197,-9.885803,0.5203552
1398519533979797516,1814359,1398519533555,0.06498718,-9.831055,0.37753296
1398519533985199127,1814359,1398519533555,0.07688904,-9.888184,0.4977417
1398519533990356598,1814371,1398519533566,0.0388031,-9.810822,0.4656067
1398519533995575104,1814371,1398519533566,-0.00642395,-9.806061,0.44418335
1398519533999817047,1814377,1398519533573,0.04475403,-9.884613,0.38824463
1398519534004852448,1814379,1398519533574,0.0388031,-9.884613,0.4072876
1398519534010467682,1814390,1398519533585,0.04475403,-9.846527,0.39419556
1398519534015686188,1814390,1398519533586,0.06736755,-9.879852,0.45251465
1398519534020080719,1814399,1398519533595,-0.004043579,-9.882233,0.4572754
1398519534025482330,1814399,1398519533595,0.0471344,-9.901276,0.39657593
1398519534030609283,1814410,1398519533606,0.061416626,-9.86557,0.41085815
1398519534035888824,1814410,1398519533606,0.01737976,-9.908417,0.4406128
1398519534040252838,1814419,1398519533615,0.048324585,-9.884613,0.42990112
1398519534045623932,1814421,1398519533616,0.06617737,-9.86438,0.42037964
1398519534050232086,1814429,1398519533625,0.042373657,-9.873901,0.4239502
1398519534055481110,1814429,1398519533625,-0.02784729,-9.853668,0.46917725
1398519534061309967,1814441,1398519533637,-0.012374878,-9.851288,0.41204834
1398519534066742096,1814442,1398519533637,0.0019073486,-9.851288,0.47512817
1398519534070312653,1814446,1398519533641,0.06022644,-9.888184,0.49893188
1398519534075348053,1814450,1398519533646,0.016189575,-9.892944,0.44418335
1398519534080505524,1814460,1398519533655,7.171631E-4,-9.858429,0.42156982
1398519534085907135,1814460,1398519533655,0.0471344,-9.832245,0.3989563
1398519534091034088,1814471,1398519533667,0.029281616,-9.837006,0.42752075
1398519534096283112,1814472,1398519533667,0.048324585,-9.840576,0.46917725
1398519534100525055,1814478,1398519533673,0.016189575,-9.8619995,0.47988892
1398519534105560455,1814479,1398519533675,0.011428833,-9.895325,0.42990112
1398519534111877594,1814492,1398519533688,-0.030227661,-9.854858,0.4572754
1398519534117431793,1814492,1398519533688,0.0471344,-9.935791,0.4144287
1398519534120666657,1814496,1398519533691,0.02809143,-9.86319,0.42871094
1398519534125702057,1814501,1398519533696,0.059036255,-9.86676,0.34777832
1398519534130859528,1814510,1398519533706,0.039993286,-9.908417,0.47512817
1398519534136200104,1814510,1398519533706,0.0054779053,-9.877472,0.44299316
1398519534141449127,1814521,1398519533716,0.011428833,-9.903656,0.3918152
1398519534146637116,1814521,1398519533717,0.043563843,-9.807251,0.38467407
1398519534151031647,1814531,1398519533727,0.03404236,-9.86557,0.47869873
1398519534156372223,1814531,1398519533727,0.020950317,-9.873901,0.41323853
1398519534161041412,1814540,1398519533736,0.05189514,-9.857239,0.42276
1398519534166412506,1814540,1398519533736,0.04475403,-9.891754,0.41680908
1398519534171661530,1814552,1398519533748,0.06855774,-9.892944,0.40252686
1398519534177307282,1814552,1398519533748,0.042373657,-9.934601,0.41799927
1398519534181091461,1814558,1398519533754,-0.0052337646,-9.873901,0.43704224
1398519534186126862,1814560,1398519533756,0.0042877197,-9.875092,0.41918945
1398519534192444000,1814572,1398519533768,0.009048462,-9.892944,0.49536133
1398519534197723541,1814572,1398519533768,-0.0076141357,-9.888184,0.42633057
1398519534201233063,1814578,1398519533774,-0.0076141357,-9.888184,0.42633057
1398519534206268463,1814581,1398519533777,0.029281616,-9.852478,0.4727478
1398519534211578522,1814591,1398519533787,0.0054779053,-9.86557,0.42752075
1398519534216919098,1814591,1398519533787,0.03642273,-9.877472,0.38467407
1398519534221527252,1814601,1398519533797,0.04118347,-9.885803,0.4144287
1398519534226989899,1814601,1398519533797,0.019760132,-9.856049,0.36325073
1398519534231872711,1814612,1398519533808,0.04475403,-9.889374,0.41799927
1398519534237487946,1814612,1398519533808,0.03404236,-9.870331,0.3989563
1398519534241546783,1814619,1398519533815,0.03404236,-9.870331,0.3989563
1398519534246704254,1814621,1398519533816,-0.019515991,-9.873901,0.3918152
1398519534252319489,1814632,1398519533827,-0.001663208,-9.873901,0.42633057
1398519534257507477,1814632,1398519533827,-0.014755249,-9.909607,0.4156189
1398519534261810455,1814641,1398519533837,-0.014755249,-9.909607,0.4156189
1398519534267151032,1814641,1398519533837,0.016189575,-9.882233,0.49893188
1398519534272339020,1814652,1398519533847,0.013809204,-9.877472,0.4560852
1398519534277527008,1814652,1398519533847,0.016189575,-9.846527,0.42276
1398519534281952057,1814661,1398519533857,0.012619019,-9.901276,0.4656067
1398519534287292633,1814661,1398519533857,0.01499939,-9.884613,0.5203552
1398519534292511139,1814672,1398519533867,0.05784607,-9.871521,0.37991333
1398519534297699127,1814672,1398519533868,-0.019515991,-9.896515,0.39419556
1398519534302093658,1814681,1398519533877,-0.008804321,-9.869141,0.4906006
1398519534307434235,1814681,1398519533877,0.056655884,-9.859619,0.42871094
1398519534312652741,1814693,1398519533888,0.035232544,-9.8298645,0.44418335
1398519534317871246,1814693,1398519533889,0.02809143,-9.879852,0.3894348
1398519534322320867,1814699,1398519533895,0.035232544,-9.859619,0.49298096
1398519534327356268,1814701,1398519533897,-0.014755249,-9.8619995,0.47036743
1398519534333673406,1814713,1398519533909,0.035232544,-9.853668,0.43585205
1398519534338952947,1814713,1398519533909,0.042373657,-9.8619995,0.40014648
1398519534342462469,1814719,1398519533915,0.024520874,-9.86319,0.3918152
1398519534347497869,1814721,1398519533917,0.037612915,-9.877472,0.44656372
1398519534353723455,1814732,1398519533928,0.023330688,-9.8619995,0.42752075
1398519534358484197,1814732,1398519533928,0.061416626,-9.851288,0.40014648
1398519534362604070,1814738,1398519533933,0.023330688,-9.869141,0.4310913
1398519534367639471,1814743,1398519533938,0.07450867,-9.845337,0.4656067
1398519534372674871,1814748,1398519533943,0.0388031,-9.858429,0.4477539
1398519534377710271,1814753,1398519533948,0.037612915,-9.885803,0.4144287
1398519534382867742,1814762,1398519533957,0.011428833,-9.86438,0.41680908
1398519534388269353,1814762,1398519533958,0.0471344,-9.838196,0.43466187
1398519534393457342,1814773,1398519533968,0.054275513,-9.879852,0.38110352
1398519534398645330,1814773,1398519533968,0.04951477,-9.857239,0.42633057
1398519534403039861,1814782,1398519533978,0.03642273,-9.852478,0.46679688
1398519534408380437,1814782,1398519533978,0.037612915,-9.886993,0.37991333
1398519534413598943,1814793,1398519533988,0.050704956,-9.86676,0.43823242
1398519534418786932,1814793,1398519533989,0.0388031,-9.840576,0.35610962
1398519534423181463,1814802,1398519533998,0.059036255,-9.9131775,0.42276
1398519534428522039,1814802,1398519533998,0.032852173,-9.852478,0.4394226
1398519534433710027,1814813,1398519534008,-0.0028533936,-9.860809,0.42633057
1398519534438898016,1814813,1398519534009,0.029281616,-9.852478,0.42276
1398519534443323064,1814822,1398519534018,0.035232544,-9.884613,0.4060974
1398519534448694158,1814822,1398519534018,-0.029037476,-9.8619995,0.3989563
1398519534453821111,1814833,1398519534029,0.03642273,-9.840576,0.40371704
1398519534459039617,1814833,1398519534029,0.0388031,-9.852478,0.41918945
1398519534463434148,1814842,1398519534038,0.012619019,-9.8810425,0.37634277
1398519534468835760,1814843,1398519534038,0.0019073486,-9.845337,0.39419556
1398519534473993230,1814853,1398519534049,0.019760132,-9.827484,0.42871094
1398519534479272771,1814853,1398519534049,-0.001663208,-9.833435,0.3977661
1398519534483606268,1814863,1398519534058,0.0019073486,-9.859619,0.42752075
1398519534488977361,1814863,1398519534058,0.018569946,-9.944122,0.44537354
1398519534494165350,1814873,1398519534069,0.018569946,-9.869141,0.42990112
1398519534499414373,1814874,1398519534069,-0.008804321,-9.886993,0.47869873
1398519534503595281,1814879,1398519534074,0.04951477,-9.828674,0.44537354
1398519534508630682,1814884,1398519534079,0.026901245,-9.891754,0.49893188
1398519534513666082,1814889,1398519534084,0.016189575,-9.883423,0.43823242
1398519534518701482,1814896,1398519534091,0.03642273,-9.902466,0.4560852
1398519534523736883,1814897,1398519534093,-0.004043579,-9.86438,0.45370483
1398519534528772283,1814906,1398519534102,0.007858276,-9.870331,0.46917725
1398519534533838201,1814908,1398519534103,0.023330688,-9.854858,0.42037964
1398519534538843084,1814916,1398519534111,0.072128296,-9.8941345,0.42990112
1398519534543878484,1814918,1398519534113,0.0471344,-9.877472,0.44656372
1398519534550195623,1814929,1398519534125,0.0554657,-9.852478,0.49417114
1398519534555414129,1814931,1398519534126,7.171631E-4,-9.8619995,0.5048828
1398519534558984686,1814934,1398519534130,0.011428833,-9.889374,0.49536133
1398519534564020086,1814939,1398519534135,0.07331848,-9.860809,0.38110352
1398519534569055486,1814948,1398519534143,0.030471802,-9.847717,0.38705444
1398519534574243475,1814948,1398519534143,0.054275513,-9.883423,0.5132141
1398519534579126287,1814958,1398519534153,0.019760132,-9.835815,0.44180298
1398519534584375311,1814958,1398519534154,0.061416626,-9.86676,0.4906006
1398519534589258123,1814968,1398519534164,-0.009994507,-9.882233,0.41323853
1398519534594446111,1814968,1398519534164,0.05784607,-9.8619995,0.42990112
1398519534600427557,1814981,1398519534176,-0.06355286,-9.917938,0.41085815
1398519534605646062,1814981,1398519534176,0.02571106,-9.876282,0.45846558
1398519534609369207,1814985,1398519534180,0.03642273,-9.883423,0.41085815
1398519534614374090,1814989,1398519534185,0.013809204,-9.837006,0.41680908
1398519534619531561,1814999,1398519534194,-0.020706177,-9.832245,0.42276
1398519534624933172,1814999,1398519534194,-0.009994507,-9.882233,0.47036743
1398519534629632879,1815009,1398519534204,0.02571106,-9.858429,0.40490723
1398519534635003973,1815009,1398519534204,0.0030975342,-9.895325,0.41085815
1398519534639703680,1815019,1398519534214,0.056655884,-9.889374,0.4322815
1398519534645074773,1815019,1398519534215,0.042373657,-9.873901,0.40252686
1398519534650232244,1815030,1398519534226,0.0471344,-9.902466,0.40252686
1398519534655542303,1815031,1398519534226,0.0054779053,-9.847717,0.42633057
1398519534659723211,1815037,1398519534232,0.039993286,-9.826294,0.43823242
1398519534664728094,1815038,1398519534234,-0.001663208,-9.825104,0.42871094
1398519534669946600,1815049,1398519534245,0.039993286,-9.944122,0.48464966
1398519534675409246,1815049,1398519534245,0.0554657,-9.910797,0.43704224
1398519534680017400,1815059,1398519534255,0.03404236,-9.897705,0.36920166
1398519534685449529,1815059,1398519534255,0.024520874,-9.898895,0.45370483
1398519534690210271,1815069,1398519534265,0.01737976,-9.883423,0.43823242
1398519534695642400,1815070,1398519534265,0.019760132,-9.870331,0.4477539
1398519534700189519,1815079,1398519534275,0.023330688,-9.86557,0.390625
1398519534705591131,1815081,1398519534276,0.0054779053,-9.826294,0.41323853
1398519534710077215,1815088,1398519534283,0.022140503,-9.903656,0.4310913
1398519534715234686,1815089,1398519534284,0.053085327,-9.939362,0.4156189
1398519534720697332,1815100,1398519534296,0.05784607,-9.907227,0.37277222
1398519534725915838,1815100,1398519534296,-0.018325806,-9.853668,0.40252686
1398519534730310369,1815109,1398519534305,0.080459595,-9.901276,0.46203613
1398519534735681463,1815109,1398519534305,0.05784607,-9.856049,0.42156982
1398519534740838934,1815120,1398519534316,-0.037368774,-9.86438,0.44656372
1398519534746087957,1815120,1398519534316,0.029281616,-9.882233,0.41323853
1398519534750451971,1815129,1398519534325,0.029281616,-9.914368,0.47155762
1398519534755792547,1815131,1398519534326,0.01499939,-9.871521,0.4144287
1398519534760461736,1815139,1398519534335,0.042373657,-9.923889,0.4060974
1398519534765741277,1815139,1398519534335,0.039993286,-9.934601,0.39300537
1398519534771325994,1815151,1398519534346,0.0054779053,-9.876282,0.48345947
1398519534776697088,1815151,1398519534347,0.0030975342,-9.877472,0.4477539
1398519534780572820,1815159,1398519534355,0.0030975342,-9.877472,0.4477539
1398519534785730291,1815159,1398519534355,0.045944214,-9.822723,0.42752075
1398519534791803289,1815171,1398519534367,0.0019073486,-9.80011,0.46084595
1398519534797113348,1815171,1398519534367,0.035232544,-9.858429,0.42752075
1398519534800714422,1815178,1398519534374,0.035232544,-9.858429,0.42752075
1398519534805780340,1815181,1398519534376,0.0042877197,-9.853668,0.4560852
1398519534810876775,1815190,1398519534386,0.05784607,-9.831055,0.51678467
1398519534816278387,1815190,1398519534386,0.016189575,-9.895325,0.45132446
1398519534821435857,1815201,1398519534396,0.016189575,-9.895325,0.45132446
1398519534826776434,1815201,1398519534397,0.04118347,-9.884613,0.32040405
1398519534830926824,1815210,1398519534406,0.04118347,-9.884613,0.32040405
1398519534836236883,1815210,1398519534406,-0.018325806,-9.853668,0.44299316
1398519534841760564,1815221,1398519534417,-0.0052337646,-9.877472,0.42633057
1398519534846979070,1815221,1398519534417,0.032852173,-9.885803,0.5298767
1398519534851068426,1815231,1398519534427,0.031661987,-9.902466,0.42871094
1398519534856286932,1815231,1398519534427,0.01499939,-9.871521,0.44180298
1398519534861200262,1815240,1398519534436,0.054275513,-9.877472,0.45965576
1398519534866571355,1815240,1398519534436,0.0554657,-9.882233,0.4072876
1398519534871820379,1815251,1398519534447,0.039993286,-9.869141,0.38705444
1398519534877069402,1815251,1398519534447,0.0019073486,-9.877472,0.5048828
1398519534881372381,1815261,1398519534456,0.03642273,-9.860809,0.4560852
1398519534886773992,1815261,1398519534457,0.01737976,-9.892944,0.44180298
1398519534891473699,1815271,1398519534466,0.07450867,-9.890564,0.4406128
1398519534896875311,1815271,1398519534466,0.024520874,-9.840576,0.4394226
1398519534901880193,1815281,1398519534477,0.016189575,-9.871521,0.44180298
1398519534907098699,1815281,1398519534477,0.023330688,-9.86438,0.36444092
1398519534911584783,1815292,1398519534487,0.031661987,-9.902466,0.5155945
1398519534917016912,1815292,1398519534487,-0.021896362,-9.834625,0.4310913
1398519534921564031,1815301,1398519534496,0.023330688,-9.889374,0.45965576
1398519534926843572,1815301,1398519534497,0.02809143,-9.869141,0.3977661
1398519534932214666,1815312,1398519534508,-0.015945435,-9.884613,0.45013428
1398519534937707830,1815312,1398519534508,0.0019073486,-9.86676,0.43823242
1398519534941675115,1815319,1398519534515,0.013809204,-9.933411,0.390625
1398519534946863103,1815321,1398519534516,-0.015945435,-9.825104,0.43823242
1398519534952997137,1815332,1398519534528,0.022140503,-9.840576,0.47512817
1398519534958307195,1815332,1398519534528,0.0019073486,-9.883423,0.4644165
1398519534961816717,1815339,1398519534535,0.02571106,-9.902466,0.50131226
1398519534966852117,1815341,1398519534536,0.08760071,-9.86319,0.47155762
1398519534972803045,1815352,1398519534548,0.053085327,-9.837006,0.42037964
1398519534978113103,1815353,1398519534548,0.007858276,-9.848907,0.4310913
1398519534981988836,1815359,1398519534555,0.032852173,-9.8810425,0.40014648
1398519534987054754,1815361,1398519534557,0.01737976,-9.8619995,0.45251465
1398519534993066717,1815372,1398519534568,0.029281616,-9.846527,0.473938
1398519534998285223,1815372,1398519534568,0.043563843,-9.879852,0.42156982
1398519535002130437,1815382,1398519534577,0.050704956,-9.858429,0.45370483
1398519535007318426,1815382,1398519534577,0.020950317,-9.812012,0.46917725
1398519535012567449,1815392,1398519534588,0.020950317,-9.858429,0.4822693
1398519535017938543,1815392,1398519534588,0.06260681,-9.900085,0.42514038
1398519535022394109,1815402,1398519534598,0.05784607,-9.8298645,0.41680908
1398519535028070379,1815402,1398519534598,0.042373657,-9.903656,0.40133667
1398519535032464910,1815412,1398519534608,0.019760132,-9.873901,0.4144287
1398519535038110662,1815412,1398519534608,-0.0052337646,-9.884613,0.43704224
1398519535042535711,1815422,1398519534617,0.06260681,-9.852478,0.47988892
1398519535047937322,1815422,1398519534617,-0.05760193,-9.86557,0.43466187
1398519535053003240,1815432,1398519534628,0.045944214,-9.860809,0.43347168
1398519535058313299,1815433,1398519534628,0.048324585,-9.872711,0.4727478
1398519535062646795,1815442,1398519534637,0.0030975342,-9.915558,0.46798706
1398519535068048406,1815442,1398519534637,0.013809204,-9.850098,0.4310913
1398519535073236394,1815453,1398519534648,0.030471802,-9.856049,0.390625
1398519535078515936,1815453,1398519534648,-0.020706177,-9.872711,0.38110352
1398519535082757879,1815462,1398519534657,0.030471802,-9.878662,0.46679688
1398519535088098455,1815462,1398519534657,0.006668091,-9.883423,0.41799927
1398519535093469549,1815473,1398519534668,0.082839966,-9.822723,0.43466187
1398519535098779607,1815473,1398519534669,0.018569946,-9.896515,0.4394226
1398519535102838445,1815482,1398519534677,0.018569946,-9.896515,0.4394226
1398519535108087469,1815482,1398519534677,-4.7302246E-4,-9.885803,0.46798706
1398519535113885809,1815494,1398519534690,-0.014755249,-9.86319,0.41799927
1398519535119195867,1815494,1398519534690,0.03642273,-9.872711,0.43823242
1398519535122931324,1815498,1398519534694,0.03642273,-9.872711,0.43823242
1398519535128088795,1815507,1398519534703,0.032852173,-9.854858,0.42037964
1398519535133429371,1815507,1398519534703,0.020950317,-9.886993,0.4477539
1398519535138769947,1815518,1398519534714,0.037612915,-9.879852,0.42037964
1398519535143957936,1815518,1398519534714,-0.004043579,-9.884613,0.5048828
1398519535148260914,1815527,1398519534723,0.02809143,-9.884613,0.4406128
1398519535153570973,1815527,1398519534723,0.029281616,-9.846527,0.4394226
1398519535158789479,1815538,1398519534734,0.054275513,-9.86438,0.4406128
1398519535163977467,1815538,1398519534734,0.03642273,-9.8619995,0.45370483
1398519535168402516,1815547,1398519534743,0.054275513,-9.892944,0.5298767
1398519535173773609,1815548,1398519534743,0.042373657,-9.9131775,0.46203613
1398519535178931080,1815558,1398519534754,0.039993286,-9.860809,0.4072876
1398519535184149586,1815558,1398519534754,0.01499939,-9.877472,0.41204834
1398519535188513600,1815568,1398519534763,-4.7302246E-4,-9.890564,0.41204834
1398519535193854176,1815568,1398519534763,0.04475403,-9.871521,0.51083374
1398519535199164234,1815579,1398519534774,-0.0028533936,-9.875092,0.50131226
1398519535204443775,1815579,1398519534774,-0.008804321,-9.858429,0.4156189
1398519535208594166,1815588,1398519534783,0.009048462,-9.796539,0.43704224
1398519535213904225,1815588,1398519534783,0.0388031,-9.86438,0.41799927
1398519535219458424,1815599,1398519534794,0.043563843,-9.877472,0.45846558
1398519535224737965,1815599,1398519534795,0.04951477,-9.873901,0.45013428
1398519535228674732,1815608,1398519534803,0.042373657,-9.916748,0.3977661
1398519535233923756,1815608,1398519534803,0.018569946,-9.817963,0.4144287
1398519535238776051,1815628,1398519534823,0.042373657,-9.832245,0.41918945
1398519535243780934,1815628,1398519534824,0.031661987,-9.878662,0.43347168
1398519535248816334,1815628,1398519534824,0.02571106,-9.851288,0.4322815
1398519535253851734,1815628,1398519534824,0.03404236,-9.850098,0.43823242
1398519535258887135,1815648,1398519534843,0.04118347,-9.850098,0.45489502
1398519535263922535,1815648,1398519534843,0.0554657,-9.857239,0.46203613
1398519535268957936,1815648,1398519534844,0.030471802,-9.841766,0.36920166
1398519535273993336,1815648,1398519534844,0.03642273,-9.845337,0.4394226
1398519535279028736,1815672,1398519534868,0.04118347,-9.919128,0.44299316
1398519535284064137,1815672,1398519534868,0.012619019,-9.871521,0.46798706
1398519535289099537,1815672,1398519534868,0.02809143,-9.858429,0.48464966
1398519535294043385,1815672,1398519534868,0.04951477,-9.86795,0.43347168
1398519535299078785,1815672,1398519534868,0.007858276,-9.872711,0.4144287
1398519535304114186,1815679,1398519534874,0.016189575,-9.8619995,0.4072876
1398519535309149586,1815692,1398519534888,0.04475403,-9.886993,0.45965576
1398519535314184986,1815692,1398519534888,0.043563843,-9.900085,0.4656067
1398519535319220387,1815692,1398519534888,0.0030975342,-9.850098,0.46917725
1398519535324255787,1815707,1398519534902,0.019760132,-9.869141,0.4406128
1398519535329291188,1815707,1398519534902,7.171631E-4,-9.917938,0.46679688
1398519535334326588,1815715,1398519534911,-4.7302246E-4,-9.834625,0.40490723
1398519535339484059,1815715,1398519534911,0.016189575,-9.850098,0.42633057
1398519535344397389,1815722,1398519534918,-0.008804321,-9.837006,0.42037964
1398519535349432789,1815722,1398519534918,0.019760132,-9.86676,0.46084595
1398519535354590260,1815728,1398519534923,-0.015945435,-9.903656,0.4310913
1398519535359564625,1815738,1398519534933,-0.026657104,-9.889374,0.43466187
1398519535364722096,1815738,1398519534933,-0.0028533936,-9.825104,0.41085815
1398519535369665943,1815748,1398519534943,0.048324585,-9.833435,0.44299316
1398519535374731861,1815748,1398519534943,0.013809204,-9.906036,0.4239502
1398519535380194508,1815758,1398519534954,-0.0076141357,-9.888184,0.47750854
1398519535384833180,1815758,1398519534954,0.061416626,-9.871521,0.45251465
1398519535390265309,1815768,1398519534964,0.0388031,-9.869141,0.47750854
1398519535394934498,1815768,1398519534964,0.010238647,-9.871521,0.47155762
1398519535400336109,1815778,1398519534974,0.0471344,-9.877472,0.3894348
1398519535405005299,1815778,1398519534974,0.030471802,-9.845337,0.4644165
1398519535410406910,1815788,1398519534984,0.032852173,-9.852478,0.46084595
1398519535415076100,1815788,1398519534984,0.032852173,-9.852478,0.46084595
1398519535420477711,1815798,1398519534994,0.0019073486,-9.792969,0.40014648
1398519535425146900,1815798,1398519534994,0.032852173,-9.889374,0.43466187
1398519535430548512,1815808,1398519535004,0.05784607,-9.873901,0.50845337
1398519535435217701,1815808,1398519535004,0.048324585,-9.883423,0.47155762
1398519535440619313,1815818,1398519535014,0.032852173,-9.856049,0.41085815
1398519535445288502,1815818,1398519535014,-0.0028533936,-9.8619995,0.46798706
1398519535450690113,1815829,1398519535024,-0.004043579,-9.857239,0.40490723
1398519535455359303,1815829,1398519535024,0.01499939,-9.783447,0.4644165
1398519535460760914,1815839,1398519535034,0.019760132,-9.842957,0.45846558
1398519535465430104,1815839,1398519535034,0.02809143,-9.882233,0.4572754
1398519535470831715,1815849,1398519535044,0.02809143,-9.854858,0.4977417
1398519535475500904,1815849,1398519535044,0.037612915,-9.86557,0.37634277
1398519535480902516,1815859,1398519535054,0.04118347,-9.873901,0.3334961
1398519535485571705,1815859,1398519535054,0.023330688,-9.872711,0.46917725
1398519535490973316,1815869,1398519535064,0.03642273,-9.875092,0.42752075
1398519535495642506,1815869,1398519535064,-0.020706177,-9.889374,0.4977417
1398519535501044117,1815879,1398519535074,0.030471802,-9.847717,0.4477539
1398519535505713307,1815879,1398519535074,0.012619019,-9.850098,0.4394226
1398519535511114918,1815889,1398519535085,0.01499939,-9.851288,0.44418335
1398519535515784107,1815889,1398519535085,0.006668091,-9.882233,0.4406128
1398519535521185719,1815899,1398519535095,0.0042877197,-9.854858,0.40133667
1398519535525854908,1815899,1398519535095,-0.0052337646,-9.872711,0.48703003
1398519535531256520,1815909,1398519535105,0.0388031,-9.848907,0.4060974
1398519535535925709,1815909,1398519535105,-0.021896362,-9.900085,0.43585205
1398519535541327320,1815920,1398519535115,0.05784607,-9.850098,0.48345947
1398519535546088063,1815922,1398519535118,0.011428833,-9.891754,0.45965576
1398519535550848805,1815925,1398519535120,0.020950317,-9.839386,0.45132446
1398519535555914723,1815932,1398519535128,0.03642273,-9.850098,0.41918945
1398519535560950123,1815935,1398519535130,0.03642273,-9.897705,0.42871094
1398519535565985523,1815939,1398519535135,0.048324585,-9.857239,0.43466187
1398519535571539723,1815947,1398519535143,0.02809143,-9.900085,0.41918945
1398519535576086842,1815949,1398519535145,-0.009994507,-9.876282,0.41918945
1398519535581580006,1815959,1398519535155,0.0471344,-9.847717,0.3989563
1398519535586218678,1815959,1398519535155,0.0019073486,-9.915558,0.39538574
1398519535591681324,1815969,1398519535165,0.06736755,-9.884613,0.40847778
1398519535596289479,1815972,1398519535167,0.01499939,-9.903656,0.41799927
1398519535601294361,1815978,1398519535173,-0.0052337646,-9.878662,0.44537354
1398519535606421314,1815980,1398519535176,0.026901245,-9.850098,0.4489441
1398519535611792408,1815989,1398519535184,0.10307312,-9.873901,0.41323853
1398519535616522633,1815990,1398519535186,0.02571106,-9.844147,0.42514038
1398519535621832691,1815999,1398519535194,0.01737976,-9.826294,0.43347168
1398519535626562916,1816000,1398519535196,0.007858276,-9.853668,0.32040405
1398519535631903492,1816009,1398519535204,0.03404236,-9.895325,0.3668213
1398519535636633717,1816011,1398519535206,-0.004043579,-9.86438,0.4572754
1398519535641882740,1816019,1398519535214,0.016189575,-9.895325,0.37872314
1398519535646704518,1816021,1398519535216,0.02809143,-9.846527,0.48464966
1398519535652045094,1816029,1398519535225,0.0471344,-9.895325,0.4322815
1398519535656775318,1816031,1398519535226,-0.025466919,-9.879852,0.4060974
1398519535662054859,1816039,1398519535235,0.07569885,-9.842957,0.40371704
1398519535666876637,1816041,1398519535236,0.009048462,-9.86319,0.38110352
1398519535672064625,1816049,1398519535245,0.06022644,-9.885803,0.44537354
1398519535676916920,1816051,1398519535246,0.05784607,-9.848907,0.40490723
1398519535682226979,1816059,1398519535255,0.023330688,-9.839386,0.4060974
1398519535686987721,1816061,1398519535257,0.03642273,-9.86319,0.36801147
1398519535692297779,1816069,1398519535265,0.032852173,-9.8941345,0.4894104
1398519535697089039,1816071,1398519535267,0.05784607,-9.902466,0.42752075
1398519535702338063,1816079,1398519535275,0.03642273,-9.86795,0.45132446
1398519535707159840,1816081,1398519535277,0.050704956,-9.897705,0.47869873
1398519535712317311,1816089,1398519535285,0.022140503,-9.875092,0.44537354
1398519535717230641,1816091,1398519535287,-0.001663208,-9.886993,0.44418335
1398519535722510182,1816100,1398519535295,0.05189514,-9.872711,0.45132446
1398519535727301441,1816101,1398519535297,0.037612915,-9.888184,0.40847778
1398519535732489430,1816110,1398519535305,0.035232544,-9.877472,0.43466187
1398519535737341725,1816111,1398519535307,0.0388031,-9.845337,0.4072876
1398519535742590748,1816120,1398519535315,0.059036255,-9.859619,0.44418335
1398519535747443043,1816121,1398519535317,0.031661987,-9.872711,0.42633057
1398519535752753102,1816133,1398519535329,0.053085327,-9.859619,0.43823242
1398519535757513844,1816133,1398519535329,0.011428833,-9.886993,0.39419556
1398519535762427174,1816137,1398519535332,0.03642273,-9.879852,0.4727478
1398519535767462574,1816141,1398519535337,-0.001663208,-9.889374,0.3977661
1398519535773321949,1816148,1398519535343,-0.004043579,-9.853668,0.47631836
1398519535777533375,1816153,1398519535348,0.0019073486,-9.908417,0.47988892
1398519535782568775,1816158,1398519535353,0.024520874,-9.8941345,0.47869873
1398519535787604176,1816163,1398519535358,0.020950317,-9.860809,0.41323853
1398519535792761647,1816172,1398519535368,-0.05760193,-9.8941345,0.44299316
1398519535798163258,1816172,1398519535368,0.06260681,-9.820343,0.40014648
1398519535803320729,1816183,1398519535378,0.009048462,-9.857239,0.4965515
1398519535808600270,1816183,1398519535378,0.04475403,-9.86557,0.4489441
1398519535812933766,1816192,1398519535388,0.02571106,-9.871521,0.46798706
1398519535818304859,1816192,1398519535388,-0.048080444,-9.856049,0.4822693
1398519535823492848,1816203,1398519535398,0.02571106,-9.86795,0.43347168
1398519535828741871,1816203,1398519535399,0.010238647,-9.826294,0.42156982
1398519535833044850,1816212,1398519535408,-0.0028533936,-9.904846,0.4489441
1398519535838385426,1816212,1398519535408,0.05784607,-9.916748,0.47869873
1398519535843603932,1816223,1398519535419,0.032852173,-9.870331,0.5239258
1398519535848852955,1816223,1398519535419,0.04951477,-9.838196,0.4156189
1398519535853186451,1816232,1398519535428,0.024520874,-9.872711,0.43704224
1398519535858557545,1816232,1398519535428,-0.001663208,-9.823914,0.4156189
1398519535863776051,1816243,1398519535439,0.024520874,-9.871521,0.41799927
1398519535868964039,1816243,1398519535439,-0.001663208,-9.859619,0.4560852
1398519535873358570,1816252,1398519535448,0.080459595,-9.86795,0.38110352
1398519535878729664,1816253,1398519535448,0.04475403,-9.833435,0.41204834
1398519535883887135,1816263,1398519535459,0.02571106,-9.8810425,0.43347168
1398519535889075123,1816263,1398519535459,0.048324585,-9.86795,0.4560852
1398519535893500172,1816273,1398519535468,0.06022644,-9.892944,0.42871094
1398519535898840748,1816273,1398519535468,0.050704956,-9.908417,0.4822693
1398519535904059254,1816283,1398519535479,0.023330688,-9.920319,0.41799927
1398519535909247242,1816284,1398519535479,0.020950317,-9.857239,0.47988892
1398519535913641773,1816293,1398519535488,0.04118347,-9.870331,0.40014648
1398519535918982350,1816293,1398519535488,0.039993286,-9.846527,0.43347168
1398519535924200856,1816304,1398519535499,0.037612915,-9.876282,0.3977661
1398519535929388844,1816304,1398519535499,0.0054779053,-9.86438,0.4477539
1398519535933783375,1816313,1398519535508,0.029281616,-9.882233,0.3572998
1398519535939154469,1816313,1398519535509,0.022140503,-9.92627,0.37991333
1398519535943732106,1816319,1398519535514,-0.0028533936,-9.871521,0.4965515
1398519535948736988,1816324,1398519535520,0.016189575,-9.8298645,0.44537354
1398519535953772389,1816329,1398519535524,0.039993286,-9.860809,0.4489441
1398519535958807789,1816336,1398519535532,0.043563843,-9.857239,0.40490723
1398519535963995777,1816338,1398519535533,0.006668091,-9.86438,0.42276
1398519535968878590,1816348,1398519535542,0.0388031,-9.86795,0.45251465
1398519535974066578,1816348,1398519535543,0.045944214,-9.840576,0.4310913
1398519535978949391,1816358,1398519535553,0.07926941,-9.8619995,0.40252686
1398519535984198414,1816358,1398519535554,0.02571106,-9.891754,0.3989563
1398519535990149342,1816371,1398519535566,-0.031417847,-9.890564,0.37872314
1398519535995459400,1816371,1398519535566,0.04951477,-9.846527,0.44418335
1398519535999090992,1816374,1398519535570,0.04951477,-9.846527,0.44418335
1398519536004126393,1816379,1398519535575,0.013809204,-9.784637,0.44537354
1398519536009253346,1816388,1398519535584,0.0471344,-9.890564,0.4882202
1398519536014532887,1816388,1398519535584,-0.021896362,-9.870331,0.45251465
1398519536019354664,1816398,1398519535594,0.018569946,-9.820343,0.4489441
1398519536024695240,1816399,1398519535594,-0.009994507,-9.832245,0.4977417
1398519536029425465,1816409,1398519535604,0.026901245,-9.888184,0.4156189
1398519536034766041,1816409,1398519535604,0.05189514,-9.8619995,0.45132446
1398519536039984547,1816419,1398519535615,0.050704956,-9.86676,0.4310913
1398519536045203053,1816420,1398519535616,0.006668091,-9.885803,0.42990112
1398519536049475514,1816427,1398519535622,-0.0052337646,-9.8810425,0.44418335
1398519536054480397,1816428,1398519535624,0.013809204,-9.873901,0.4965515
1398519536059637867,1816439,1398519535634,-0.00642395,-9.839386,0.37991333
1398519536065039479,1816439,1398519535635,0.0030975342,-9.825104,0.45370483
1398519536069800221,1816449,1398519535645,0.009048462,-9.846527,0.38586426
1398519536075201832,1816449,1398519535645,0.06736755,-9.877472,0.4310913
1398519536079962574,1816459,1398519535655,0.009048462,-9.859619,0.42514038
1398519536085364186,1816459,1398519535655,0.037612915,-9.882233,0.43347168
1398519536089911305,1816469,1398519535665,0.007858276,-9.914368,0.42990112
1398519536095404469,1816470,1398519535665,0.02809143,-9.852478,0.47869873
1398519536099799000,1816477,1398519535673,7.171631E-4,-9.889374,0.47631836
1398519536104956471,1816479,1398519535674,0.029281616,-9.847717,0.44537354
1398519536110449635,1816490,1398519535686,-0.02784729,-9.883423,0.3739624
1398519536115759693,1816490,1398519535686,0.037612915,-9.901276,0.44299316
1398519536120093189,1816499,1398519535695,0.018569946,-9.86557,0.41085815
1398519536125464283,1816499,1398519535695,0.03642273,-9.847717,0.48464966
1398519536130621754,1816510,1398519535706,0.06736755,-9.896515,0.4072876
1398519536135931813,1816510,1398519535706,0.022140503,-9.904846,0.42514038
1398519536140204273,1816519,1398519535715,0.023330688,-9.896515,0.3918152
1398519536145575367,1816519,1398519535715,-4.7302246E-4,-9.854858,0.4072876
1398519536150183522,1816529,1398519535725,0.018569946,-9.86795,0.4906006
1398519536155493580,1816529,1398519535725,0.02571106,-9.837006,0.40490723
1398519536161230885,1816541,1398519535736,0.07807922,-9.869141,0.49536133
1398519536166510426,1816541,1398519535736,0.022140503,-9.889374,0.38586426
1398519536170325123,1816548,1398519535743,0.0042877197,-9.856049,0.38824463
1398519536175482594,1816549,1398519535745,0.019760132,-9.883423,0.46679688
1398519536181494557,1816561,1398519535756,7.171631E-4,-9.907227,0.4727478
1398519536186713063,1816561,1398519535757,0.019760132,-9.902466,0.4644165
1398519536190466725,1816568,1398519535764,0.082839966,-9.858429,0.43466187
1398519536195654713,1816571,1398519535766,0.022140503,-9.898895,0.43585205
1398519536200537525,1816580,1398519535775,0.06855774,-9.897705,0.44537354
1398519536205756031,1816580,1398519535775,0.02571106,-9.917938,0.4310913
1398519536211401783,1816591,1398519535787,0.030471802,-9.842957,0.48703003
1398519536216681324,1816591,1398519535787,0.029281616,-9.808441,0.47155762
1398519536220679127,1816600,1398519535795,-0.032608032,-9.820343,0.41204834
1398519536225928150,1816600,1398519535796,0.07569885,-9.857239,0.3822937
1398519536231482350,1816611,1398519535807,-0.001663208,-9.915558,0.3822937
1398519536236792408,1816611,1398519535807,0.029281616,-9.856049,0.43704224
1398519536240820729,1816621,1398519535816,0.029281616,-9.856049,0.43704224
1398519536246039234,1816621,1398519535816,0.050704956,-9.840576,0.49298096
1398519536250983082,1816630,1398519535826,0.011428833,-9.832245,0.4572754
1398519536256384693,1816631,1398519535826,0.059036255,-9.845337,0.47631836
1398519536261450611,1816641,1398519535837,-0.001663208,-9.889374,0.45013428
1398519536266760670,1816641,1398519535837,0.02809143,-9.870331,0.41204834
1398519536271155201,1816651,1398519535846,0.02809143,-9.870331,0.41204834
1398519536276587330,1816651,1398519535847,0.01737976,-9.879852,0.45370483
1398519536281195484,1816661,1398519535856,0.01737976,-9.879852,0.45370483
1398519536286597096,1816661,1398519535856,0.024520874,-9.875092,0.43585205
1398519536291754566,1816671,1398519535867,0.043563843,-9.853668,0.42037964
1398519536297064625,1816671,1398519535867,0.035232544,-9.856049,0.43823242
1398519536301337086,1816681,1398519535877,-0.001663208,-9.86676,0.4644165
1398519536306677662,1816681,1398519535877,0.06260681,-9.86676,0.4477539
1398519536311407887,1816691,1398519535887,0.022140503,-9.86557,0.4322815
1398519536316748463,1816691,1398519535887,0.022140503,-9.870331,0.4477539
1398519536321692311,1816701,1398519535897,0.03404236,-9.86319,0.4072876
1398519536326941334,1816701,1398519535897,0.0054779053,-9.853668,0.4239502
1398519536331671559,1816711,1398519535907,0.045944214,-9.877472,0.46322632
1398519536337073170,1816711,1398519535907,0.010238647,-9.879852,0.4489441
1398519536341772877,1816721,1398519535917,0.024520874,-9.859619,0.40490723
1398519536347205006,1816721,1398519535917,-0.004043579,-9.872711,0.40371704
1398519536351843678,1816731,1398519535927,-0.0076141357,-9.840576,0.4882202
1398519536357275807,1816731,1398519535927,0.063797,-9.842957,0.40490723
1398519536361944996,1816741,1398519535937,0.02571106,-9.869141,0.42276
1398519536367194020,1816741,1398519535937,-0.004043579,-9.86438,0.44418335
1398519536371985279,1816751,1398519535947,-0.021896362,-9.895325,0.5144043
1398519536377386891,1816751,1398519535947,0.016189575,-9.876282,0.3739624
1398519536382056080,1816762,1398519535957,-0.012374878,-9.853668,0.4477539
1398519536387366139,1816762,1398519535957,0.0019073486,-9.916748,0.33587646
1398519536392096363,1816771,1398519535967,0.0388031,-9.86795,0.45489502
1398519536397528492,1816772,1398519535967,0.04951477,-9.871521,0.47750854
1398519536402380787,1816782,1398519535977,0.054275513,-9.870331,0.4977417
1398519536407690846,1816782,1398519535978,0.019760132,-9.856049,0.49179077
1398519536412146412,1816791,1398519535987,0.026901245,-9.857239,0.44656372
1398519536417517506,1816792,1398519535987,0.048324585,-9.876282,0.45132446
1398519536422674977,1816802,1398519535998,0.08879089,-9.86557,0.43704224
1398519536427985035,1816802,1398519535998,-0.03855896,-9.906036,0.39419556
1398519536432288014,1816812,1398519536007,0.020950317,-9.832245,0.4560852
1398519536437659107,1816812,1398519536007,0.0054779053,-9.857239,0.42514038
1398519536442816578,1816822,1398519536018,0.043563843,-9.901276,0.43823242
1398519536448126637,1816822,1398519536018,0.010238647,-9.901276,0.4572754
1398519536452429615,1816832,1398519536027,0.024520874,-9.870331,0.44299316
1398519536457770191,1816832,1398519536027,-0.021896362,-9.828674,0.38467407
1398519536463019215,1816843,1398519536038,0.012619019,-9.915558,0.4310913
1398519536468268238,1816843,1398519536039,0.053085327,-9.86795,0.44656372
1398519536472418629,1816852,1398519536047,-0.001663208,-9.882233,0.4394226
1398519536477606617,1816852,1398519536047,0.04118347,-9.876282,0.45965576
1398519536483374439,1816862,1398519536058,0.020950317,-9.889374,0.4060974
1398519536488226734,1816862,1398519536058,0.01499939,-9.844147,0.47512817
1398519536492590748,1816868,1398519536063,0.032852173,-9.889374,0.45370483
1398519536497595631,1816873,1398519536068,7.171631E-4,-9.839386,0.4727478
1398519536502661549,1816878,1398519536073,0.032852173,-9.888184,0.473938
1398519536507666432,1816883,1398519536079,0.056655884,-9.845337,0.43585205
1398519536512701832,1816892,1398519536087,0.022140503,-9.850098,0.46917725
1398519536517920338,1816892,1398519536087,0.009048462,-9.875092,0.45846558
1398519536524023854,1816904,1398519536099,0.007858276,-9.920319,0.4156189
1398519536529303395,1816904,1398519536099,0.023330688,-9.86557,0.41680908
1398519536532843434,1816912,1398519536107,0.023330688,-9.86557,0.41680908
1398519536537878834,1816912,1398519536107,0.022140503,-9.831055,0.47036743
1398519536544165455,1816922,1398519536118,-0.0028533936,-9.86557,0.44180298
1398519536548468434,1816923,1398519536118,-0.0028533936,-9.86557,0.44180298
1398519536552985035,1816928,1398519536124,0.06736755,-9.86676,0.39538574
1398519536558020436,1816933,1398519536129,0.042373657,-9.853668,0.47155762
1398519536563055836,1816938,1398519536134,0.006668091,-9.847717,0.41680908
1398519536568091236,1816944,1398519536139,0.039993286,-9.872711,0.42156982
1398519536573126637,1816952,1398519536148,0.07093811,-9.851288,0.46322632
1398519536578345143,1816952,1398519536148,-0.001663208,-9.877472,0.42752075
1398519536584387623,1816964,1398519536159,0.006668091,-9.8298645,0.4810791
1398519536589697682,1816964,1398519536160,0.0054779053,-9.822723,0.44180298
1398519536593298756,1816971,1398519536166,0.012619019,-9.859619,0.45132446
1398519536598364674,1816973,1398519536168,0.024520874,-9.815582,0.46322632
1398519536604407154,1816984,1398519536179,0.018569946,-9.872711,0.3668213
1398519536609625660,1816984,1398519536180,0.019760132,-9.889374,0.41799927
1398519536613440357,1816991,1398519536187,0.0019073486,-9.870331,0.44299316
1398519536618628346,1816992,1398519536188,0.0054779053,-9.858429,0.50131226
1398519536624762379,1817004,1398519536200,-0.030227661,-9.8810425,0.43585205
1398519536629980885,1817004,1398519536200,0.039993286,-9.906036,0.41323853
1398519536633581959,1817011,1398519536207,0.026901245,-9.870331,0.3918152
1398519536638647877,1817013,1398519536208,0.024520874,-9.895325,0.44537354
1398519536644690357,1817024,1398519536220,0.03642273,-9.917938,0.50845337
1398519536649939381,1817024,1398519536220,0.013809204,-9.876282,0.45965576
1398519536653693043,1817031,1398519536227,0.04118347,-9.882233,0.3918152
1398519536658881031,1817033,1398519536229,0.009048462,-9.831055,0.47750854
1398519536664343678,1817044,1398519536239,0.032852173,-9.822723,0.45846558
1398519536669562184,1817044,1398519536240,0.050704956,-9.8941345,0.43466187
1398519536673956715,1817053,1398519536249,0.026901245,-9.841766,0.44299316
1398519536679358326,1817053,1398519536249,0.024520874,-9.882233,0.4656067
1398519536684546314,1817064,1398519536260,0.023330688,-9.870331,0.4156189
1398519536689825856,1817064,1398519536260,-0.0076141357,-9.846527,0.4810791
1398519536694128834,1817073,1398519536269,0.011428833,-9.841766,0.41085815
1398519536699499928,1817073,1398519536269,0.0019073486,-9.872711,0.4560852
1398519536704626881,1817084,1398519536280,0.04118347,-9.8810425,0.44180298
1398519536709936939,1817084,1398519536280,0.07331848,-9.86438,0.51916504
1398519536714270436,1817094,1398519536290,0.0554657,-9.835815,0.44299316
1398519536719641529,1817095,1398519536290,0.03642273,-9.896515,0.390625
1398519536724487752,1817103,1398519536299,0.031661987,-9.910797,0.40966797
1398519536729736775,1817103,1398519536299,0.045944214,-9.883423,0.40966797
1398519536735413045,1817115,1398519536310,0.037612915,-9.869141,0.41085815
1398519536740692586,1817115,1398519536310,-0.004043579,-9.844147,0.4656067
1398519536744568318,1817123,1398519536319,0.03404236,-9.896515,0.43466187
1398519536749756306,1817123,1398519536319,0.018569946,-9.891754,0.42633057
1398519536755920857,1817135,1398519536331,0.030471802,-9.86319,0.4239502
1398519536761139363,1817135,1398519536331,0.006668091,-9.877472,0.4572754
1398519536764709920,1817142,1398519536337,0.02809143,-9.807251,0.41680908
1398519536769745320,1817144,1398519536339,0.007858276,-9.873901,0.3918152
1398519536775879353,1817155,1398519536351,0.056655884,-9.8941345,0.53463745
1398519536781097859,1817155,1398519536351,0.08879089,-9.86319,0.4156189
1398519536784882039,1817162,1398519536358,0.02571106,-9.860809,0.45251465
1398519536790039509,1817164,1398519536359,-4.7302246E-4,-9.847717,0.46798706
1398519536796204060,1817175,1398519536371,0.007858276,-9.8810425,0.49893188
1398519536801422566,1817176,1398519536371,0.035232544,-9.86676,0.47988892
1398519536805023640,1817182,1398519536378,0.035232544,-9.86676,0.47988892
1398519536810089558,1817184,1398519536380,0.02571106,-9.902466,0.43823242
1398519536816162556,1817195,1398519536391,0.05189514,-9.886993,0.43704224
1398519536821381062,1817196,1398519536391,-0.0052337646,-9.877472,0.45013428
1398519536825165242,1817203,1398519536398,-0.0052337646,-9.877472,0.45013428
1398519536830353230,1817204,1398519536399,-0.0076141357,-9.898895,0.4894104
1398519536836487263,1817216,1398519536411,0.04475403,-9.857239,0.41323853
1398519536841797322,1817216,1398519536412,0.08879089,-9.883423,0.4644165
1398519536845276326,1817222,1398519536418,0.08879089,-9.883423,0.4644165
1398519536850311726,1817224,1398519536420,0.013809204,-9.844147,0.42037964
1398519536856628865,1817236,1398519536432,-0.0076141357,-9.856049,0.42990112
1398519536861938924,1817236,1398519536432,0.0042877197,-9.93222,0.3834839
1398519536865417927,1817242,1398519536438,0.0042877197,-9.93222,0.3834839
1398519536870453328,1817244,1398519536440,0.02571106,-9.8013,0.4310913
1398519536876770466,1817256,1398519536452,0.056655884,-9.883423,0.51797485
1398519536882080525,1817256,1398519536452,0.04475403,-9.882233,0.50845337
1398519536885559529,1817263,1398519536458,0.039993286,-9.879852,0.4727478
1398519536890594929,1817264,1398519536460,0.010238647,-9.892944,0.4310913
1398519536896912068,1817276,1398519536472,0.06617737,-9.909607,0.41204834
1398519536902130574,1817276,1398519536472,0.02571106,-9.877472,0.42752075
1398519536905731648,1817283,1398519536478,0.02809143,-9.869141,0.38586426
1398519536910797566,1817285,1398519536480,-4.7302246E-4,-9.872711,0.46679688
1398519536916840047,1817296,1398519536492,0.04118347,-9.845337,0.4060974
1398519536922058552,1817296,1398519536492,0.029281616,-9.856049,0.49417114
1398519536925842732,1817303,1398519536499,0.026901245,-9.876282,0.46917725
1398519536931061238,1817305,1398519536501,0.05189514,-9.840576,0.45013428
1398519536936523884,1817316,1398519536511,0.03642273,-9.86676,0.4239502
1398519536941742390,1817316,1398519536511,0.031661987,-9.8619995,0.38705444
1398519536945984334,1817322,1398519536518,0.031661987,-9.904846,0.42037964
1398519536951019734,1817328,1398519536524,0.06498718,-9.848907,0.47869873
1398519536956055134,1817330,1398519536525,0.043563843,-9.86319,0.4560852
1398519536962372273,1817342,1398519536538,-0.001663208,-9.895325,0.45013428
1398519536967743367,1817342,1398519536538,0.016189575,-9.837006,0.46679688
1398519536971191853,1817348,1398519536544,-0.0052337646,-9.854858,0.45132446
1398519536976196736,1817350,1398519536545,0.04951477,-9.835815,0.4810791
1398519536982513875,1817362,1398519536557,0.02809143,-9.882233,0.44180298
1398519536987793416,1817362,1398519536557,-0.004043579,-9.916748,0.42871094
1398519536991302937,1817369,1398519536564,0.035232544,-9.908417,0.40490723
1398519536996338338,1817371,1398519536567,0.013809204,-9.875092,0.46917725
1398519537001495808,1817381,1398519536577,-0.011184692,-9.875092,0.38705444
1398519537006897420,1817381,1398519536577,0.056655884,-9.891754,0.42752075
1398519537011627644,1817391,1398519536586,0.050704956,-9.856049,0.45489502
1398519537017090291,1817391,1398519536587,0.016189575,-9.846527,0.47036743
1398519537021973103,1817402,1398519536598,0.011428833,-9.858429,0.43347168
1398519537027588338,1817402,1398519536598,0.054275513,-9.854858,0.41918945
1398519537031616658,1817409,1398519536605,0.0388031,-9.896515,0.42514038
1398519537036743611,1817411,1398519536606,0.011428833,-9.819153,0.45846558
1398519537042450398,1817422,1398519536617,0.037612915,-9.86676,0.47155762
1398519537047638386,1817422,1398519536617,0.039993286,-9.884613,0.43823242
1398519537051788777,1817431,1398519536627,-0.021896362,-9.8810425,0.43585205
1398519537057037800,1817432,1398519536627,0.012619019,-9.850098,0.3834839
1398519537061920613,1817441,1398519536637,0.01499939,-9.901276,0.4144287
1398519537067322224,1817441,1398519536637,-0.023086548,-9.883423,0.42514038
1398519537072479695,1817452,1398519536648,-0.021896362,-9.828674,0.37991333
1398519537077850789,1817452,1398519536648,0.0388031,-9.8619995,0.42514038
1398519537082001179,1817461,1398519536657,0.029281616,-9.876282,0.473938
1398519537087189168,1817461,1398519536657,0.010238647,-9.895325,0.4406128
1398519537092651814,1817472,1398519536667,0.0471344,-9.890564,0.46203613
1398519537097839802,1817472,1398519536668,0.022140503,-9.839386,0.40252686
1398519537102234334,1817481,1398519536677,0.02571106,-9.810822,0.50964355
1398519537107574910,1817481,1398519536677,0.06022644,-9.906036,0.40490723
1398519537112793416,1817492,1398519536688,0.007858276,-9.86676,0.42156982
1398519537118072957,1817492,1398519536688,0.013809204,-9.8941345,0.44537354
1398519537122345418,1817501,1398519536697,0.013809204,-9.8941345,0.44537354
1398519537127716511,1817501,1398519536697,0.0388031,-9.869141,0.4965515
1398519537132904500,1817512,1398519536708,0.039993286,-9.907227,0.4239502
1398519537138184041,1817512,1398519536708,-0.0135650635,-9.844147,0.47988892
1398519537142487019,1817522,1398519536717,-0.0135650635,-9.844147,0.47988892
1398519537147858113,1817522,1398519536717,0.023330688,-9.886993,0.4239502
1398519537153046101,1817532,1398519536728,0.03642273,-9.875092,0.4560852
1398519537158295125,1817532,1398519536728,0.072128296,-9.86676,0.42037964
1398519537162628621,1817542,1398519536737,0.072128296,-9.86676,0.42037964
1398519537167999715,1817542,1398519536737,0.0030975342,-9.869141,0.44537354
1398519537173187703,1817552,1398519536748,0.032852173,-9.884613,0.47988892
1398519537178436726,1817553,1398519536748,0.02809143,-9.872711,0.42990112
1398519537182770222,1817562,1398519536757,-0.014755249,-9.871521,0.3834839
1398519537188141316,1817562,1398519536757,0.02571106,-9.86438,0.3989563
1398519537193359822,1817573,1398519536768,0.006668091,-9.889374,0.45013428
1398519537198578328,1817573,1398519536768,0.039993286,-9.845337,0.4727478
1398519537202911824,1817582,1398519536777,-0.009994507,-9.892944,0.46084595
1398519537208252400,1817582,1398519536778,0.01499939,-9.879852,0.37872314
1398519537213592976,1817593,1398519536788,0.035232544,-9.885803,0.44656372
1398519537218780965,1817593,1398519536789,-0.012374878,-9.816772,0.4572754
1398519537223083943,1817602,1398519536798,0.012619019,-9.854858,0.41680908
1398519537228394002,1817602,1398519536798,0.0042877197,-9.889374,0.46322632
1398519537233612507,1817613,1398519536808,0.039993286,-9.885803,0.49536133
1398519537238800496,1817613,1398519536809,0.04118347,-9.878662,0.43347168
1398519537243225545,1817622,1398519536818,0.037612915,-9.896515,0.39419556
1398519537248566121,1817622,1398519536818,-0.009994507,-9.898895,0.4977417
1398519537253754109,1817633,1398519536829,0.04118347,-9.857239,0.46084595
1398519537258942097,1817633,1398519536829,0.037612915,-9.841766,0.48583984
1398519537263367146,1817642,1398519536838,0.016189575,-9.848907,0.44299316
1398519537268738240,1817643,1398519536838,0.018569946,-9.870331,0.5239258
1398519537273895711,1817653,1398519536849,0.043563843,-9.869141,0.43704224
1398519537279175252,1817653,1398519536849,0.0554657,-9.883423,0.5298767
1398519537283508748,1817663,1398519536858,0.056655884,-9.8941345,0.4906006
1398519537288879841,1817663,1398519536858,0.02571106,-9.901276,0.39657593
1398519537294067830,1817673,1398519536869,0.030471802,-9.847717,0.50845337
1398519537299316853,1817674,1398519536869,0.026901245,-9.86557,0.4656067
1398519537303619832,1817683,1398519536878,0.018569946,-9.873901,0.40847778
1398519537308990925,1817683,1398519536878,0.0019073486,-9.908417,0.46203613
1398519537314178914,1817693,1398519536889,0.020950317,-9.848907,0.4644165
1398519537319458455,1817694,1398519536889,0.07450867,-9.902466,0.43704224
1398519537323761433,1817703,1398519536898,0.029281616,-9.911987,0.37277222
1398519537329132527,1817703,1398519536899,0.0054779053,-9.870331,0.47512817
1398519537334289998,1817714,1398519536909,0.043563843,-9.885803,0.4965515
1398519537339508504,1817714,1398519536909,0.01737976,-9.854858,0.47631836
1398519537343933552,1817723,1398519536919,-0.009994507,-9.847717,0.46203613
1398519537349274129,1817723,1398519536919,0.05784607,-9.882233,0.40371704
1398519537354431599,1817735,1398519536931,0.024520874,-9.86795,0.4810791
1398519537359711140,1817736,1398519536931,7.171631E-4,-9.856049,0.5227356
1398519537363953084,1817738,1398519536933,0.012619019,-9.916748,0.45251465
1398519537370239705,1817750,1398519536945,0.01499939,-9.86557,0.36444092
1398519537375458211,1817751,1398519536946,0.04951477,-9.837006,0.42037964
1398519537379059285,1817754,1398519536950,0.04951477,-9.837006,0.42037964
1398519537384064168,1817759,1398519536955,0.06260681,-9.838196,0.49893188
1398519537389099568,1817768,1398519536964,-0.026657104,-9.908417,0.37634277
1398519537394348591,1817768,1398519536964,0.026901245,-9.86676,0.41204834
1398519537399231404,1817778,1398519536974,-0.012374878,-9.860809,0.40966797
1398519537404419392,1817778,1398519536974,0.010238647,-9.923889,0.49536133
1398519537409271687,1817788,1398519536984,0.06498718,-9.86319,0.46084595
1398519537414520711,1817788,1398519536984,0.013809204,-9.885803,0.42871094
1398519537420380086,1817801,1398519536996,0.013809204,-9.853668,0.47750854
1398519537425690144,1817801,1398519536996,0.05189514,-9.848907,0.45965576
1398519537429382771,1817805,1398519537000,0.05189514,-9.848907,0.45965576
1398519537434418172,1817809,1398519537005,0.04118347,-9.834625,0.4406128
1398519537439575642,1817819,1398519537014,0.05189514,-9.86319,0.40966797
1398519537444977254,1817819,1398519537014,0.0042877197,-9.8013,0.4322815
1398519537449676961,1817829,1398519537024,0.0042877197,-9.8013,0.4322815
1398519537455078572,1817829,1398519537025,0.06498718,-9.857239,0.4406128
1398519537459747761,1817839,1398519537035,0.054275513,-9.902466,0.43585205
1398519537465179890,1817839,1398519537035,0.022140503,-9.870331,0.47036743
1398519537470184773,1817851,1398519537046,-0.015945435,-9.86319,0.4156189
1398519537475494832,1817851,1398519537046,0.08403015,-9.857239,0.42633057
1398519537479767293,1817857,1398519537052,0.03404236,-9.833435,0.42871094
1398519537484772175,1817858,1398519537054,0.018569946,-9.845337,0.44656372
1398519537490082234,1817869,1398519537065,0.032852173,-9.896515,0.40133667
1398519537495514363,1817869,1398519537065,0.0054779053,-9.859619,0.42276
1398519537500183552,1817879,1398519537075,0.039993286,-9.86795,0.48464966
1398519537505585164,1817880,1398519537075,0.022140503,-9.8619995,0.4060974
1398519537510193318,1817889,1398519537085,-0.015945435,-9.86676,0.49417114
1398519537515594929,1817890,1398519537085,0.05189514,-9.879852,0.45846558
1398519537520142049,1817901,1398519537097,0.072128296,-9.908417,0.36325073
1398519537525574177,1817901,1398519537097,0.0388031,-9.826294,0.41799927
1398519537530072997,1817905,1398519537101,0.02571106,-9.895325,0.40966797
1398519537535108397,1817910,1398519537106,0.0030975342,-9.86557,0.4156189
1398519537540265868,1817919,1398519537115,0.006668091,-9.846527,0.5072632
1398519537545606444,1817919,1398519537115,-0.01713562,-9.9131775,0.4572754
1398519537550855468,1817931,1398519537126,0.042373657,-9.859619,0.40490723
1398519537556073974,1817931,1398519537127,-0.0076141357,-9.878662,0.39657593
1398519537560315917,1817937,1398519537133,0.010238647,-9.891754,0.43704224
1398519537565320800,1817939,1398519537135,0.01737976,-9.789398,0.39657593
1398519537571637938,1817951,1398519537147,0.043563843,-9.876282,0.473938
1398519537576947997,1817951,1398519537147,0.018569946,-9.823914,0.48464966
1398519537580427001,1817958,1398519537153,0.020950317,-9.904846,0.48345947
1398519537585462401,1817959,1398519537155,0.054275513,-9.890564,0.40847778
1398519537591749022,1817971,1398519537167,7.171631E-4,-9.823914,0.49893188
1398519537597059081,1817971,1398519537167,0.016189575,-9.841766,0.4977417
1398519537600599120,1817978,1398519537173,0.0388031,-9.847717,0.47631836
1398519537605604003,1817981,1398519537176,0.04951477,-9.846527,0.35372925
1398519537610761474,1817990,1398519537185,0.06022644,-9.886993,0.45370483
1398519537616163085,1817990,1398519537186,0.0471344,-9.853668,0.43466187
1398519537621320556,1818001,1398519537196,0.013809204,-9.884613,0.4060974
1398519537626691649,1818001,1398519537197,-0.031417847,-9.8619995,0.37753296
1398519537630811522,1818010,1398519537205,0.019760132,-9.896515,0.42276
1398519537636091063,1818010,1398519537206,0.009048462,-9.842957,0.4644165
1398519537641706298,1818021,1398519537217,0.024520874,-9.831055,0.4489441
1398519537646924804,1818021,1398519537217,0.0471344,-9.886993,0.40133667
1398519537650953124,1818031,1398519537226,0.05189514,-9.889374,0.40014648
1398519537656171630,1818031,1398519537226,0.035232544,-9.856049,0.41085815
1398519537661115477,1818040,1398519537236,7.171631E-4,-9.817963,0.42633057
1398519537666517089,1818040,1398519537236,0.06855774,-9.854858,0.4144287
1398519537671674559,1818051,1398519537247,-0.009994507,-9.816772,0.42752075
1398519537676954100,1818051,1398519537247,0.061416626,-9.842957,0.4644165
1398519537681226561,1818061,1398519537256,0.022140503,-9.891754,0.47036743
1398519537686628173,1818061,1398519537257,0.026901245,-9.884613,0.4906006
1398519537691358397,1818071,1398519537266,0.05189514,-9.879852,0.4727478
1398519537696729491,1818071,1398519537266,0.032852173,-9.842957,0.4156189
1398519537701886962,1818081,1398519537277,-0.00642395,-9.842957,0.3918152
1398519537707197020,1818081,1398519537277,0.04118347,-9.8810425,0.48703003
1398519537711469481,1818091,1398519537287,0.04118347,-9.8810425,0.48703003
1398519537716840575,1818092,1398519537287,0.016189575,-9.86676,0.41918945
1398519537721540282,1818101,1398519537296,0.0554657,-9.904846,0.44537354
1398519537726880858,1818101,1398519537297,0.026901245,-9.882233,0.45132446
1398519537731916259,1818112,1398519537308,0.0388031,-9.844147,0.44418335
1398519537737531493,1818112,1398519537308,-0.032608032,-9.837006,0.45251465
1398519537741590331,1818119,1398519537315,-0.032608032,-9.837006,0.45251465
1398519537746747802,1818120,1398519537316,0.04118347,-9.8941345,0.50250244
1398519537752912352,1818132,1398519537328,0.032852173,-9.848907,0.45132446
1398519537758191893,1818132,1398519537328,0.037612915,-9.852478,0.42752075
1398519537761731933,1818139,1398519537335,-0.009994507,-9.86319,0.42156982
1398519537766736815,1818141,1398519537336,0.032852173,-9.888184,0.45489502
1398519537772748778,1818152,1398519537348,0.0054779053,-9.910797,0.42752075
1398519537778028319,1818152,1398519537348,0.037612915,-9.888184,0.39657593
1398519537781873534,1818161,1398519537357,0.023330688,-9.8619995,0.3751526
1398519537787061522,1818162,1398519537357,0.009048462,-9.847717,0.43704224
1398519537792188475,1818172,1398519537368,0.063797,-9.889374,0.43466187
1398519537797895263,1818172,1398519537368,0.01737976,-9.848907,0.43347168
1398519537802137206,1818181,1398519537377,0.03404236,-9.878662,0.45489502
1398519537807477782,1818181,1398519537377,0.01737976,-9.850098,0.44299316
1398519537812696288,1818192,1398519537388,0.02571106,-9.86795,0.45013428
1398519537817884276,1818192,1398519537388,-4.7302246E-4,-9.856049,0.39300537
1398519537822278808,1818201,1398519537397,0.020950317,-9.853668,0.45251465
1398519537827619384,1818201,1398519537397,-0.04689026,-9.840576,0.34658813
1398519537832837890,1818212,1398519537408,0.039993286,-9.915558,0.4489441
1398519537838056395,1818212,1398519537408,0.059036255,-9.844147,0.43347168
1398519537842389892,1818221,1398519537417,0.010238647,-9.86795,0.42514038
1398519537847730468,1818222,1398519537417,0.0030975342,-9.884613,0.3822937
1398519537853040526,1818232,1398519537428,0.018569946,-9.835815,0.4144287
1398519537858320067,1818233,1398519537428,-0.012374878,-9.859619,0.39419556
1398519537862500975,1818241,1398519537437,0.09236145,-9.86438,0.43347168
1398519537867780517,1818242,1398519537437,-0.0076141357,-9.876282,0.34539795
1398519537873334716,1818253,1398519537448,0.07331848,-9.876282,0.44180298
1398519537878644774,1818253,1398519537448,0.01737976,-9.877472,0.38110352
1398519537882581542,1818262,1398519537457,0.0042877197,-9.832245,0.4822693
1398519537887800048,1818262,1398519537457,7.171631E-4,-9.872711,0.42752075
1398519537893537352,1818273,1398519537469,-0.011184692,-9.872711,0.45846558
1398519537898816893,1818273,1398519537469,0.023330688,-9.875092,0.41918945
1398519537902692626,1818281,1398519537477,0.0042877197,-9.816772,0.45013428
1398519537907911132,1818282,1398519537477,0.050704956,-9.86438,0.4572754
1398519537914014647,1818293,1398519537489,0.037612915,-9.879852,0.50845337
1398519537919324706,1818294,1398519537489,-0.0135650635,-9.856049,0.44537354
1398519537922834227,1818302,1398519537497,0.01737976,-9.86319,0.43704224
1398519537927869628,1818302,1398519537497,-0.0052337646,-9.859619,0.40252686
1398519537934125731,1818312,1398519537508,0.06855774,-9.911987,0.45489502
1398519537938520263,1818313,1398519537508,0.018569946,-9.845337,0.4322815
1398519537943006347,1818318,1398519537514,0.019760132,-9.873901,0.40252686
1398519537948011229,1818323,1398519537519,0.031661987,-9.86795,0.4322815
1398519537953046630,1818328,1398519537524,0.030471802,-9.877472,0.45132446
1398519537958082030,1818333,1398519537529,0.018569946,-9.879852,0.3739624
1398519537963178466,1818342,1398519537538,0.04118347,-9.86319,0.35610962
1398519537968458007,1818342,1398519537538,0.06498718,-9.883423,0.45132446
1398519537974256347,1818354,1398519537549,0.05784607,-9.856049,0.43347168
1398519537979474852,1818354,1398519537549,0.018569946,-9.846527,0.43347168
1398519537983289550,1818361,1398519537557,0.018569946,-9.846527,0.43347168
1398519537988447020,1818362,1398519537558,0.0042877197,-9.8810425,0.47512817
1398519537994611571,1818374,1398519537570,-0.026657104,-9.889374,0.44656372
1398519537999830077,1818374,1398519537570,0.012619019,-9.910797,0.38467407
1398519538003431151,1818381,1398519537576,0.012619019,-9.910797,0.38467407
1398519538008497069,1818383,1398519537578,-0.001663208,-9.860809,0.4239502
1398519538014539550,1818394,1398519537590,0.018569946,-9.852478,0.5001221
1398519538019849608,1818394,1398519537590,0.056655884,-9.885803,0.42871094
1398519538023542235,1818401,1398519537597,0.056655884,-9.885803,0.42871094
1398519538028730224,1818403,1398519537598,0.011428833,-9.854858,0.41085815
1398519538033613036,1818409,1398519537604,0.011428833,-9.854858,0.41085815
1398519538038648436,1818413,1398519537609,0.05784607,-9.860809,0.3739624
1398519538044294188,1818424,1398519537619,0.039993286,-9.86795,0.43585205
1398519538049573729,1818424,1398519537619,0.037612915,-9.850098,0.41085815
1398519538053907225,1818433,1398519537629,0.04475403,-9.86676,0.44299316
1398519538059278319,1818433,1398519537629,0.06022644,-9.839386,0.4656067
1398519538064435790,1818445,1398519537640,0.06736755,-9.875092,0.45965576
1398519538070081542,1818445,1398519537641,0.04118347,-9.86319,0.3977661
1398519538073926757,1818450,1398519537645,-0.0135650635,-9.901276,0.44180298
1398519538078931640,1818454,1398519537650,0.02571106,-9.86319,0.47750854
1398519538083967040,1818459,1398519537655,0.0042877197,-9.908417,0.4310913
1398519538089002440,1818468,1398519537663,-0.00642395,-9.875092,0.473938
1398519538094251464,1818468,1398519537664,0.023330688,-9.900085,0.49893188
1398519538099134276,1818478,1398519537674,0.023330688,-9.86438,0.40133667
1398519538104322265,1818478,1398519537674,0.026901245,-9.871521,0.40490723
1398519538109174559,1818488,1398519537684,0.02809143,-9.871521,0.46322632
1398519538114423583,1818488,1398519537684,0.06022644,-9.848907,0.47512817
1398519538120313475,1818501,1398519537696,0.01499939,-9.9131775,0.37158203
1398519538125531981,1818501,1398519537696,0.0471344,-9.915558,0.44418335
1398519538129285643,1818505,1398519537700,-0.00642395,-9.871521,0.46679688
1398519538134321044,1818509,1398519537705,0.019760132,-9.837006,0.39657593
1398519538139478515,1818519,1398519537714,0.0042877197,-9.86319,0.40252686
1398519538144819091,1818519,1398519537714,0.06617737,-9.916748,0.4394226
1398519538149579833,1818529,1398519537724,0.026901245,-9.858429,0.45489502
1398519538154950927,1818529,1398519537724,0.010238647,-9.841766,0.3977661
1398519538159650634,1818539,1398519537734,0.01737976,-9.896515,0.47512817
1398519538165052245,1818539,1398519537735,0.04118347,-9.842957,0.41918945
1398519538170179198,1818551,1398519537746,0.0471344,-9.86557,0.4882202
1398519538175458739,1818551,1398519537746,0.006668091,-9.853668,0.40014648
1398519538179670165,1818557,1398519537752,0.012619019,-9.885803,0.4239502
1398519538184675048,1818558,1398519537754,0.023330688,-9.901276,0.48464966
1398519538189985106,1818569,1398519537765,-4.7302246E-4,-9.86557,0.4560852
1398519538195264647,1818569,1398519537765,0.03404236,-9.892944,0.3834839
1398519538199903319,1818579,1398519537775,0.054275513,-9.8619995,0.4239502
1398519538205365966,1818579,1398519537775,0.019760132,-9.898895,0.43823242
1398519538210370849,1818590,1398519537785,0.0019073486,-9.902466,0.45251465
1398519538215619872,1818590,1398519537786,0.030471802,-9.859619,0.48583984
1398519538220044921,1818599,1398519537795,0.04951477,-9.839386,0.45965576
1398519538225385497,1818599,1398519537795,0.06855774,-9.847717,0.390625
1398519538230695556,1818611,1398519537807,0.042373657,-9.885803,0.47631836
1398519538235914061,1818611,1398519537807,0.026901245,-9.904846,0.42037964
1398519538240064452,1818617,1398519537813,0.037612915,-9.815582,0.45846558
1398519538245099852,1818619,1398519537814,0.04475403,-9.86676,0.34301758
1398519538250867675,1818631,1398519537827,0.01499939,-9.837006,0.3894348
1398519538256055663,1818631,1398519537827,0.016189575,-9.890564,0.42276
1398519538260236571,1818637,1398519537833,0.035232544,-9.856049,0.44656372
1398519538265241454,1818639,1398519537835,0.04118347,-9.871521,0.47512817
1398519538271161864,1818651,1398519537846,0.045944214,-9.859619,0.42037964
1398519538276380370,1818651,1398519537846,0.03642273,-9.877472,0.38586426
1398519538280347655,1818659,1398519537855,0.03642273,-9.877472,0.38586426
1398519538285596679,1818659,1398519537855,0.009048462,-9.825104,0.44180298
1398519538290571044,1818670,1398519537865,0.093551636,-9.852478,0.43466187
1398519538295972655,1818670,1398519537866,-0.012374878,-9.885803,0.41204834
1398519538301099608,1818681,1398519537876,-0.012374878,-9.885803,0.41204834
1398519538306379149,1818681,1398519537877,0.0054779053,-9.885803,0.41323853
1398519538310590575,1818690,1398519537885,0.0054779053,-9.885803,0.41323853
1398519538315809081,1818690,1398519537885,-0.004043579,-9.840576,0.46084595
1398519538321485350,1818701,1398519537896,0.0388031,-9.840576,0.46679688
1398519538326764892,1818701,1398519537897,0.039993286,-9.86438,0.45965576
1398519538330732177,1818711,1398519537906,0.045944214,-9.879852,0.47155762
1398519538335981200,1818711,1398519537906,0.030471802,-9.86557,0.43823242
1398519538340894530,1818720,1398519537916,0.024520874,-9.872711,0.41204834
1398519538346296142,1818720,1398519537916,0.020950317,-9.840576,0.34420776
1398519538351453612,1818731,1398519537927,-0.03617859,-9.840576,0.48464966
1398519538356733153,1818731,1398519537927,-0.0028533936,-9.869141,0.36920166
1398519538361005614,1818740,1398519537936,0.037612915,-9.890564,0.36444092
1398519538366376708,1818740,1398519537936,0.069747925,-9.859619,0.47750854
1398519538371595214,1818751,1398519537947,0.013809204,-9.888184,0.4477539
1398519538376813720,1818751,1398519537947,0.012619019,-9.854858,0.5144043
1398519538381177733,1818761,1398519537957,0.009048462,-9.850098,0.47869873
1398519538386518309,1818761,1398519537957,0.020950317,-9.870331,0.42871094
1398519538391279052,1818771,1398519537967,-0.026657104,-9.875092,0.473938
1398519538396650145,1818771,1398519537967,0.024520874,-9.86438,0.44299316
1398519538401349852,1818781,1398519537977,0.018569946,-9.86795,0.44180298
1398519538406720946,1818781,1398519537977,0.030471802,-9.883423,0.47512817
1398519538411420653,1818791,1398519537987,-0.0028533936,-9.873901,0.3918152
1398519538416791747,1818791,1398519537987,-0.023086548,-9.857239,0.4072876
1398519538421613524,1818801,1398519537997,0.011428833,-9.898895,0.41799927
1398519538427015136,1818801,1398519537997,-0.03617859,-9.872711,0.41799927
1398519538431684325,1818811,1398519538007,-0.018325806,-9.854858,0.4072876
1398519538437085936,1818811,1398519538007,0.03404236,-9.845337,0.42990112
1398519538441816161,1818821,1398519538017,0.022140503,-9.821533,0.473938
1398519538447095702,1818821,1398519538017,0.01737976,-9.851288,0.4572754
1398519538451734374,1818831,1398519538027,0.018569946,-9.8298645,0.38824463
1398519538457166503,1818831,1398519538027,0.048324585,-9.916748,0.48464966
1398519538461988280,1818841,1398519538037,0.05189514,-9.884613,0.43585205
1398519538467267821,1818842,1398519538037,0.019760132,-9.817963,0.47750854
1398519538471845458,1818851,1398519538047,0.011428833,-9.857239,0.4394226
1398519538477308104,1818851,1398519538047,0.029281616,-9.8941345,0.4477539
1398519538482190917,1818862,1398519538057,0.01499939,-9.875092,0.43466187
1398519538487470458,1818862,1398519538057,0.054275513,-9.833435,0.3406372
1398519538491956542,1818871,1398519538067,0.019760132,-9.869141,0.390625
1398519538497388671,1818871,1398519538067,0.0054779053,-9.86795,0.38110352
1398519538502485106,1818882,1398519538078,0.031661987,-9.857239,0.43585205
1398519538507764647,1818882,1398519538078,0.0471344,-9.885803,0.43823242
1398519538512098143,1818891,1398519538087,0.0471344,-9.872711,0.3501587
1398519538517438720,1818891,1398519538087,0.05189514,-9.8298645,0.4156189
1398519538522718261,1818902,1398519538098,0.04951477,-9.86319,0.29421997
1398519538527906249,1818902,1398519538098,-0.009994507,-9.850098,0.4072876
1398519538532270263,1818911,1398519538107,-0.001663208,-9.871521,0.41204834
1398519538537610839,1818912,1398519538107,0.09236145,-9.853668,0.44418335
1398519538542798827,1818922,1398519538118,-0.019515991,-9.869141,0.40371704
1398519538547986815,1818922,1398519538118,0.029281616,-9.901276,0.34301758
1398519538552411864,1818932,1398519538127,0.03404236,-9.870331,0.42752075
1398519538557752440,1818932,1398519538127,-0.00642395,-9.901276,0.46917725
1398519538562940429,1818942,1398519538138,0.04951477,-9.871521,0.4310913
1398519538568128417,1818942,1398519538138,-0.0076141357,-9.86795,0.46917725
1398519538572553466,1818952,1398519538147,-0.0076141357,-9.86795,0.46917725
1398519538577924559,1818952,1398519538147,0.045944214,-9.9131775,0.39538574
1398519538583051513,1818962,1398519538158,0.01737976,-9.852478,0.4072876
1398519538588270018,1818963,1398519538158,0.04951477,-9.851288,0.51083374
1398519538592695067,1818972,1398519538167,0.04951477,-9.851288,0.51083374
1398519538598066161,1818972,1398519538168,-0.023086548,-9.845337,0.4156189
1398519538603223632,1818983,1398519538178,0.018569946,-9.835815,0.4144287
1398519538608503173,1818983,1398519538178,0.022140503,-9.895325,0.44656372
1398519538612836669,1818992,1398519538188,0.050704956,-9.86676,0.52749634
1398519538618207763,1818992,1398519538188,0.012619019,-9.870331,0.38824463
1398519538623365233,1819003,1398519538198,0.007858276,-9.86676,0.41204834
1398519538628644774,1819003,1398519538199,0.024520874,-9.858429,0.37634277
1398519538632947753,1819012,1398519538208,0.0019073486,-9.828674,0.4560852
1398519538638288329,1819012,1398519538208,0.02571106,-9.910797,0.4489441
1398519538643506835,1819023,1398519538219,0.05189514,-9.873901,0.46203613
1398519538648786376,1819023,1398519538219,0.053085327,-9.896515,0.44537354
1398519538653119872,1819032,1398519538228,0.01737976,-9.845337,0.3977661
1398519538658490966,1819032,1398519538228,0.037612915,-9.898895,0.44299316
1398519538663678954,1819043,1398519538239,0.07807922,-9.872711,0.47988892
1398519538668866942,1819043,1398519538239,0.024520874,-9.896515,0.42752075
1398519538673261474,1819052,1398519538248,7.171631E-4,-9.7977295,0.46084595
1398519538678602050,1819053,1398519538248,0.020950317,-9.850098,0.4144287
1398519538683851073,1819063,1398519538259,0.0388031,-9.8298645,0.41918945
1398519538689039061,1819063,1398519538259,0.022140503,-9.86557,0.42037964
1398519538693403075,1819073,1398519538268,0.035232544,-9.812012,0.4310913
1398519538698743651,1819073,1398519538268,-0.008804321,-9.86438,0.44299316
1398519538703962157,1819083,1398519538279,0.035232544,-9.885803,0.43585205
1398519538709180663,1819084,1398519538279,0.0019073486,-9.857239,0.3989563
1398519538713514159,1819093,1398519538288,0.032852173,-9.86795,0.48583984
1398519538718854735,1819093,1398519538288,0.082839966,-9.903656,0.49298096
1398519538724225829,1819104,1398519538299,-0.012374878,-9.831055,0.38824463
1398519538729413817,1819104,1398519538299,0.029281616,-9.834625,0.42276
1398519538733625243,1819113,1398519538308,-0.026657104,-9.857239,0.39657593
1398519538738965819,1819113,1398519538308,0.048324585,-9.847717,0.45132446
1398519538744336913,1819124,1398519538319,0.0054779053,-9.93222,0.41799927
1398519538749616454,1819124,1398519538320,0.02809143,-9.882233,0.4572754
1398519538753736327,1819133,1398519538328,0.01737976,-9.916748,0.3977661
1398519538759015868,1819133,1398519538328,0.035232544,-9.870331,0.43704224
1398519538764844725,1819144,1398519538340,0.06022644,-9.851288,0.40966797
1398519538770124267,1819144,1398519538340,0.009048462,-9.846527,0.44299316
1398519538773816893,1819151,1398519538347,0.03404236,-9.884613,0.41799927
1398519538779004882,1819153,1398519538349,0.05189514,-9.885803,0.45370483
1398519538784559081,1819164,1398519538360,0.035232544,-9.883423,0.40371704
1398519538789838622,1819164,1398519538360,-0.019515991,-9.908417,0.42633057
1398519538794080565,1819173,1398519538369,0.012619019,-9.860809,0.40252686
1398519538799451659,1819173,1398519538369,0.043563843,-9.857239,0.390625
1398519538804639647,1819184,1398519538380,0.03404236,-9.839386,0.390625
1398519538809888671,1819184,1398519538380,0.03642273,-9.877472,0.3489685
1398519538814222167,1819193,1398519538389,-0.0052337646,-9.882233,0.39538574
1398519538819562743,1819193,1398519538389,0.06855774,-9.8810425,0.45846558
1398519538824903319,1819204,1398519538400,0.045944214,-9.907227,0.45251465
1398519538830121825,1819204,1398519538400,0.043563843,-9.844147,0.39657593
1398519538834333251,1819213,1398519538409,0.0054779053,-9.883423,0.4322815
1398519538839612792,1819214,1398519538409,-0.01713562,-9.8619995,0.40847778
1398519538845136474,1819225,1398519538420,0.03642273,-9.850098,0.40847778
1398519538850354979,1819225,1398519538420,0.022140503,-9.856049,0.4822693
1398519538854413817,1819233,1398519538429,0.022140503,-9.856049,0.4822693
1398519538859632323,1819234,1398519538429,-0.025466919,-9.879852,0.44537354
1398519538865339110,1819246,1398519538441,0.020950317,-9.878662,0.49179077
1398519538870527099,1819246,1398519538442,0.05784607,-9.815582,0.38110352
1398519538874555419,1819251,1398519538446,0.05784607,-9.815582,0.38110352
1398519538879560302,1819255,1398519538451,0.072128296,-9.850098,0.4965515
1398519538884595702,1819260,1398519538455,0.08522034,-9.86319,0.44537354
1398519538889753173,1819269,1398519538465,0.01737976,-9.838196,0.40490723
1398519538895154784,1819269,1398519538465,0.031661987,-9.856049,0.44656372
1398519538900129149,1819280,1398519538475,0.007858276,-9.879852,0.4394226
1398519538905408690,1819280,1398519538475,0.013809204,-9.854858,0.4656067
1398519538909925292,1819289,1398519538485,0.011428833,-9.871521,0.49298096
1398519538915326903,1819289,1398519538485,0.043563843,-9.828674,0.43823242
1398519538920301268,1819301,1398519538496,7.171631E-4,-9.884613,0.41204834
1398519538925611327,1819301,1398519538496,0.009048462,-9.858429,0.42633057
1398519538929914306,1819307,1398519538503,0.029281616,-9.860809,0.4144287
1398519538934949706,1819309,1398519538504,0.03404236,-9.851288,0.41204834
1398519538940595458,1819320,1398519538516,-0.004043579,-9.872711,0.4560852
1398519538945874999,1819320,1398519538516,0.043563843,-9.858429,0.40371704
1398519538950177977,1819329,1398519538525,0.04475403,-9.854858,0.4406128
1398519538955518554,1819329,1398519538525,0.07688904,-9.915558,0.45965576
1398519538960706542,1819340,1398519538536,0.035232544,-9.846527,0.47036743
1398519538965925048,1819340,1398519538536,-0.001663208,-9.856049,0.40252686
1398519538970319579,1819349,1398519538545,0.020950317,-9.916748,0.4560852
1398519538975660155,1819351,1398519538546,0.054275513,-9.814392,0.42633057
1398519538980390380,1819360,1398519538555,0.013809204,-9.92746,0.49893188
1398519538985700438,1819360,1398519538555,0.023330688,-9.875092,0.43347168
1398519538991010497,1819371,1398519538567,-0.012374878,-9.857239,0.45489502
1398519538996229003,1819371,1398519538567,0.029281616,-9.835815,0.4394226
1398519539000440429,1819378,1398519538574,0.04951477,-9.883423,0.42633057
1398519539005597899,1819379,1398519538575,-0.06593323,-9.882233,0.3989563
1398519539011762450,1819391,1398519538587,0.037612915,-9.882233,0.47631836
1398519539016980956,1819391,1398519538587,0.04118347,-9.895325,0.4406128
1398519539020551513,1819398,1398519538594,-0.020706177,-9.886993,0.46322632
1398519539025586913,1819401,1398519538596,0.029281616,-9.920319,0.43347168
1398519539030744384,1819410,1398519538606,0.02571106,-9.816772,0.41085815
1398519539036145995,1819410,1398519538606,0.063797,-9.869141,0.42990112
1398519539041303466,1819421,1398519538617,-0.015945435,-9.882233,0.4644165
1398519539046674559,1819421,1398519538617,0.026901245,-9.858429,0.44656372
1398519539050824950,1819430,1398519538626,0.039993286,-9.898895,0.48703003
1398519539056165526,1819430,1398519538626,-0.001663208,-9.825104,0.40133667
1398519539061475585,1819441,1398519538637,0.007858276,-9.871521,0.47155762
1398519539066755126,1819441,1398519538637,0.037612915,-9.902466,0.43466187
1398519539071058104,1819451,1398519538647,-0.031417847,-9.815582,0.45489502
1398519539076429198,1819451,1398519538647,0.037612915,-9.877472,0.45846558
1398519539081067870,1819461,1398519538656,0.026901245,-9.885803,0.45846558
1398519539086408446,1819461,1398519538657,-0.009994507,-9.872711,0.4156189
1398519539091199706,1819471,1398519538667,0.0054779053,-9.842957,0.47631836
1398519539096601317,1819471,1398519538667,0.018569946,-9.877472,0.5239258
1398519539101270507,1819481,1398519538676,0.061416626,-9.831055,0.43704224
1398519539106641600,1819481,1398519538677,0.030471802,-9.877472,0.4406128
1398519539111402343,1819491,1398519538686,0.06022644,-9.9131775,0.43823242
1398519539116803954,1819491,1398519538687,0.011428833,-9.892944,0.41085815
1398519539121595214,1819502,1398519538697,0.035232544,-9.870331,0.44656372
1398519539126813720,1819502,1398519538697,-0.034988403,-9.853668,0.4239502
1398519539131599026,1819509,1398519538705,0.018569946,-9.846527,0.4810791
1398519539136756496,1819511,1398519538707,0.06855774,-9.847717,0.4144287
1398519539141913967,1819521,1398519538717,0.035232544,-9.850098,0.41918945
1398519539147346096,1819521,1398519538717,0.01499939,-9.883423,0.45013428
1398519539151954250,1819531,1398519538727,0.01499939,-9.883423,0.45013428
1398519539157386379,1819531,1398519538727,0.05189514,-9.846527,0.42990112
1398519539162055569,1819542,1398519538738,0.05189514,-9.846527,0.42990112
1398519539167914944,1819542,1398519538738,0.018569946,-9.8941345,0.49179077
1398519539171851711,1819551,1398519538746,0.018569946,-9.8941345,0.49179077
1398519539177070217,1819551,1398519538746,-0.044509888,-9.812012,0.45013428
1398519539183051662,1819562,1398519538758,0.06022644,-9.923889,0.45370483
1398519539188361721,1819562,1398519538758,0.023330688,-9.883423,0.42633057
1398519539192023830,1819569,1398519538765,0.04118347,-9.878662,0.48345947
1398519539197150784,1819571,1398519538767,-0.0028533936,-9.847717,0.4656067
1398519539202643948,1819582,1398519538778,0.050704956,-9.923889,0.47750854
1398519539208015041,1819582,1398519538778,0.037612915,-9.848907,0.4489441
1398519539212256985,1819591,1398519538787,0.07450867,-9.858429,0.49179077
1398519539217597561,1819591,1398519538787,0.020950317,-9.934601,0.40490723
1398519539222846584,1819602,1398519538798,-4.7302246E-4,-9.875092,0.41680908
1398519539228126125,1819602,1398519538798,-0.004043579,-9.872711,0.43823242
1398519539232368069,1819611,1398519538807,0.0042877197,-9.858429,0.51797485
1398519539237769680,1819612,1398519538807,0.02809143,-9.883423,0.43704224
1398519539243018704,1819622,1398519538818,0.018569946,-9.876282,0.4560852
1398519539248298245,1819622,1398519538818,0.042373657,-9.851288,0.3989563
1398519539252509670,1819631,1398519538827,-0.0028533936,-9.826294,0.4310913
1398519539257819729,1819632,1398519538827,0.06498718,-9.895325,0.37039185
1398519539263282375,1819642,1398519538838,0.061416626,-9.885803,0.4572754
1398519539268500881,1819643,1398519538838,0.06022644,-9.892944,0.46917725
1398519539272651272,1819651,1398519538847,0.019760132,-9.844147,0.50964355
1398519539277930813,1819652,1398519538847,0.022140503,-9.872711,0.46798706
1398519539283454495,1819663,1398519538858,0.032852173,-9.841766,0.45132446
1398519539288673000,1819663,1398519538858,0.0388031,-9.852478,0.44418335
1398519539292762356,1819672,1398519538867,-0.0076141357,-9.920319,0.44656372
1398519539297980862,1819672,1398519538867,0.023330688,-9.847717,0.4644165
1398519539303931789,1819683,1398519538879,0.04118347,-9.858429,0.44180298
1398519539309150295,1819683,1398519538879,-0.031417847,-9.839386,0.4310913
1398519539312842922,1819692,1398519538887,0.08641052,-9.840576,0.3977661
1398519539318000393,1819692,1398519538887,0.0054779053,-9.904846,0.47512817
1398519539324103909,1819702,1398519538898,0.043563843,-9.86795,0.4644165
1398519539328528957,1819702,1398519538898,0.020950317,-9.86795,0.42633057
1398519539332984524,1819708,1398519538903,0.06736755,-9.909607,0.47869873
1398519539338019924,1819713,1398519538909,0.07093811,-9.86319,0.45370483
1398519539343055325,1819718,1398519538914,0.043563843,-9.86557,0.47036743
1398519539348090725,1819723,1398519538919,0.029281616,-9.907227,0.42156982
1398519539353217678,1819732,1398519538928,0.01499939,-9.842957,0.40847778
1398519539358558254,1819732,1398519538928,0.035232544,-9.837006,0.43704224
1398519539363929348,1819743,1398519538939,0.006668091,-9.86319,0.38705444
1398519539369239407,1819743,1398519538939,0.0019073486,-9.892944,0.42514038
1398519539373328762,1819752,1398519538948,0.06498718,-9.870331,0.45132446
1398519539378608303,1819752,1398519538948,0.0471344,-9.86557,0.43704224
1398519539384315090,1819764,1398519538959,0.061416626,-9.907227,0.42514038
1398519539389625149,1819764,1398519538959,0.029281616,-9.8810425,0.47155762
1398519539393439846,1819772,1398519538968,0.05189514,-9.878662,0.48583984
1398519539398627834,1819772,1398519538968,0.032852173,-9.873901,0.41918945
1398519539404761868,1819784,1398519538980,0.04118347,-9.86557,0.37634277
1398519539409980373,1819784,1398519538980,0.032852173,-9.852478,0.44180298
1398519539413550930,1819791,1398519538986,0.032852173,-9.852478,0.44180298
1398519539418616848,1819793,1398519538988,0.0554657,-9.860809,0.44299316
1398519539424689846,1819804,1398519539000,0.026901245,-9.897705,0.473938
1398519539429938870,1819804,1398519539000,0.022140503,-9.869141,0.38586426
1398519539433692532,1819811,1398519539007,0.022140503,-9.869141,0.38586426
1398519539438911037,1819813,1398519539009,0.0554657,-9.872711,0.36801147
1398519539444373684,1819824,1398519539019,0.02809143,-9.840576,0.37872314
1398519539449592190,1819824,1398519539019,0.024520874,-9.904846,0.38586426
1398519539453986721,1819833,1398519539029,0.024520874,-9.904846,0.38586426
1398519539459327297,1819833,1398519539029,0.03642273,-9.86795,0.46679688
1398519539464515286,1819844,1398519539039,0.018569946,-9.8941345,0.47750854
1398519539469733791,1819844,1398519539039,-0.0052337646,-9.903656,0.47750854
1398519539474097805,1819853,1398519539049,0.01499939,-9.86676,0.36444092
1398519539479499416,1819853,1398519539049,0.03642273,-9.86438,0.4394226
1398519539484687405,1819864,1398519539060,0.022140503,-9.875092,0.3989563
1398519539489966946,1819864,1398519539060,0.06022644,-9.895325,0.49893188
1398519539494269924,1819873,1398519539069,0.016189575,-9.896515,0.42037964
1398519539499641018,1819873,1398519539069,0.016189575,-9.870331,0.46322632
1398519539504798489,1819884,1398519539080,0.030471802,-9.858429,0.47750854
1398519539510108547,1819884,1398519539080,0.023330688,-9.854858,0.4477539
1398519539514289455,1819889,1398519539085,0.063797,-9.877472,0.4727478
1398519539519294338,1819895,1398519539090,-0.0135650635,-9.845337,0.45251465
1398519539524329739,1819899,1398519539095,0.037612915,-9.903656,0.3834839
1398519539529487209,1819908,1398519539104,0.023330688,-9.871521,0.4394226
1398519539534858303,1819909,1398519539104,-0.0028533936,-9.876282,0.40490723
1398519539539558010,1819919,1398519539114,0.01737976,-9.870331,0.46203613
1398519539544959621,1819919,1398519539114,0.05189514,-9.886993,0.38705444
1398519539549628811,1819929,1398519539124,0.06260681,-9.852478,0.40966797
1398519539554999905,1819929,1398519539124,0.01737976,-9.8941345,0.39300537
1398519539560187893,1819939,1398519539135,0.039993286,-9.888184,0.44418335
1398519539565406399,1819941,1398519539136,0.012619019,-9.901276,0.42276
1398519539569648342,1819947,1398519539142,0.0471344,-9.872711,0.44299316
1398519539574683743,1819948,1398519539144,0.01737976,-9.895325,0.45251465
1398519539579871731,1819959,1398519539155,-0.004043579,-9.8810425,0.3894348
1398519539585273342,1819959,1398519539155,0.042373657,-9.86319,0.4156189
1398519539590064602,1819969,1398519539165,0.030471802,-9.8298645,0.43704224
1398519539595466213,1819969,1398519539165,0.016189575,-9.847717,0.46917725
1398519539600135403,1819979,1398519539175,0.009048462,-9.898895,0.45489502
1398519539605537014,1819979,1398519539175,0.006668091,-9.837006,0.53463745
1398519539610236721,1819989,1398519539185,0.039993286,-9.93103,0.4656067
1398519539615668850,1819991,1398519539186,0.018569946,-9.833435,0.4072876
1398519539620002346,1819997,1398519539193,0.053085327,-9.886993,0.42871094
1398519539625190334,1819999,1398519539194,0.01737976,-9.872711,0.4656067
1398519539630652981,1820010,1398519539206,0.06260681,-9.845337,0.45370483
1398519539635932522,1820010,1398519539206,0.08403015,-9.86438,0.48703003
1398519539640296536,1820019,1398519539215,0.023330688,-9.844147,0.46679688
1398519539645667629,1820019,1398519539215,0.0030975342,-9.872711,0.42514038
1398519539650825100,1820030,1398519539226,0.06736755,-9.86438,0.45846558
1398519539656104641,1820030,1398519539226,0.05189514,-9.850098,0.46917725
1398519539660407620,1820039,1398519539235,0.04951477,-9.875092,0.37039185
1398519539665778713,1820041,1398519539236,0.03642273,-9.869141,0.4072876
1398519539670478420,1820049,1398519539245,0.063797,-9.872711,0.42514038
1398519539675788479,1820050,1398519539245,7.171631E-4,-9.850098,0.42276
1398519539681129055,1820061,1398519539257,-0.0052337646,-9.947693,0.47036743
1398519539686408596,1820061,1398519539257,0.06022644,-9.837006,0.42037964
1398519539690497952,1820068,1398519539263,0.023330688,-9.807251,0.42990112
1398519539695624905,1820069,1398519539265,0.035232544,-9.883423,0.40133667
1398519539700568752,1820075,1398519539270,0.07093811,-9.919128,0.42752075
1398519539705634670,1820080,1398519539276,0.013809204,-9.854858,0.4644165
1398519539710639553,1820084,1398519539280,0.053085327,-9.907227,0.4156189
1398519539715674954,1820089,1398519539285,0.0042877197,-9.901276,0.45013428
1398519539720710354,1820094,1398519539290,0.012619019,-9.853668,0.473938
1398519539725745754,1820099,1398519539295,0.032852173,-9.915558,0.4489441
1398519539730781155,1820105,1398519539300,0.032852173,-9.871521,0.39657593
1398519539735816555,1820110,1398519539306,0.026901245,-9.888184,0.45489502
1398519539740851955,1820115,1398519539310,0.059036255,-9.826294,0.42633057
1398519539745887356,1820119,1398519539315,0.010238647,-9.915558,0.47512817
1398519539750922756,1820125,1398519539320,0.053085327,-9.825104,0.44180298
1398519539755958157,1820130,1398519539326,0.016189575,-9.884613,0.4882202
1398519539760993557,1820135,1398519539330,0.031661987,-9.882233,0.43466187
1398519539766028957,1820143,1398519539339,0.030471802,-9.838196,0.35849
1398519539771064358,1820144,1398519539340,0.039993286,-9.882233,0.41680908
1398519539776099758,1820149,1398519539345,0.013809204,-9.854858,0.37039185
1398519539781043606,1820154,1398519539349,0.019760132,-9.858429,0.40490723
1398519539786109524,1820159,1398519539354,-0.0135650635,-9.938171,0.37872314
1398519539791663723,1820168,1398519539363,0.032852173,-9.908417,0.43823242
1398519539796241360,1820169,1398519539365,0.022140503,-9.898895,0.46798706
1398519539801734524,1820180,1398519539375,0.01499939,-9.86319,0.43585205
1398519539806403713,1820180,1398519539375,-0.009994507,-9.857239,0.49298096
1398519539811805325,1820190,1398519539385,-0.004043579,-9.9131775,0.46203613
1398519539816474514,1820190,1398519539385,0.019760132,-9.869141,0.44537354
1398519539821876125,1820200,1398519539395,-0.004043579,-9.911987,0.46322632
1398519539826545315,1820200,1398519539395,0.04118347,-9.856049,0.42752075
1398519539831946926,1820210,1398519539405,0.0388031,-9.8619995,0.41085815
1398519539836616116,1820210,1398519539405,0.02571106,-9.9131775,0.47988892
1398519539842017727,1820220,1398519539415,0.03642273,-9.838196,0.40966797
1398519539846686916,1820220,1398519539416,-0.0028533936,-9.886993,0.43704224
1398519539852088528,1820230,1398519539425,0.030471802,-9.871521,0.42037964
1398519539856757717,1820230,1398519539425,0.0019073486,-9.816772,0.42037964
1398519539862159329,1820240,1398519539436,-0.05760193,-9.903656,0.43585205
1398519539866828518,1820240,1398519539436,0.0019073486,-9.878662,0.4394226
1398519539872230129,1820250,1398519539446,0.042373657,-9.872711,0.52511597
1398519539876899319,1820250,1398519539446,0.056655884,-9.889374,0.4322815
1398519539882300930,1820260,1398519539456,0.020950317,-9.8810425,0.4310913
1398519539886970120,1820260,1398519539456,0.012619019,-9.837006,0.41323853
1398519539892371731,1820270,1398519539466,0.029281616,-9.903656,0.39657593
1398519539897040920,1820270,1398519539466,-0.008804321,-9.8298645,0.3822937
1398519539902442532,1820280,1398519539476,-0.026657104,-9.857239,0.40252686
1398519539907111721,1820280,1398519539476,0.0471344,-9.854858,0.4810791
1398519539912513332,1820290,1398519539486,0.02571106,-9.8298645,0.43585205
1398519539917182522,1820290,1398519539486,0.026901245,-9.86676,0.43704224
1398519539922584133,1820300,1398519539496,0.02571106,-9.86795,0.39300537
1398519539927253323,1820300,1398519539496,0.01499939,-9.86319,0.4572754
1398519539932654934,1820311,1398519539506,0.016189575,-9.86676,0.47036743
1398519539937324123,1820311,1398519539506,0.03642273,-9.8619995,0.40490723
1398519539942708283,1820321,1398519539517,-0.004043579,-9.804871,0.4965515
1398519539947469025,1820321,1398519539517,0.018569946,-9.895325,0.4882202
1398519539952687531,1820331,1398519539527,-0.029037476,-9.883423,0.42752075
1398519539957509308,1820331,1398519539527,-0.011184692,-9.870331,0.5001221
1398519539962788849,1820343,1398519539539,0.031661987,-9.876282,0.4322815
1398519539967580109,1820343,1398519539539,0.016189575,-9.888184,0.42633057
1398519539972493439,1820346,1398519539542,0.022140503,-9.86676,0.44418335
1398519539977528839,1820352,1398519539547,0.04475403,-9.885803,0.41799927
1398519539982564240,1820362,1398519539558,0.04118347,-9.842957,0.390625
1398519539987599640,1820362,1398519539558,0.023330688,-9.878662,0.4322815
1398519539992635041,1820367,1398519539562,0.0042877197,-9.875092,0.47036743
1398519539997670441,1820423,1398519539619,0.08403015,-9.875092,0.42037964
1398519540002705841,1820424,1398519539619,0.010238647,-9.878662,0.43466187
1398519540007710724,1820424,1398519539619,0.0554657,-9.871521,0.49417114
1398519540012746125,1820424,1398519539620,0.016189575,-9.897705,0.41918945
1398519540017812043,1820424,1398519539620,0.03642273,-9.871521,0.42156982
1398519540022847443,1820424,1398519539620,-0.0028533936,-9.853668,0.40133667
1398519540027882843,1820425,1398519539620,-0.018325806,-9.9131775,0.38467407
1398519540032918244,1820425,1398519539620,0.012619019,-9.872711,0.4322815
1398519540037953644,1820425,1398519539620,0.031661987,-9.914368,0.4977417
1398519540042989044,1820425,1398519539621,-0.03617859,-9.916748,0.40490723
1398519540048024445,1820425,1398519539621,0.023330688,-9.860809,0.5239258
1398519540053059845,1820485,1398519539680,0.0471344,-9.890564,0.48703003
1398519540058095246,1820485,1398519539681,-0.001663208,-9.902466,0.4656067
1398519540063130646,1820485,1398519539681,0.011428833,-9.909607,0.47155762
1398519540068166046,1820485,1398519539681,0.054275513,-9.8810425,0.4656067
1398519540073109894,1820486,1398519539681,0.04475403,-9.908417,0.4644165
1398519540078114777,1820486,1398519539681,0.030471802,-9.86557,0.41680908
1398519540083150177,1820486,1398519539681,0.042373657,-9.819153,0.45132446
1398519540088185578,1820486,1398519539682,-0.001663208,-9.86438,0.39657593
1398519540093220978,1820486,1398519539682,0.009048462,-9.86795,0.3822937
1398519540098256378,1820486,1398519539682,-0.008804321,-9.850098,0.40133667
1398519540103291779,1820487,1398519539682,0.045944214,-9.882233,0.42037964
1398519540108327179,1820487,1398519539683,0.02809143,-9.825104,0.4560852
1398519540113362580,1820487,1398519539683,0.031661987,-9.890564,0.41323853
1398519540118397980,1820491,1398519539687,0.019760132,-9.909607,0.44180298
1398519540123433380,1820497,1398519539692,0.06855774,-9.840576,0.4810791
1398519540128468781,1820502,1398519539697,0.0471344,-9.86319,0.43585205
1398519540133504181,1820507,1398519539702,-0.018325806,-9.888184,0.44180298
1398519540138539582,1820512,1398519539707,-0.009994507,-9.888184,0.47036743
1398519540143574982,1820517,1398519539712,0.01499939,-9.859619,0.45965576
1398519540148610382,1820522,1398519539717,0.01499939,-9.858429,0.41680908
1398519540153706818,1820527,1398519539722,0.05784607,-9.872711,0.39538574
1398519540158681183,1820532,1398519539727,7.171631E-4,-9.845337,0.40847778
1398519540163716584,1820537,1398519539732,0.024520874,-9.919128,0.3918152
1398519540168751984,1820542,1398519539737,0.053085327,-9.902466,0.46322632
1398519540173787384,1820547,1398519539742,0.0042877197,-9.86676,0.49536133
1398519540178822785,1820552,1398519539747,-0.00642395,-9.879852,0.46917725
1398519540183858185,1820557,1398519539752,-0.0052337646,-9.876282,0.51083374
1398519540188893585,1820562,1398519539758,-0.015945435,-9.844147,0.5120239
1398519540193928986,1820567,1398519539763,0.010238647,-9.814392,0.45013428
1398519540198964386,1820572,1398519539768,0.024520874,-9.86438,0.43823242
1398519540203999787,1820577,1398519539773,0.06855774,-9.810822,0.46679688
1398519540209035187,1820582,1398519539778,0.02809143,-9.856049,0.47155762
1398519540214070587,1820587,1398519539783,0.0054779053,-9.884613,0.4477539
1398519540219105988,1820592,1398519539788,0.0042877197,-9.857239,0.38467407
1398519540224141388,1820597,1398519539793,-0.008804321,-9.871521,0.4406128
1398519540229176789,1820603,1398519539799,0.06736755,-9.859619,0.45965576
1398519540234212189,1820608,1398519539803,0.020950317,-9.86557,0.42514038
1398519540239278107,1820613,1398519539808,0.050704956,-9.851288,0.42990112
1398519540244282990,1820617,1398519539813,0.05189514,-9.910797,0.44299316
1398519540249318390,1820623,1398519539818,-0.001663208,-9.8941345,0.3668213
1398519540254353791,1820628,1398519539823,0.016189575,-9.845337,0.46679688
1398519540259389191,1820633,1398519539828,0.042373657,-9.860809,0.4572754
1398519540264424591,1820638,1398519539833,0.01737976,-9.878662,0.47036743
1398519540269459992,1820643,1398519539838,0.042373657,-9.852478,0.52630615
1398519540274495392,1820648,1398519539843,0.06260681,-9.897705,0.45846558
1398519540279530793,1820653,1398519539848,0.02571106,-9.838196,0.4322815
1398519540284566193,1820658,1398519539853,0.024520874,-9.914368,0.5132141
1398519540289601593,1820663,1398519539858,-0.00642395,-9.885803,0.45489502
1398519540294636994,1820668,1398519539863,0.054275513,-9.875092,0.42037964
1398519540299672394,1820673,1398519539868,0.019760132,-9.885803,0.48464966
1398519540304707794,1820678,1398519539873,0.042373657,-9.859619,0.4977417
1398519540309743195,1820683,1398519539878,7.171631E-4,-9.845337,0.41799927
1398519540314778595,1820688,1398519539883,0.009048462,-9.892944,0.390625
1398519540319813996,1820693,1398519539888,-0.004043579,-9.833435,0.41918945
1398519540324849396,1820698,1398519539893,0.045944214,-9.837006,0.40014648
1398519540329884796,1820703,1398519539898,0.018569946,-9.876282,0.4477539
1398519540334920197,1820708,1398519539904,0.039993286,-9.817963,0.39538574
1398519540339955597,1820713,1398519539909,-0.014755249,-9.886993,0.4977417
1398519540344990998,1820718,1398519539914,0.023330688,-9.860809,0.4656067
1398519540350026398,1820723,1398519539919,0.006668091,-9.895325,0.44537354
1398519540355061798,1820728,1398519539924,0.011428833,-9.884613,0.44418335
1398519540360127716,1820733,1398519539929,-0.008804321,-9.846527,0.3834839
1398519540365254669,1820738,1398519539934,0.01499939,-9.879852,0.46798706
1398519540370229035,1820743,1398519539939,0.039993286,-9.815582,0.41323853
1398519540375203400,1820748,1398519539944,0.023330688,-9.885803,0.42276
1398519540380238800,1820753,1398519539949,0.05189514,-9.873901,0.46798706
1398519540385274201,1820758,1398519539954,0.037612915,-9.884613,0.43704224
1398519540390309601,1820763,1398519539959,-0.0052337646,-9.898895,0.41918945
1398519540395345002,1820768,1398519539964,-0.012374878,-9.870331,0.46917725
1398519540400380402,1820773,1398519539969,-0.004043579,-9.842957,0.53463745
1398519540405415802,1820778,1398519539974,0.072128296,-9.876282,0.37634277
1398519540410451203,1820786,1398519539981,0.023330688,-9.859619,0.40490723
1398519540415486603,1820789,1398519539984,0.091171265,-9.8810425,0.42156982
1398519540420522003,1820794,1398519539989,0.0030975342,-9.86557,0.42752075
1398519540425557404,1820799,1398519539994,7.171631E-4,-9.817963,0.42633057
1398519540430623322,1820804,1398519539999,0.024520874,-9.883423,0.4644165
1398519540435658722,1820809,1398519540004,0.019760132,-9.859619,0.4656067
1398519540440694123,1820814,1398519540009,0.010238647,-9.846527,0.4394226
1398519540445729523,1820819,1398519540015,-0.0028533936,-9.879852,0.44418335
1398519540450764923,1820824,1398519540020,0.01737976,-9.877472,0.48464966
1398519540455800324,1820829,1398519540025,0.04951477,-9.856049,0.47512817
1398519540460835724,1820838,1398519540033,0.08998108,-9.844147,0.4489441
1398519540465871125,1820839,1398519540035,0.007858276,-9.886993,0.45370483
1398519540470906525,1820846,1398519540042,-0.004043579,-9.897705,0.4560852
1398519540475941925,1820852,1398519540047,0.061416626,-9.859619,0.4560852
1398519540481038361,1820856,1398519540052,0.019760132,-9.890564,0.3918152
1398519540486073761,1820860,1398519540056,0.03642273,-9.885803,0.4560852
1398519540491505890,1820867,1398519540063,0.02809143,-9.851288,0.4239502
1398519540496205597,1820870,1398519540066,0.045944214,-9.925079,0.45251465
1398519540501607209,1820879,1398519540074,0.061416626,-9.872711,0.46917725
1398519540506337433,1820882,1398519540077,0.056655884,-9.859619,0.4310913
1398519540511250763,1820888,1398519540084,0.006668091,-9.897705,0.43585205
1398519540516377716,1820890,1398519540086,0.0054779053,-9.882233,0.4322815
1398519540521748810,1820899,1398519540094,-0.004043579,-9.810822,0.45489502
1398519540526479035,1820900,1398519540096,0.023330688,-9.869141,0.45132446
1398519540531789093,1820909,1398519540104,0.0042877197,-9.86557,0.4322815
1398519540536519318,1820910,1398519540106,-0.043319702,-9.93103,0.52511597
1398519540541859894,1820919,1398519540114,-0.0135650635,-9.8810425,0.48345947
1398519540546590119,1820920,1398519540116,0.016189575,-9.857239,0.45846558
1398519540551961212,1820929,1398519540125,0.042373657,-9.883423,0.5132141
1398519540556691437,1820932,1398519540127,0.007858276,-9.841766,0.40014648
1398519540561665802,1820939,1398519540134,0.012619019,-9.872711,0.4144287
1398519540566731720,1820942,1398519540137,0.030471802,-9.86676,0.45489502
1398519540571675568,1820951,1398519540146,0.053085327,-9.870331,0.44656372
1398519540576710968,1820951,1398519540146,0.010238647,-9.835815,0.5048828
1398519540581746369,1820956,1398519540151,0.032852173,-9.850098,0.37634277
1398519540586781769,1820962,1398519540157,0.016189575,-9.889374,0.4882202
1398519540591878205,1820969,1398519540165,0.019760132,-9.850098,0.47750854
1398519540596944123,1820971,1398519540167,0.007858276,-9.885803,0.45251465
1398519540602193146,1820979,1398519540175,0.009048462,-9.837006,0.47869873
1398519540607014923,1820981,1398519540177,-0.011184692,-9.857239,0.41680908
1398519540612202912,1820989,1398519540185,0.023330688,-9.834625,0.41799927
1398519540617116242,1820991,1398519540187,-0.011184692,-9.869141,0.46203613
1398519540622395783,1821000,1398519540195,0.039993286,-9.903656,0.40490723
1398519540627156525,1821001,1398519540196,0.024520874,-9.857239,0.4477539
1398519540632527619,1821010,1398519540205,-0.0135650635,-9.804871,0.55010986
1398519540637227326,1821011,1398519540207,0.020950317,-9.873901,0.47036743
1398519540642415314,1821019,1398519540215,0.012619019,-9.885803,0.40371704
1398519540647328644,1821021,1398519540217,0.019760132,-9.8619995,0.4572754
1398519540652638703,1821031,1398519540227,0.006668091,-9.884613,0.42871094
1398519540657399445,1821031,1398519540227,0.013809204,-9.898895,0.40966797
1398519540662648468,1821041,1398519540237,-0.001663208,-9.838196,0.4894104
1398519540667470246,1821041,1398519540237,0.035232544,-9.823914,0.40490723
1398519540672780304,1821051,1398519540247,0.02809143,-9.8619995,0.37872314
1398519540677541046,1821052,1398519540247,-0.023086548,-9.851288,0.39538574
1398519540682851105,1821061,1398519540257,0.072128296,-9.86319,0.4406128
1398519540687581330,1821062,1398519540257,0.035232544,-9.870331,0.43585205
1398519540692921906,1821070,1398519540266,0.059036255,-9.889374,0.4977417
1398519540697652130,1821072,1398519540267,0.0554657,-9.828674,0.45251465
1398519540702901154,1821082,1398519540277,0.022140503,-9.892944,0.43704224
1398519540707753449,1821082,1398519540277,0.029281616,-9.835815,0.40966797
1398519540713063507,1821091,1398519540286,-0.021896362,-9.873901,0.39657593
1398519540717824250,1821092,1398519540287,0.006668091,-9.915558,0.4572754
1398519540723164826,1821101,1398519540296,0.053085327,-9.886993,0.48345947
1398519540727895050,1821102,1398519540297,-0.009994507,-9.885803,0.34301758
1398519540733235627,1821110,1398519540306,0.050704956,-9.86676,0.33706665
1398519540737935334,1821112,1398519540308,0.030471802,-9.852478,0.4489441
1398519540743123322,1821120,1398519540316,0.050704956,-9.842957,0.4156189
1398519540748036652,1821122,1398519540318,0.035232544,-9.857239,0.38586426
1398519540753346710,1821130,1398519540326,0.006668091,-9.842957,0.48703003
1398519540758107453,1821132,1398519540328,0.01737976,-9.857239,0.45965576
1398519540763356476,1821140,1398519540336,0.059036255,-9.831055,0.38824463
1398519540768178253,1821142,1398519540338,0.045944214,-9.857239,0.49179077
1398519540773488312,1821153,1398519540349,-0.014755249,-9.856049,0.45846558
1398519540778249054,1821153,1398519540349,0.022140503,-9.888184,0.39538574
1398519540783162384,1821157,1398519540353,0.02571106,-9.860809,0.46322632
1398519540788197785,1821163,1398519540359,0.010238647,-9.870331,0.43823242
1398519540793233185,1821168,1398519540364,0.039993286,-9.844147,0.33706665
1398519540798268585,1821174,1398519540370,0.0030975342,-9.823914,0.43704224
1398519540803303986,1821178,1398519540374,0.01499939,-9.873901,0.43704224
1398519540808339386,1821186,1398519540381,0.007858276,-9.853668,0.4489441
1398519540813374787,1821187,1398519540383,0.022140503,-9.883423,0.4144287
1398519540819691925,1821199,1398519540395,0.0471344,-9.886993,0.46084595
1398519540824971466,1821199,1398519540395,0.012619019,-9.845337,0.40966797
1398519540828480988,1821204,1398519540399,0.012619019,-9.845337,0.40966797
1398519540833546906,1821213,1398519540408,-0.009994507,-9.857239,0.44418335
1398519540838795929,1821213,1398519540408,0.018569946,-9.882233,0.44537354
1398519540844655304,1821224,1398519540420,0.029281616,-9.883423,0.45132446
1398519540849965363,1821224,1398519540420,0.08760071,-9.902466,0.39300537
1398519540853688507,1821231,1398519540427,0.08760071,-9.902466,0.39300537
1398519540858845978,1821233,1398519540429,0.035232544,-9.890564,0.45132446
1398519540864339142,1821244,1398519540439,-0.021896362,-9.891754,0.42752075
1398519540869618683,1821244,1398519540440,0.006668091,-9.846527,0.4977417
1398519540873952179,1821253,1398519540449,0.006668091,-9.846527,0.4977417
1398519540879292755,1821253,1398519540449,0.018569946,-9.92984,0.45013428
1398519540884541779,1821264,1398519540459,0.012619019,-9.934601,0.40133667
1398519540889760285,1821264,1398519540460,0.022140503,-9.882233,0.36920166
1398519540894063263,1821273,1398519540469,0.022140503,-9.882233,0.36920166
1398519540899403839,1821273,1398519540469,0.01499939,-9.891754,0.41204834
1398519540904713898,1821284,1398519540480,0.018569946,-9.850098,0.5001221
1398519540909932404,1821284,1398519540480,-0.025466919,-9.914368,0.4572754
1398519540914204865,1821293,1398519540489,0.07926941,-9.895325,0.43585205
1398519540919545441,1821293,1398519540489,0.037612915,-9.846527,0.4406128
1398519540924763947,1821304,1398519540500,0.026901245,-9.86557,0.42871094
1398519540929982453,1821304,1398519540500,0.069747925,-9.890564,0.5286865
1398519540934346466,1821313,1398519540509,0.0388031,-9.832245,0.43585205
1398519540939687043,1821314,1398519540509,0.020950317,-9.858429,0.4322815
1398519540944295197,1821319,1398519540515,0.02571106,-9.828674,0.4144287
1398519540949330597,1821327,1398519540522,0.024520874,-9.916748,0.47631836
1398519540954365998,1821328,1398519540524,0.026901245,-9.857239,0.44418335
1398519540959523468,1821339,1398519540534,0.07450867,-9.914368,0.47988892
1398519540964925080,1821339,1398519540534,0.037612915,-9.80249,0.39419556
1398519540969624787,1821349,1398519540544,0.03404236,-9.8298645,0.42514038
1398519540975056916,1821349,1398519540545,0.050704956,-9.885803,0.3894348
1398519540979665070,1821359,1398519540555,0.011428833,-9.882233,0.46322632
1398519540985097199,1821359,1398519540555,0.061416626,-9.854858,0.47750854
1398519540990224152,1821371,1398519540566,0.07926941,-9.875092,0.4060974
1398519540995503693,1821371,1398519540566,0.012619019,-9.8619995,0.42156982
1398519540999684601,1821377,1398519540572,-0.009994507,-9.86557,0.5072632
1398519541004720002,1821378,1398519540574,0.016189575,-9.845337,0.4560852
1398519541010152130,1821390,1398519540585,0.0042877197,-9.853668,0.43347168
1398519541015431671,1821390,1398519540585,0.039993286,-9.851288,0.48464966
1398519541019978791,1821399,1398519540595,0.06022644,-9.854858,0.43347168
1398519541025349884,1821399,1398519540595,0.042373657,-9.873901,0.4656067
1398519541030507355,1821410,1398519540606,0.03642273,-9.821533,0.42990112
1398519541035695343,1821410,1398519540606,0.031661987,-9.875092,0.4144287
1398519541040089875,1821419,1398519540615,0.011428833,-9.876282,0.48703003
1398519541045430451,1821419,1398519540615,-0.015945435,-9.812012,0.34301758
1398519541050191193,1821429,1398519540625,0.063797,-9.873901,0.5036926
1398519541055501252,1821429,1398519540625,-0.008804321,-9.882233,0.45846558
1398519541060689240,1821440,1398519540636,0.063797,-9.860809,0.4156189
1398519541065877228,1821440,1398519540636,0.018569946,-9.871521,0.3751526
1398519541070302277,1821449,1398519540645,0.024520874,-9.806061,0.47036743
1398519541075673371,1821450,1398519540645,0.04951477,-9.8810425,0.47750854
1398519541080861359,1821460,1398519540656,-0.0135650635,-9.812012,0.41799927
1398519541086079865,1821460,1398519540656,0.023330688,-9.886993,0.5072632
1398519541090443878,1821471,1398519540666,0.026901245,-9.840576,0.40847778
1398519541095814972,1821471,1398519540666,-0.021896362,-9.8298645,0.40847778
1398519541100514679,1821480,1398519540675,0.029281616,-9.833435,0.45251465
1398519541105824738,1821480,1398519540675,7.171631E-4,-9.911987,0.45370483
1398519541111134796,1821491,1398519540686,0.0042877197,-9.872711,0.4060974
1398519541116475373,1821491,1398519540686,0.009048462,-9.877472,0.4560852
1398519541120564728,1821500,1398519540695,0.026901245,-9.888184,0.40847778
1398519541125783234,1821500,1398519540695,0.031661987,-9.844147,0.3894348
1398519541131337433,1821511,1398519540706,0.02809143,-9.858429,0.4965515
1398519541136616974,1821511,1398519540706,0.024520874,-9.891754,0.47750854
1398519541140797882,1821521,1398519540717,0.039993286,-9.8810425,0.5203552
1398519541146107941,1821521,1398519540717,0.0054779053,-9.890564,0.46203613
1398519541150777130,1821530,1398519540725,0.053085327,-9.856049,0.47750854
1398519541156026154,1821530,1398519540726,-0.008804321,-9.848907,0.44180298
1398519541161610871,1821541,1398519540737,0.024520874,-9.825104,0.40490723
1398519541166890412,1821541,1398519540737,0.018569946,-9.827484,0.44656372
1398519541170949250,1821550,1398519540746,0.018569946,-9.827484,0.44656372
1398519541176198273,1821550,1398519540746,0.01737976,-9.844147,0.42156982
1398519541181782990,1821561,1398519540757,-0.001663208,-9.884613,0.4572754
1398519541186970978,1821561,1398519540757,0.056655884,-9.8619995,0.4477539
1398519541191060334,1821571,1398519540767,0.056655884,-9.8619995,0.4477539
1398519541196278839,1821571,1398519540767,0.05189514,-9.845337,0.46322632
1398519541201222687,1821581,1398519540777,0.020950317,-9.870331,0.36444092
1398519541206624298,1821581,1398519540777,0.023330688,-9.940552,0.3822937
1398519541211293488,1821591,1398519540786,0.035232544,-9.906036,0.47988892
1398519541216695099,1821591,1398519540787,0.006668091,-9.871521,0.44299316
1398519541221425324,1821601,1398519540796,0.016189575,-9.857239,0.4572754
1398519541226887970,1821601,1398519540797,0.019760132,-9.858429,0.40133667
1398519541231831818,1821611,1398519540807,-0.0135650635,-9.884613,0.46084595
1398519541237019806,1821611,1398519540807,0.02809143,-9.834625,0.48583984
1398519541241536408,1821622,1398519540817,0.012619019,-9.875092,0.3894348
1398519541246938019,1821622,1398519540818,0.050704956,-9.80011,0.3977661
1398519541251485138,1821631,1398519540826,0.020950317,-9.860809,0.45370483
1398519541256734162,1821631,1398519540827,0.01499939,-9.86557,0.41323853
1398519541262135773,1821642,1398519540838,-0.025466919,-9.870331,0.42752075
1398519541267598419,1821642,1398519540838,-0.0028533936,-9.834625,0.36325073
1398519541271596222,1821647,1398519540843,0.01737976,-9.910797,0.42037964
1398519541276631623,1821650,1398519540846,0.03642273,-9.873901,0.4822693
1398519541282948761,1821663,1398519540858,0.06617737,-9.907227,0.43466187
1398519541288319855,1821663,1398519540858,0.0030975342,-9.958405,0.4156189
1398519541291768341,1821669,1398519540864,0.026901245,-9.8619995,0.44656372
1398519541296773224,1821671,1398519540866,0.043563843,-9.842957,0.3501587
1398519541303090363,1821683,1398519540878,-0.012374878,-9.806061,0.5370178
1398519541308369904,1821683,1398519540878,0.026901245,-9.882233,0.39300537
1398519541311879425,1821689,1398519540885,0.061416626,-9.838196,0.46084595
1398519541316914826,1821691,1398519540887,-0.011184692,-9.834625,0.43704224
1398519541322987824,1821703,1398519540898,0.006668091,-9.888184,0.3739624
1398519541327351837,1821703,1398519540899,0.06260681,-9.850098,0.43466187
1398519541332021027,1821709,1398519540905,-0.024276733,-9.885803,0.41918945
1398519541337056427,1821711,1398519540906,0.05784607,-9.872711,0.37872314
1398519541343373566,1821723,1398519540918,0.061416626,-9.840576,0.39538574
1398519541348561554,1821723,1398519540918,0.018569946,-9.871521,0.44537354
1398519541352193146,1821731,1398519540927,0.091171265,-9.854858,0.4239502
1398519541357320099,1821731,1398519540927,0.009048462,-9.889374,0.40133667
1398519541363026886,1821742,1398519540938,0.06855774,-9.8619995,0.40371704
1398519541368001252,1821742,1398519540938,0.0019073486,-9.891754,0.46679688
1398519541372426300,1821752,1398519540948,0.032852173,-9.852478,0.3001709
1398519541378011017,1821752,1398519540948,0.029281616,-9.875092,0.4560852
1398519541382649689,1821762,1398519540958,0.061416626,-9.86319,0.41085815
1398519541388081818,1821762,1398519540958,0.0554657,-9.879852,0.44180298
1398519541392720490,1821772,1398519540968,0.013809204,-9.789398,0.4977417
1398519541398000031,1821772,1398519540968,0.053085327,-9.875092,0.44418335
1398519541402760773,1821782,1398519540978,0.072128296,-9.854858,0.45132446
1398519541408192902,1821782,1398519540978,-0.004043579,-9.845337,0.3168335
1398519541412892609,1821792,1398519540988,-0.00642395,-9.901276,0.5001221
1398519541418172150,1821792,1398519540988,0.0030975342,-9.86795,0.40847778
1398519541422932892,1821802,1398519540998,0.018569946,-9.869141,0.47155762
1398519541428365021,1821802,1398519540998,0.04951477,-9.86676,0.45965576
1398519541433064728,1821812,1398519541008,-4.7302246E-4,-9.904846,0.44418335
1398519541438344269,1821813,1398519541008,0.02571106,-9.869141,0.42037964
1398519541442952423,1821822,1398519541018,0.012619019,-9.86557,0.43704224
1398519541448415070,1821823,1398519541018,0.02809143,-9.896515,0.4144287
1398519541453175812,1821833,1398519541028,0.02809143,-9.896515,0.4144287
1398519541458485871,1821833,1398519541028,0.031661987,-9.889374,0.44656372
1398519541463155060,1821843,1398519541038,0.031661987,-9.889374,0.44656372
1398519541468556671,1821843,1398519541038,0.01737976,-9.840576,0.40847778
1398519541473470002,1821853,1398519541048,0.023330688,-9.812012,0.39657593
1398519541478688507,1821853,1398519541049,0.02571106,-9.852478,0.473938
1398519541483205109,1821863,1398519541058,0.053085327,-9.837006,0.46798706
1398519541488606720,1821863,1398519541058,0.031661987,-9.904846,0.40966797
1398519541493764191,1821873,1398519541069,0.020950317,-9.841766,0.4656067
1398519541498982697,1821873,1398519541069,0.050704956,-9.890564,0.46679688
1398519541503346710,1821883,1398519541078,0.030471802,-9.847717,0.5048828
1398519541508687287,1821883,1398519541078,0.024520874,-9.872711,0.42037964
1398519541514058380,1821893,1398519541089,0.019760132,-9.886993,0.43823242
1398519541519246369,1821894,1398519541089,0.0054779053,-9.890564,0.42037964
1398519541523457794,1821903,1398519541098,-0.0135650635,-9.873901,0.46679688
1398519541528737335,1821903,1398519541098,0.035232544,-9.886993,0.42633057
1398519541534413605,1821915,1398519541110,0.031661987,-9.914368,0.40371704
1398519541539693146,1821915,1398519541110,0.043563843,-9.858429,0.4156189
1398519541543746211,1821919,1398519541114,0.016189575,-9.828674,0.41085815
1398519541548903682,1821928,1398519541123,0.0042877197,-9.907227,0.42037964
1398519541554305293,1821928,1398519541124,0.072128296,-9.883423,0.4477539
1398519541559493282,1821939,1398519541134,-0.0135650635,-9.825104,0.40847778
1398519541564772823,1821939,1398519541134,0.054275513,-9.906036,0.51083374
1398519541569075801,1821948,1398519541144,0.07807922,-9.906036,0.44180298
1398519541574446895,1821948,1398519541144,0.01737976,-9.814392,0.4977417
1398519541579604366,1821959,1398519541154,0.016189575,-9.839386,0.4572754
1398519541584914424,1821959,1398519541155,0.0388031,-9.86319,0.39300537
1398519541589217403,1821968,1398519541164,0.07569885,-9.872711,0.5405884
1398519541594588496,1821968,1398519541164,0.039993286,-9.871521,0.47988892
1398519541599745967,1821979,1398519541175,0.007858276,-9.825104,0.43704224
1398519541605056026,1821979,1398519541175,0.04475403,-9.837006,0.46798706
1398519541609359004,1821988,1398519541184,0.0019073486,-9.9131775,0.46084595
1398519541614699580,1821988,1398519541184,0.011428833,-9.869141,0.36920166
1398519541619918086,1821999,1398519541195,-4.7302246E-4,-9.876282,0.4072876
1398519541625136592,1821999,1398519541195,0.010238647,-9.876282,0.39300537
1398519541629500606,1822008,1398519541204,0.035232544,-9.86795,0.45370483
1398519541634841182,1822009,1398519541204,0.024520874,-9.853668,0.45251465
1398519541640059688,1822019,1398519541215,-0.0076141357,-9.86676,0.4144287
1398519541645278194,1822019,1398519541215,-0.019515991,-9.837006,0.4822693
1398519541649520137,1822024,1398519541219,0.050704956,-9.834625,0.4406128
1398519541654525020,1822029,1398519541225,0.030471802,-9.907227,0.39419556
1398519541659560420,1822035,1398519541230,-0.018325806,-9.897705,0.40252686
1398519541664595821,1822043,1398519541239,0.04951477,-9.873901,0.41680908
1398519541669631221,1822043,1398519541239,0.0471344,-9.906036,0.5227356
1398519541674666621,1822049,1398519541244,0.026901245,-9.873901,0.45132446
1398519541679824092,1822059,1398519541255,0.0054779053,-9.9131775,0.48345947
1398519541685256221,1822059,1398519541255,0.011428833,-9.847717,0.4322815
1398519541689955928,1822069,1398519541265,-4.7302246E-4,-9.853668,0.42514038
1398519541695418575,1822069,1398519541265,0.08760071,-9.828674,0.3894348
1398519541699874141,1822075,1398519541271,0.011428833,-9.835815,0.5001221
1398519541704879024,1822115,1398519541310,-0.01713562,-9.860809,0.42276
1398519541709914424,1822115,1398519541310,0.04475403,-9.850098,0.506073
1398519541714949825,1822115,1398519541310,0.013809204,-9.833435,0.43347168
1398519541719985225,1822115,1398519541311,-0.019515991,-9.911987,0.49298096
1398519541725020625,1822115,1398519541311,-4.7302246E-4,-9.884613,0.41680908
1398519541730056026,1822115,1398519541311,0.01737976,-9.841766,0.48464966
1398519541735091426,1822116,1398519541311,0.02571106,-9.878662,0.46917725
1398519541740126827,1822116,1398519541311,0.024520874,-9.9131775,0.473938
1398519541745162227,1822122,1398519541318,0.019760132,-9.86438,0.5048828
1398519541750197627,1822124,1398519541319,0.009048462,-9.875092,0.4572754
1398519541756514766,1822136,1398519541331,0.018569946,-9.834625,0.4727478
1398519541761702754,1822136,1398519541331,0.0471344,-9.883423,0.4489441
1398519541765334346,1822143,1398519541338,-0.024276733,-9.875092,0.36087036
1398519541770461299,1822144,1398519541340,0.048324585,-9.828674,0.5239258
1398519541776290157,1822156,1398519541351,-0.011184692,-9.847717,0.4560852
1398519541781508662,1822156,1398519541351,0.018569946,-9.896515,0.46203613
1398519541785445430,1822164,1398519541360,-0.012374878,-9.883423,0.46917725
1398519541790663936,1822164,1398519541360,0.01499939,-9.878662,0.46322632
1398519541796614864,1822176,1398519541371,0.0471344,-9.858429,0.48583984
1398519541801833370,1822176,1398519541372,0.02571106,-9.851288,0.40133667
1398519541805587032,1822183,1398519541379,0.04475403,-9.882233,0.42990112
1398519541810775020,1822185,1398519541380,0.01737976,-9.904846,0.39657593
1398519541816268184,1822195,1398519541391,0.03404236,-9.857239,0.45846558
1398519541821456172,1822196,1398519541391,0.009048462,-9.870331,0.5048828
1398519541825881221,1822205,1398519541400,0.0554657,-9.914368,0.5048828
1398519541831221797,1822205,1398519541401,0.024520874,-9.847717,0.43704224
1398519541836379268,1822216,1398519541411,0.0019073486,-9.857239,0.43823242
1398519541841658809,1822216,1398519541411,0.009048462,-9.871521,0.3751526
1398519541845992305,1822225,1398519541421,0.031661987,-9.919128,0.42990112
1398519541851363399,1822225,1398519541421,0.018569946,-9.860809,0.48464966
1398519541856520870,1822236,1398519541431,0.024520874,-9.8810425,0.3751526
1398519541861800411,1822236,1398519541432,0.016189575,-9.909607,0.47631836
1398519541866133907,1822245,1398519541441,-4.7302246E-4,-9.837006,0.43823242
1398519541871505000,1822245,1398519541441,-0.030227661,-9.8941345,0.4310913
1398519541876723506,1822256,1398519541452,0.039993286,-9.898895,0.44180298
1398519541881972530,1822256,1398519541452,0.010238647,-9.841766,0.4394226
1398519541886275508,1822265,1398519541461,0.030471802,-9.835815,0.40966797
1398519541891646602,1822265,1398519541461,-0.00642395,-9.907227,0.42514038
1398519541896834590,1822276,1398519541472,0.016189575,-9.884613,0.35253906
1398519541902114131,1822276,1398519541472,0.019760132,-9.860809,0.37753296
1398519541906417110,1822285,1398519541481,-0.018325806,-9.889374,0.473938
1398519541911757686,1822285,1398519541481,0.050704956,-9.869141,0.40252686
1398519541917037227,1822296,1398519541492,-0.004043579,-9.826294,0.37039185
1398519541922225215,1822296,1398519541492,-0.00642395,-9.873901,0.4239502
1398519541926589229,1822306,1398519541501,0.03404236,-9.86676,0.40966797
1398519541931929805,1822306,1398519541501,0.01499939,-9.870331,0.4894104
1398519541937117793,1822316,1398519541512,0.093551636,-9.86795,0.45846558
1398519541942305782,1822316,1398519541512,0.024520874,-9.856049,0.4882202
1398519541946608760,1822321,1398519541517,-0.044509888,-9.896515,0.49893188
1398519541951735713,1822331,1398519541527,0.009048462,-9.908417,0.4310913
1398519541957167842,1822331,1398519541527,0.056655884,-9.825104,0.36325073
1398519541962111690,1822342,1398519541538,0.05784607,-9.856049,0.4239502
1398519541967696407,1822342,1398519541538,0.03642273,-9.891754,0.43823242
1398519541971755245,1822350,1398519541546,0.032852173,-9.86676,0.45013428
1398519541976943233,1822351,1398519541546,0.045944214,-9.804871,0.42037964
1398519541983107784,1822362,1398519541558,-0.004043579,-9.8941345,0.47988892
1398519541988387325,1822363,1398519541558,0.039993286,-9.86557,0.44180298
1398519541991896846,1822369,1398519541564,0.039993286,-9.86557,0.44180298
1398519541996932246,1822371,1398519541566,-0.06474304,-9.852478,0.37634277
1398519542003249385,1822383,1398519541578,-0.037368774,-9.816772,0.45370483
1398519542008559444,1822383,1398519541578,0.059036255,-9.848907,0.3977661
1398519542012038448,1822389,1398519541585,0.059036255,-9.848907,0.3977661
1398519542017073848,1822391,1398519541586,0.0554657,-9.884613,0.45489502
1398519542023390987,1822403,1398519541598,0.05189514,-9.86676,0.4060974
1398519542028701045,1822403,1398519541598,0.07926941,-9.847717,0.41918945
1398519542032180049,1822409,1398519541605,0.07926941,-9.847717,0.41918945
1398519542037215450,1822411,1398519541606,-0.030227661,-9.86795,0.43823242
1398519542043532588,1822423,1398519541618,0.023330688,-9.8298645,0.43466187
1398519542048842647,1822423,1398519541619,0.053085327,-9.890564,0.43823242
1398519542052321651,1822429,1398519541625,0.053085327,-9.890564,0.43823242
1398519542057357051,1822431,1398519541627,0.019760132,-9.872711,0.4156189
1398519542063674190,1822443,1398519541638,0.0030975342,-9.831055,0.42037964
1398519542068892696,1822443,1398519541639,0.06617737,-9.908417,0.3834839
1398519542072493770,1822451,1398519541647,-0.025466919,-9.848907,0.42990112
1398519542077590205,1822452,1398519541647,0.013809204,-9.86319,0.44418335
1398519542083358028,1822462,1398519541658,-0.0028533936,-9.872711,0.4572754
1398519542088271358,1822462,1398519541658,0.04118347,-9.871521,0.40490723
1398519542092726924,1822472,1398519541668,0.059036255,-9.886993,0.4727478
1398519542098281123,1822472,1398519541668,0.024520874,-9.869141,0.4310913
1398519542103072383,1822482,1398519541678,0.022140503,-9.86438,0.42990112
1398519542108229854,1822482,1398519541678,0.056655884,-9.884613,0.3751526
1398519542113051631,1822492,1398519541688,0.029281616,-9.898895,0.40014648
1398519542118453243,1822492,1398519541688,0.02809143,-9.844147,0.43585205
1398519542123244502,1822503,1398519541698,-0.015945435,-9.870331,0.44180298
1398519542128524043,1822503,1398519541698,0.0042877197,-9.831055,0.4489441
1398519542133040645,1822512,1398519541708,0.02809143,-9.809631,0.4489441
1398519542138472774,1822512,1398519541708,0.04118347,-9.878662,0.4060974
1398519542143538692,1822523,1398519541718,0.06736755,-9.826294,0.4310913
1398519542148848750,1822523,1398519541719,0.0554657,-9.919128,0.45132446
1398519542153151729,1822532,1398519541728,0.020950317,-9.86557,0.40133667
1398519542158553340,1822532,1398519541728,0.06736755,-9.839386,0.45013428
1398519542163741328,1822543,1398519541739,0.03404236,-9.883423,0.42871094
1398519542169020870,1822543,1398519541739,-0.011184692,-9.885803,0.46798706
1398519542173323848,1822552,1398519541748,0.07450867,-9.847717,0.4727478
1398519542178664424,1822552,1398519541748,0.023330688,-9.919128,0.46798706
1398519542183882930,1822563,1398519541759,0.022140503,-9.875092,0.50964355
1398519542189162471,1822563,1398519541759,-0.011184692,-9.848907,0.4406128
1398519542193465450,1822572,1398519541768,0.04951477,-9.902466,0.42990112
1398519542198806026,1822573,1398519541768,-0.044509888,-9.86557,0.47750854
1398519542204024532,1822583,1398519541779,-0.014755249,-9.886993,0.42156982
1398519542209243037,1822583,1398519541779,-0.0076141357,-9.86795,0.40847778
1398519542213576534,1822593,1398519541788,0.024520874,-9.8013,0.45013428
1398519542218947627,1822593,1398519541788,0.03642273,-9.891754,0.38467407
1398519542224135616,1822603,1398519541799,0.04475403,-9.875092,0.45965576
1398519542229354121,1822604,1398519541799,0.054275513,-9.86438,0.43347168
1398519542233748653,1822613,1398519541808,0.010238647,-9.904846,0.45370483
1398519542239089229,1822613,1398519541808,0.09474182,-9.860809,0.36325073
1398519542244246700,1822624,1398519541819,0.05189514,-9.883423,0.4322815
1398519542249495723,1822624,1398519541819,0.023330688,-9.832245,0.43585205
1398519542253859737,1822633,1398519541828,0.01737976,-9.834625,0.41085815
1398519542259230830,1822633,1398519541829,0.01737976,-9.86438,0.4322815
1398519542264418819,1822644,1398519541839,0.006668091,-9.895325,0.4572754
1398519542269667842,1822644,1398519541839,0.018569946,-9.823914,0.4406128
1398519542274001338,1822653,1398519541849,0.029281616,-9.850098,0.39657593
1398519542279402950,1822653,1398519541849,0.06022644,-9.892944,0.4072876
1398519542284560420,1822664,1398519541859,0.02809143,-9.8810425,0.3739624
1398519542289870479,1822664,1398519541860,0.01737976,-9.8298645,0.4310913
1398519542294173457,1822673,1398519541869,0.01737976,-9.8298645,0.4310913
1398519542299544551,1822673,1398519541869,0.05784607,-9.877472,0.4406128
1398519542304702022,1822684,1398519541880,0.07926941,-9.837006,0.4977417
1398519542310012080,1822684,1398519541880,-0.024276733,-9.914368,0.41204834
1398519542314315059,1822693,1398519541889,-0.024276733,-9.914368,0.41204834
1398519542319686153,1822693,1398519541889,0.0019073486,-9.848907,0.4322815
1398519542324874141,1822704,1398519541900,0.06022644,-9.828674,0.36801147
1398519542330153682,1822704,1398519541900,0.030471802,-9.892944,0.46917725
1398519542334456661,1822714,1398519541909,0.030471802,-9.892944,0.46917725
1398519542339797237,1822714,1398519541909,0.019760132,-9.8810425,0.4322815
1398519542345015743,1822725,1398519541921,0.013809204,-9.877472,0.390625
1398519542350234248,1822725,1398519541921,0.04118347,-9.838196,0.45370483
1398519542354428314,1822731,1398519541927,0.011428833,-9.857239,0.46084595
1398519542359463715,1822734,1398519541929,0.04951477,-9.835815,0.4810791
1398519542364499115,1822741,1398519541936,0.04951477,-9.859619,0.41085815
1398519542369534515,1822745,1398519541940,0.006668091,-9.846527,0.5048828
1398519542374569916,1822750,1398519541945,0.07331848,-9.878662,0.44537354
1398519542379727386,1822759,1398519541954,0.0471344,-9.852478,0.42514038
1398519542385067963,1822759,1398519541954,-0.012374878,-9.846527,0.48703003
1398519542389950775,1822769,1398519541965,0.006668091,-9.851288,0.3751526
1398519542395352386,1822769,1398519541965,-0.012374878,-9.870331,0.4322815
1398519542399868988,1822779,1398519541975,0.030471802,-9.850098,0.5144043
1398519542405270599,1822779,1398519541975,0.029281616,-9.878662,0.4882202
1398519542410428070,1822791,1398519541986,0.012619019,-9.911987,0.47512817
1398519542415646576,1822791,1398519541986,0.02809143,-9.828674,0.48703003
1398519542419888519,1822795,1398519541990,0.009048462,-9.895325,0.3751526
1398519542424923920,1822799,1398519541994,0.0471344,-9.941742,0.46798706
1398519542430539154,1822810,1398519542006,0.009048462,-9.906036,0.44180298
1398519542435818695,1822810,1398519542006,-0.033798218,-9.860809,0.5072632
1398519542440182709,1822819,1398519542015,0.007858276,-9.827484,0.44418335
1398519542445553802,1822819,1398519542015,0.039993286,-9.86557,0.46203613
1398519542450711273,1822830,1398519542026,0.02809143,-9.857239,0.4060974
1398519542455990814,1822830,1398519542026,0.07450867,-9.8941345,0.4965515
1398519542460293793,1822839,1398519542035,0.03642273,-9.908417,0.36444092
1398519542465664886,1822841,1398519542036,-0.0076141357,-9.872711,0.45846558
1398519542470273041,1822849,1398519542045,0.02571106,-9.854858,0.46322632
1398519542475491547,1822849,1398519542045,0.023330688,-9.86438,0.44656372
1398519542481137299,1822861,1398519542057,0.024520874,-9.878662,0.42871094
1398519542486416840,1822861,1398519542057,0.0054779053,-9.872711,0.4489441
1398519542490384125,1822867,1398519542063,-0.018325806,-9.878662,0.48703003
1398519542495419525,1822869,1398519542065,0.006668091,-9.86319,0.43823242
1398519542501584076,1822881,1398519542076,0.037612915,-9.832245,0.42156982
1398519542506802582,1822881,1398519542077,0.054275513,-9.846527,0.41204834
1398519542510525726,1822888,1398519542084,0.006668091,-9.86438,0.3989563
1398519542515713715,1822891,1398519542086,0.04951477,-9.837006,0.47869873
1398519542520718597,1822900,1398519542095,0.013809204,-9.890564,0.4727478
1398519542526059174,1822900,1398519542096,0.035232544,-9.854858,0.41323853
1398519542531308197,1822911,1398519542106,0.024520874,-9.884613,0.45251465
1398519542536557220,1822911,1398519542106,0.042373657,-9.904846,0.49298096
1398519542540799164,1822920,1398519542115,0.0019073486,-9.871521,0.40847778
1398519542546078705,1822920,1398519542116,0.037612915,-9.8298645,0.5227356
1398519542551663422,1822931,1398519542127,0.06617737,-9.86795,0.50845337
1398519542556851410,1822931,1398519542127,0.01737976,-9.914368,0.43466187
1398519542560940765,1822941,1398519542136,0.009048462,-9.882233,0.42871094
1398519542566159271,1822941,1398519542136,0.04118347,-9.858429,0.48703003
1398519542571103119,1822951,1398519542146,-0.019515991,-9.885803,0.5132141
1398519542576474213,1822951,1398519542147,-0.0028533936,-9.86676,0.45370483
1398519542581173920,1822961,1398519542156,-0.033798218,-9.823914,0.49536133
1398519542586545013,1822961,1398519542156,0.019760132,-9.891754,0.43585205
1398519542591244720,1822971,1398519542167,0.037612915,-9.842957,0.4144287
1398519542596676849,1822971,1398519542167,0.01737976,-9.8810425,0.42156982
1398519542601285004,1822980,1398519542176,0.01737976,-9.8810425,0.42156982
1398519542606686615,1822981,1398519542176,0.032852173,-9.86557,0.42633057
1398519542611844086,1822991,1398519542187,0.053085327,-9.877472,0.4882202
1398519542617123627,1822991,1398519542187,0.02809143,-9.875092,0.44299316
1398519542621457123,1823001,1398519542197,0.02809143,-9.875092,0.44299316
1398519542626828217,1823002,1398519542197,0.035232544,-9.871521,0.40252686
1398519542631436371,1823011,1398519542206,7.171631E-4,-9.8619995,0.38705444
1398519542636746429,1823011,1398519542207,0.013809204,-9.857239,0.4727478
1398519542641781830,1823022,1398519542218,0.0054779053,-9.9131775,0.5239258
1398519542647488617,1823022,1398519542218,0.045944214,-9.883423,0.45846558
1398519542651547455,1823029,1398519542225,0.056655884,-9.86438,0.45370483
1398519542656704926,1823030,1398519542226,0.030471802,-9.815582,0.47988892
1398519542662869476,1823042,1398519542238,0.0554657,-9.840576,0.40490723
1398519542668057465,1823042,1398519542238,0.035232544,-9.86319,0.47512817
1398519542671689056,1823049,1398519542245,0.031661987,-9.891754,0.4144287
1398519542676816010,1823051,1398519542246,0.039993286,-9.86438,0.40966797
1398519542682766937,1823062,1398519542258,0.032852173,-9.840576,0.40014648
1398519542687954926,1823062,1398519542258,-0.020706177,-9.851288,0.47155762
1398519542691800140,1823071,1398519542267,7.171631E-4,-9.883423,0.4406128
1398519542696988129,1823072,1398519542267,0.04951477,-9.908417,0.44418335
1398519542702145599,1823082,1398519542277,-0.014755249,-9.891754,0.4406128
1398519542707791351,1823082,1398519542278,-0.0028533936,-9.819153,0.42276
1398519542712094330,1823092,1398519542287,0.029281616,-9.871521,0.42276
1398519542717862152,1823092,1398519542288,0.080459595,-9.873901,0.49536133
1398519542722165131,1823102,1398519542297,0.009048462,-9.886993,0.40490723
1398519542727871918,1823102,1398519542298,0.031661987,-9.846527,0.4239502
1398519542732205414,1823111,1398519542307,0.06498718,-9.832245,0.42276
1398519542737607025,1823112,1398519542307,0.050704956,-9.883423,0.473938
1398519542742764496,1823122,1398519542318,0.007858276,-9.900085,0.47750854
1398519542748044037,1823122,1398519542318,0.010238647,-9.876282,0.4144287
1398519542752347015,1823131,1398519542327,0.039993286,-9.86319,0.4072876
1398519542757687592,1823132,1398519542327,-0.004043579,-9.884613,0.4322815
1398519542762906097,1823142,1398519542338,0.06260681,-9.86795,0.40371704
1398519542768185638,1823142,1398519542338,0.023330688,-9.8810425,0.42156982
1398519542772488617,1823152,1398519542347,0.02571106,-9.857239,0.46203613
1398519542777890228,1823152,1398519542347,-0.029037476,-9.827484,0.45370483
1398519542783017181,1823162,1398519542358,0.054275513,-9.877472,0.4489441
1398519542788266205,1823163,1398519542358,-4.7302246E-4,-9.837006,0.41085815
1398519542792630218,1823172,1398519542367,-0.0135650635,-9.86557,0.4322815
1398519542797970795,1823172,1398519542367,0.0030975342,-9.920319,0.40490723
1398519542803311371,1823183,1398519542378,7.171631E-4,-9.8810425,0.41918945
1398519542808499359,1823183,1398519542378,0.0054779053,-9.907227,0.45013428
1398519542812802338,1823192,1398519542387,-0.004043579,-9.882233,0.4060974
1398519542818142914,1823192,1398519542388,0.006668091,-9.885803,0.4406128
1398519542823330902,1823203,1398519542398,0.053085327,-9.892944,0.3668213
1398519542828549408,1823203,1398519542398,-0.011184692,-9.837006,0.4239502
1398519542832913422,1823212,1398519542408,0.012619019,-9.853668,0.4394226
1398519542838253998,1823212,1398519542408,-0.001663208,-9.846527,0.43585205
1398519542843533539,1823223,1398519542418,0.04118347,-9.910797,0.49298096
1398519542848752045,1823223,1398519542419,0.053085327,-9.8619995,0.45013428
1398519542853055023,1823232,1398519542428,-0.009994507,-9.8810425,0.43466187
1398519542858395599,1823232,1398519542428,-0.00642395,-9.872711,0.4072876
1398519542863705658,1823243,1398519542439,0.04475403,-9.886993,0.42276
1398519542868985199,1823243,1398519542439,-0.008804321,-9.882233,0.47512817
1398519542873105072,1823247,1398519542443,-0.008804321,-9.882233,0.47512817
1398519542878903412,1823258,1398519542454,0.039993286,-9.922699,0.43466187
1398519542884182953,1823258,1398519542454,0.063797,-9.813202,0.45251465
1398519542888180756,1823267,1398519542463,0.063797,-9.813202,0.45251465
1398519542893460297,1823267,1398519542463,0.0019073486,-9.856049,0.44537354
1398519542899319672,1823279,1398519542474,-0.025466919,-9.8941345,0.4560852
1398519542904629730,1823279,1398519542474,0.048324585,-9.8941345,0.35134888
1398519542908322357,1823286,1398519542481,0.048324585,-9.8941345,0.35134888
1398519542913510345,1823288,1398519542483,0.048324585,-9.906036,0.45370483
1398519542918393158,1823302,1398519542498,0.02809143,-9.909607,0.4810791
1398519542923428558,1823303,1398519542498,0.039993286,-9.903656,0.42633057
1398519542928463959,1823303,1398519542498,-4.7302246E-4,-9.826294,0.50964355
1398519542933499359,1823348,1398519542543,0.006668091,-9.842957,0.46203613
1398519542938565277,1823348,1398519542544,0.032852173,-9.86676,0.49417114
1398519542943570160,1823348,1398519542544,-0.0076141357,-9.8941345,0.4406128
1398519542948605560,1823348,1398519542544,0.020950317,-9.851288,0.52511597
1398519542953640961,1823348,1398519542544,0.011428833,-9.878662,0.42037964
1398519542958676361,1823348,1398519542544,0.05784607,-9.873901,0.47988892
1398519542963711761,1823348,1398519542544,0.063797,-9.878662,0.43466187
1398519542968747162,1823348,1398519542544,0.026901245,-9.850098,0.41680908
1398519542973752045,1823348,1398519542544,0.05189514,-9.827484,0.39657593
1398519542978695892,1823356,1398519542552,0.04118347,-9.884613,0.42871094
1398519542983792328,1823357,1398519542553,0.020950317,-9.919128,0.47750854
1398519542988797211,1823367,1398519542563,0.0019073486,-9.860809,0.4310913
1398519542994076752,1823367,1398519542563,0.03404236,-9.872711,0.39300537
1398519542998868011,1823378,1398519542573,0.016189575,-9.879852,0.45132446
1398519543004269623,1823378,1398519542573,0.06736755,-9.819153,0.4894104
1398519543010220551,1823390,1398519542586,0.031661987,-9.846527,0.42037964
1398519543015866302,1823390,1398519542586,-0.02784729,-9.858429,0.45370483
1398519543019009613,1823395,1398519542590,0.04475403,-9.856049,0.4572754
1398519543024075531,1823403,1398519542599,0.02571106,-9.852478,0.48583984
1398519543029538177,1823403,1398519542599,0.020950317,-9.834625,0.40847778
1398519543035306000,1823414,1398519542610,-0.030227661,-9.819153,0.44537354
1398519543040280365,1823414,1398519542610,0.07450867,-9.871521,0.35372925
1398519543044156097,1823422,1398519542617,0.006668091,-9.892944,0.46798706
1398519543049252533,1823423,1398519542618,0.009048462,-9.872711,0.42871094
1398519543055630707,1823435,1398519542631,-0.020706177,-9.886993,0.42514038
1398519543061245941,1823436,1398519542631,0.019760132,-9.86438,0.40252686
1398519543064328217,1823439,1398519542635,0.056655884,-9.8619995,0.46917725
1398519543069668793,1823449,1398519542645,0.0054779053,-9.835815,0.35491943
1398519543075314545,1823449,1398519542645,0.04475403,-9.856049,0.44180298
1398519543079922699,1823460,1398519542655,-0.012374878,-9.877472,0.43466187
1398519543085476898,1823460,1398519542655,0.04475403,-9.86795,0.41918945
1398519543089566254,1823469,1398519542665,0.035232544,-9.86557,0.390625
1398519543095028900,1823469,1398519542665,0.011428833,-9.892944,0.4072876
1398519543099881195,1823480,1398519542675,-0.025466919,-9.872711,0.41918945
1398519543105679535,1823480,1398519542675,0.016189575,-9.857239,0.46679688
1398519543109738373,1823489,1398519542685,0.04951477,-9.86795,0.41204834
1398519543115292572,1823489,1398519542685,0.02571106,-9.875092,0.40014648
1398519543120175385,1823500,1398519542695,0.016189575,-9.8941345,0.45846558
1398519543125912689,1823500,1398519542695,-0.014755249,-9.907227,0.47155762
1398519543129879974,1823509,1398519542705,-0.024276733,-9.823914,0.47869873
1398519543135434174,1823509,1398519542705,-0.004043579,-9.938171,0.45846558
1398519543140835785,1823521,1398519542716,0.026901245,-9.850098,0.43347168
1398519543146359467,1823521,1398519542716,0.06617737,-9.86438,0.49298096
1398519543149960541,1823527,1398519542723,0.06617737,-9.86438,0.49298096
1398519543155118011,1823528,1398519542724,0.01737976,-9.8810425,0.46798706
1398519543161496185,1823541,1398519542737,0.048324585,-9.822723,0.46917725
1398519543167141937,1823541,1398519542737,0.011428833,-9.876282,0.42990112
1398519543170071625,1823545,1398519542740,0.011428833,-9.876282,0.42990112
1398519543175931000,1823556,1398519542751,-0.037368774,-9.833435,0.42633057
1398519543181515717,1823556,1398519542751,0.0471344,-9.850098,0.44180298
1398519543185177826,1823563,1398519542759,0.0471344,-9.850098,0.44180298
1398519543190426849,1823563,1398519542759,0.006668091,-9.883423,0.40014648
1398519543196805023,1823577,1398519542772,-0.026657104,-9.851288,0.40847778
1398519543202420258,1823577,1398519542772,0.010238647,-9.856049,0.4239502
1398519543205319427,1823580,1398519542775,0.010238647,-9.856049,0.4239502
1398519543211148285,1823591,1398519542787,0.029281616,-9.857239,0.4560852
1398519543216794037,1823591,1398519542787,-0.011184692,-9.888184,0.40133667
1398519543220425629,1823599,1398519542794,0.042373657,-9.846527,0.47155762
1398519543225644135,1823599,1398519542794,0.05189514,-9.897705,0.4406128
1398519543232052826,1823612,1398519542807,0.013809204,-9.860809,0.5001221
1398519543237607025,1823612,1398519542807,0.0554657,-9.850098,0.43585205
1398519543240567230,1823615,1398519542811,0.01737976,-9.93222,0.4156189
1398519543246151947,1823626,1398519542821,0.043563843,-9.876282,0.42633057
1398519543251706146,1823626,1398519542822,0.056655884,-9.826294,0.40371704
1398519543255795502,1823635,1398519542831,0.024520874,-9.886993,0.4644165
1398519543261258148,1823635,1398519542831,0.042373657,-9.873901,0.46798706
1398519543266751312,1823647,1398519542842,0.0471344,-9.817963,0.42752075
1398519543272274994,1823647,1398519542842,-0.001663208,-9.877472,0.4406128
1398519543275815033,1823653,1398519542849,0.0054779053,-9.823914,0.46679688
1398519543281003021,1823654,1398519542850,0.018569946,-9.86795,0.42633057
1398519543287381195,1823667,1398519542863,-0.029037476,-9.86676,0.3834839
1398519543292904877,1823667,1398519542863,0.006668091,-9.895325,0.48703003
1398519543295956635,1823671,1398519542866,0.0030975342,-9.883423,0.50131226
1398519543301449799,1823681,1398519542877,-0.00642395,-9.896515,0.47512817
1398519543307034515,1823681,1398519542877,0.07688904,-9.879852,0.45489502
1398519543311184906,1823690,1398519542886,0.023330688,-9.904846,0.3822937
1398519543316739105,1823691,1398519542886,0.019760132,-9.859619,0.46084595
1398519543321896576,1823702,1398519542897,0.07093811,-9.857239,0.40133667
1398519543327542328,1823702,1398519542897,0.05189514,-9.820343,0.4156189
1398519543331173920,1823710,1398519542906,0.04118347,-9.875092,0.48464966
1398519543336606049,1823710,1398519542906,0.05189514,-9.853668,0.4894104
1398519543342618011,1823723,1398519542918,0.031661987,-9.853668,0.39419556
1398519543348233246,1823723,1398519542918,0.01737976,-9.872711,0.42276
1398519543351346039,1823726,1398519542922,-0.0052337646,-9.886993,0.47155762
1398519543356686615,1823736,1398519542932,0.030471802,-9.886993,0.4727478
1398519543362332367,1823736,1398519542932,-0.004043579,-9.883423,0.47631836
1398519543366940521,1823747,1398519542942,0.01499939,-9.839386,0.39538574
1398519543372525238,1823747,1398519542942,0.04475403,-9.883423,0.3751526
1398519543376645111,1823756,1398519542951,0.03404236,-9.873901,0.40133667
1398519543382138275,1823756,1398519542951,0.0019073486,-9.888184,0.39300537
1398519543387570404,1823767,1398519542963,0.050704956,-9.86676,0.44537354
1398519543393094086,1823767,1398519542963,0.042373657,-9.845337,0.42752075
1398519543396664642,1823774,1398519542970,0.026901245,-9.877472,0.40371704
1398519543401852631,1823775,1398519542971,0.035232544,-9.838196,0.39300537
1398519543408200287,1823788,1398519542984,0.072128296,-9.844147,0.4239502
1398519543413754486,1823788,1398519542984,0.045944214,-9.840576,0.4406128
1398519543416806244,1823792,1398519542987,0.045944214,-9.840576,0.4406128
1398519543422329926,1823802,1398519542998,0.0471344,-9.837006,0.45846558
1398519543428067230,1823802,1398519542998,0.05784607,-9.873901,0.45013428
1398519543432034515,1823811,1398519543007,0.05784607,-9.873901,0.45013428
1398519543437558197,1823811,1398519543007,0.0042877197,-9.906036,0.4072876
1398519543442929291,1823823,1398519543018,0.0019073486,-9.872711,0.45489502
1398519543448483490,1823823,1398519543018,0.03642273,-9.885803,0.39657593
1398519543452023529,1823829,1398519543025,0.03642273,-9.885803,0.39657593
1398519543457242035,1823830,1398519543026,0.030471802,-9.889374,0.34777832
1398519543463620209,1823844,1398519543039,0.037612915,-9.873901,0.45965576
1398519543469265961,1823844,1398519543039,0.006668091,-9.857239,0.4644165
1398519543472165131,1823847,1398519543042,0.006668091,-9.857239,0.4644165
1398519543478055023,1823858,1398519543054,0.05189514,-9.859619,0.4489441
1398519543483670258,1823858,1398519543054,0.06736755,-9.820343,0.4572754
1398519543487301849,1823866,1398519543061,0.06736755,-9.820343,0.4572754
1398519543492550873,1823866,1398519543061,0.042373657,-9.834625,0.47155762
1398519543498929047,1823879,1398519543074,0.05189514,-9.900085,0.4144287
1398519543504544281,1823879,1398519543074,0.026901245,-9.842957,0.4406128
1398519543507443451,1823882,1398519543078,-0.018325806,-9.809631,0.4156189
1398519543513272308,1823893,1398519543089,0.022140503,-9.86795,0.4310913
1398519543518918060,1823893,1398519543089,-0.00642395,-9.8810425,0.37634277
1398519543522580170,1823901,1398519543096,0.042373657,-9.875092,0.42752075
1398519543527798676,1823901,1398519543096,0.023330688,-9.822723,0.41204834
1398519543534176849,1823914,1398519543110,-0.0135650635,-9.875092,0.47036743
1398519543539731049,1823914,1398519543110,0.009048462,-9.891754,0.42156982
1398519543542691254,1823917,1398519543113,0.009048462,-9.873901,0.37753296
1398519543548275970,1823928,1398519543124,-0.012374878,-9.892944,0.44418335
1398519543553830170,1823928,1398519543124,0.050704956,-9.856049,0.40847778
1398519543557919525,1823937,1398519543133,0.010238647,-9.895325,0.46798706
1398519543563382172,1823937,1398519543133,0.03404236,-9.832245,0.4322815
1398519543568875336,1823949,1398519543144,0.0042877197,-9.870331,0.41085815
1398519543574399017,1823949,1398519543144,-0.0135650635,-9.8941345,0.47155762
1398519543577939056,1823955,1398519543151,0.0030975342,-9.854858,0.41085815
1398519543583096527,1823956,1398519543152,0.04951477,-9.806061,0.41680908
1398519543589474701,1823969,1398519543165,0.019760132,-9.920319,0.41680908
1398519543594998383,1823969,1398519543165,-0.0028533936,-9.813202,0.40966797
1398519543598080658,1823973,1398519543168,0.03404236,-9.883423,0.40014648
1398519543603604340,1823983,1398519543179,0.02571106,-9.852478,0.4144287
1398519543609189056,1823983,1398519543179,0.04475403,-9.845337,0.42037964
1398519543613308929,1823993,1398519543188,-0.0028533936,-9.8298645,0.45132446
1398519543618863129,1823993,1398519543188,0.054275513,-9.884613,0.38110352
1398519543624203705,1824004,1398519543200,0.029281616,-9.944122,0.42633057
1398519543629849457,1824004,1398519543200,0.019760132,-9.850098,0.47988892
1398519543633328461,1824011,1398519543206,0.043563843,-9.873901,0.46679688
1398519543638455414,1824012,1398519543207,0.035232544,-9.852478,0.4310913
1398519543644833588,1824025,1398519543220,0.0471344,-9.875092,0.42871094
1398519543650448822,1824025,1398519543220,0.011428833,-9.870331,0.44299316
1398519543653470062,1824028,1398519543224,0.045944214,-9.847717,0.4322815
1398519543659024261,1824039,1398519543234,0.006668091,-9.869141,0.4406128
1398519543664608978,1824039,1398519543235,-0.018325806,-9.854858,0.42633057
1398519543668698334,1824049,1398519543244,0.031661987,-9.842957,0.41085815
1398519543674527191,1824049,1398519543244,-0.0135650635,-9.915558,0.3894348
1398519543678952240,1824058,1398519543254,0.01499939,-9.896515,0.4822693
1398519543684536957,1824058,1398519543254,0.08164978,-9.80249,0.4394226
1398519543689206146,1824069,1398519543265,0.023330688,-9.86319,0.4822693
1398519543694760345,1824069,1398519543265,0.022140503,-9.847717,0.42156982
1398519543698910736,1824078,1398519543274,-0.034988403,-9.907227,0.4572754
1398519543704403900,1824078,1398519543274,0.08164978,-9.898895,0.4310913
1398519543709836029,1824090,1398519543285,0.0030975342,-9.878662,0.43704224
1398519543715359711,1824093,1398519543289,-0.021896362,-9.870331,0.47869873
1398519543718930267,1824093,1398519543289,-0.021896362,-9.870331,0.47869873
1398519543724057220,1824099,1398519543295,0.053085327,-9.884613,0.45489502
1398519543729153656,1824107,1398519543303,0.02571106,-9.86438,0.41918945
1398519543734372162,1824108,1398519543304,-0.004043579,-9.879852,0.41323853
1398519543739285492,1824118,1398519543314,0.0019073486,-9.898895,0.36087036
1398519543744595551,1824119,1398519543314,0.0554657,-9.896515,0.41799927
1398519543749386810,1824129,1398519543324,0.024520874,-9.876282,0.4060974
1398519543754757904,1824129,1398519543324,0.035232544,-9.856049,0.39300537
1398519543759945892,1824139,1398519543335,0.020950317,-9.900085,0.5203552
1398519543765194916,1824141,1398519543336,0.039993286,-9.839386,0.4406128
1398519543769375824,1824146,1398519543341,0.039993286,-9.839386,0.4406128
1398519543774411224,1824150,1398519543345,0.048324585,-9.828674,0.43347168
1398519543779568695,1824159,1398519543354,0.042373657,-9.844147,0.4477539
1398519543784939789,1824159,1398519543354,-0.00642395,-9.86319,0.46679688
1398519543789731049,1824169,1398519543365,0.02571106,-9.92627,0.47155762
1398519543795163177,1824169,1398519543365,0.0042877197,-9.839386,0.42156982
1398519543799740814,1824179,1398519543375,0.050704956,-9.845337,0.46203613
1398519543805203461,1824179,1398519543375,0.04951477,-9.883423,0.46798706
1398519543810055756,1824190,1398519543385,0.063797,-9.875092,0.473938
1398519543815335297,1824191,1398519543386,-0.030227661,-9.897705,0.45370483
1398519543819760345,1824197,1398519543393,-0.004043579,-9.852478,0.42276
1398519543824765228,1824199,1398519543394,0.069747925,-9.93103,0.42752075
1398519543830380463,1824210,1398519543405,0.03642273,-9.889374,0.45251465
1398519543835568451,1824210,1398519543406,0.029281616,-9.840576,0.47750854
1398519543840024017,1824219,1398519543415,0.009048462,-9.834625,0.45370483
1398519543845364593,1824219,1398519543415,0.01737976,-9.86795,0.46798706
1398519543850522064,1824230,1398519543426,0.059036255,-9.877472,0.44180298
1398519543855740570,1824230,1398519543426,-0.001663208,-9.822723,0.4477539
1398519543860135101,1824239,1398519543435,-0.0052337646,-9.860809,0.43466187
1398519543865475677,1824239,1398519543435,0.018569946,-9.856049,0.47631836
1398519543870205902,1824249,1398519543445,0.02809143,-9.856049,0.4406128
1398519543875485443,1824249,1398519543445,0.022140503,-9.828674,0.48703003
1398519543880917572,1824261,1398519543457,0.026901245,-9.814392,0.4572754
1398519543886136078,1824261,1398519543457,-0.0135650635,-9.86438,0.46917725
1398519543890225433,1824268,1398519543463,0.04475403,-9.936981,0.4572754
1398519543895260834,1824269,1398519543465,0.054275513,-9.877472,0.42871094
1398519543901394867,1824281,1398519543476,0.04951477,-9.869141,0.47512817
1398519543906674408,1824281,1398519543477,0.063797,-9.879852,0.35372925
1398519543910397552,1824288,1398519543484,0.010238647,-9.885803,0.51678467
1398519543915555023,1824291,1398519543486,0.029281616,-9.888184,0.41085815
1398519543920468353,1824299,1398519543495,0.037612915,-9.86438,0.48583984
1398519543925686859,1824300,1398519543495,0.035232544,-9.884613,0.473938
1398519543930813812,1824311,1398519543506,0.026901245,-9.838196,0.4656067
1398519543936062836,1824311,1398519543507,0.0030975342,-9.832245,0.4572754
1398519543940579437,1824320,1398519543515,0.037612915,-9.877472,0.49536133
1398519543945828461,1824320,1398519543516,0.0030975342,-9.850098,0.45846558
1398519543951382660,1824332,1398519543527,-0.001663208,-9.840576,0.36801147
1398519543956662201,1824332,1398519543527,0.053085327,-9.86795,0.46798706
1398519543960990195,1824337,1398519543532,-0.037368774,-9.877472,0.42990112
1398519543966025595,1824343,1398519543538,0.01499939,-9.882233,0.4322815
1398519543971060996,1824346,1398519543542,0.023330688,-9.816772,0.45251465
1398519543976218466,1824355,1398519543551,0.056655884,-9.895325,0.4144287
1398519543981559042,1824355,1398519543551,0.011428833,-9.878662,0.46917725
1398519543986899619,1824366,1398519543562,0.022140503,-9.939362,0.44418335
1398519543992118124,1824366,1398519543562,0.022140503,-9.856049,0.40847778
1398519543996329550,1824375,1398519543571,0.05189514,-9.851288,0.40252686
1398519544001670126,1824375,1398519543571,0.035232544,-9.840576,0.41323853
1398519544007041220,1824386,1398519543582,-0.0052337646,-9.909607,0.41918945
1398519544012259726,1824386,1398519543582,-0.0076141357,-9.877472,0.39300537
1398519544016471152,1824395,1398519543591,-0.0076141357,-9.877472,0.39300537
1398519544021781210,1824395,1398519543591,0.030471802,-9.86557,0.41918945
1398519544027243857,1824406,1398519543602,0.08403015,-9.859619,0.4322815
1398519544032462363,1824407,1398519543602,0.013809204,-9.882233,0.40014648
1398519544036643271,1824415,1398519543611,0.013809204,-9.882233,0.40014648
1398519544041922812,1824416,1398519543611,0.037612915,-9.848907,0.42752075
1398519544047324423,1824427,1398519543622,0.011428833,-9.842957,0.36206055
1398519544052634482,1824427,1398519543622,0.01499939,-9.886993,0.4489441
1398519544056693320,1824435,1398519543631,0.01499939,-9.886993,0.4489441
1398519544061972861,1824436,1398519543631,0.056655884,-9.886993,0.4477539
1398519544067862753,1824447,1398519543643,0.031661987,-9.86557,0.42633057
1398519544073172812,1824447,1398519543643,0.03642273,-9.821533,0.4572754
1398519544076834921,1824452,1398519543647,0.048324585,-9.86319,0.46203613
1398519544081961874,1824462,1398519543657,0.02809143,-9.891754,0.5072632
1398519544087332968,1824462,1398519543658,0.026901245,-9.857239,0.42156982
1398519544092002158,1824471,1398519543667,0.006668091,-9.832245,0.3822937
1398519544097342734,1824471,1398519543667,0.030471802,-9.877472,0.4144287
1398519544102652792,1824482,1398519543678,0.01737976,-9.876282,0.4810791
1398519544107962851,1824482,1398519543678,0.05189514,-9.86676,0.4060974
1398519544112174277,1824491,1398519543687,0.06498718,-9.882233,0.43823242
1398519544117484335,1824491,1398519543687,0.06022644,-9.840576,0.41918945
1398519544122763876,1824502,1398519543697,0.01499939,-9.850098,0.42156982
1398519544127951865,1824502,1398519543698,0.013809204,-9.8619995,0.44418335
1398519544132346396,1824511,1398519543707,-0.0028533936,-9.889374,0.49417114
1398519544137686972,1824511,1398519543707,0.06022644,-9.873901,0.37039185
1398519544142905478,1824522,1398519543718,0.013809204,-9.847717,0.41680908
1398519544148093466,1824522,1398519543718,0.035232544,-9.8941345,0.48703003
1398519544152487998,1824531,1398519543727,0.013809204,-9.852478,0.4072876
1398519544157828574,1824532,1398519543727,0.0554657,-9.883423,0.37039185
1398519544163047080,1824542,1398519543738,0.053085327,-9.910797,0.47631836
1398519544168235068,1824542,1398519543738,0.0030975342,-9.858429,0.47750854
1398519544172599082,1824552,1398519543747,-4.7302246E-4,-9.86438,0.41918945
1398519544177939658,1824552,1398519543747,-0.012374878,-9.878662,0.39419556
1398519544183219199,1824562,1398519543758,0.03404236,-9.813202,0.42990112
1398519544188437705,1824563,1398519543758,0.023330688,-9.852478,0.39300537
1398519544192771201,1824572,1398519543767,-0.0052337646,-9.860809,0.47512817
1398519544198142294,1824572,1398519543767,-0.0076141357,-9.870331,0.3739624
1398519544203330283,1824583,1398519543778,0.020950317,-9.833435,0.473938
1398519544208579306,1824583,1398519543778,0.0019073486,-9.832245,0.43466187
1398519544212882285,1824592,1398519543787,0.0054779053,-9.7977295,0.43347168
1398519544218253378,1824592,1398519543788,0.022140503,-9.821533,0.4394226
1398519544223471884,1824603,1398519543798,-4.7302246E-4,-9.852478,0.4810791
1398519544228751425,1824603,1398519543798,-0.012374878,-9.895325,0.4656067
1398519544233054404,1824612,1398519543808,0.039993286,-9.8941345,0.4322815
1398519544238425498,1824612,1398519543808,0.031661987,-9.852478,0.45489502
1398519544243613486,1824623,1398519543818,-0.042129517,-9.875092,0.45132446
1398519544248862509,1824623,1398519543819,-0.015945435,-9.875092,0.47036743
1398519544253165488,1824632,1398519543828,0.009048462,-9.856049,0.40371704
1398519544258536582,1824632,1398519543828,0.04475403,-9.858429,0.45965576
1398519544263724570,1824643,1398519543838,0.0042877197,-9.890564,0.43585205
1398519544268912558,1824643,1398519543839,-0.001663208,-9.888184,0.42514038
1398519544273337607,1824652,1398519543848,7.171631E-4,-9.832245,0.4239502
1398519544278708701,1824652,1398519543848,0.030471802,-9.787018,0.42514038
1398519544283866171,1824663,1398519543859,0.016189575,-9.891754,0.42990112
1398519544289054160,1824663,1398519543859,0.04118347,-9.850098,0.52630615
1398519544293479208,1824673,1398519543868,0.024520874,-9.886993,0.46917725
1398519544298850302,1824673,1398519543868,0.02571106,-9.892944,0.42633057
1398519544303794150,1824683,1398519543879,-0.00642395,-9.888184,0.40966797
1398519544309012656,1824683,1398519543879,0.026901245,-9.895325,0.44656372
1398519544313590292,1824693,1398519543888,0.0554657,-9.828674,0.44299316
1398519544318991904,1824693,1398519543888,0.04475403,-9.832245,0.4810791
1398519544324118857,1824703,1398519543899,0.04475403,-9.832245,0.4810791
1398519544329337363,1824703,1398519543899,-0.0135650635,-9.904846,0.43704224
1398519544333731894,1824713,1398519543908,-0.0135650635,-9.904846,0.43704224
1398519544339133505,1824713,1398519543908,0.048324585,-9.845337,0.44656372
1398519544344290976,1824724,1398519543919,0.03642273,-9.841766,0.44299316
1398519544349570517,1824724,1398519543919,0.032852173,-9.86319,0.4644165
1398519544353873496,1824733,1398519543928,0.05784607,-9.859619,0.46203613
1398519544359214072,1824733,1398519543929,0.043563843,-9.900085,0.47155762
1398519544364432578,1824744,1398519543939,0.069747925,-9.879852,0.47869873
1398519544369681601,1824744,1398519543939,0.011428833,-9.845337,0.45846558
1398519544374015097,1824753,1398519543949,0.07331848,-9.873901,0.4060974
1398519544379386191,1824753,1398519543949,0.039993286,-9.901276,0.4477539
1398519544384574179,1824764,1398519543959,0.010238647,-9.86676,0.42276
1398519544389823203,1824764,1398519543960,0.035232544,-9.820343,0.473938
1398519544394156699,1824773,1398519543969,0.03404236,-9.870331,0.45132446
1398519544399527792,1824773,1398519543969,0.04951477,-9.910797,0.40252686
1398519544404715781,1824784,1398519543980,0.030471802,-9.833435,0.43466187
1398519544409934287,1824784,1398519543980,0.06736755,-9.876282,0.44656372
1398519544414298300,1824793,1398519543989,0.08998108,-9.878662,0.46084595
1398519544419638876,1824793,1398519543989,-0.004043579,-9.776306,0.44180298
1398519544424979453,1824804,1398519544000,0.024520874,-9.851288,0.40014648
1398519544430167441,1824804,1398519544000,0.045944214,-9.878662,0.40133667
1398519544434470419,1824813,1398519544009,-0.0135650635,-9.872711,0.4477539
1398519544439780478,1824814,1398519544009,0.03404236,-9.842957,0.41323853
1398519544445060019,1824824,1398519544020,-0.0028533936,-9.86676,0.43347168
1398519544450248007,1824824,1398519544020,0.022140503,-9.873901,0.39538574
1398519544454581503,1824833,1398519544029,0.018569946,-9.916748,0.42276
1398519544459922080,1824834,1398519544029,0.019760132,-9.897705,0.45846558
1398519544465293173,1824844,1398519544040,0.0054779053,-9.889374,0.54177856
1398519544470481162,1824845,1398519544040,0.024520874,-9.890564,0.42633057
1398519544474723105,1824854,1398519544049,0.01737976,-9.890564,0.47631836
1398519544480063681,1824854,1398519544049,0.048324585,-9.837006,0.42633057
1398519544485343222,1824865,1398519544060,7.171631E-4,-9.838196,0.4560852
1398519544490592246,1824865,1398519544060,-0.0028533936,-9.845337,0.37634277
1398519544494834189,1824874,1398519544069,0.016189575,-9.773926,0.4156189
1398519544500205283,1824874,1398519544070,0.0554657,-9.878662,0.50250244
1398519544505454306,1824885,1398519544080,0.07569885,-9.86795,0.39419556
1398519544510733847,1824885,1398519544080,-0.030227661,-9.781067,0.45132446
1398519544515006308,1824894,1398519544090,0.016189575,-9.854858,0.4060974
1398519544520346884,1824894,1398519544090,0.01499939,-9.869141,0.43704224
1398519544524955039,1824901,1398519544097,0.022140503,-9.885803,0.48703003
1398519544529990439,1824907,1398519544103,0.04118347,-9.871521,0.4310913
1398519544535025839,1824909,1398519544104,0.053085327,-9.842957,0.4727478
1398519544540641074,1824920,1398519544116,0.0054779053,-9.872711,0.42990112
1398519544545951132,1824920,1398519544116,0.01737976,-9.875092,0.40133667
1398519544550284628,1824929,1398519544125,-0.0052337646,-9.8941345,0.43823242
1398519544555655722,1824929,1398519544125,0.039993286,-9.873901,0.43347168
1398519544560782675,1824940,1398519544136,-0.001663208,-9.915558,0.42514038
1398519544566001181,1824940,1398519544136,0.020950317,-9.916748,0.43823242
1398519544570395712,1824949,1398519544145,0.0554657,-9.896515,0.4477539
1398519544575736289,1824949,1398519544145,0.023330688,-9.832245,0.50250244
1398519544580466513,1824959,1398519544155,-0.009994507,-9.834625,0.36206055
1398519544585746054,1824959,1398519544155,0.053085327,-9.878662,0.3918152
1398519544591056113,1824971,1398519544166,0.039993286,-9.854858,0.46679688
1398519544596274619,1824971,1398519544167,0.056655884,-9.8810425,0.45965576
1398519544600516562,1824978,1398519544173,0.056655884,-9.8810425,0.45965576
1398519544605643515,1824979,1398519544175,0.023330688,-9.871521,0.47869873
1398519544611747031,1824991,1398519544187,0.042373657,-9.907227,0.45132446
1398519544616965537,1824991,1398519544187,0.050704956,-9.847717,0.40371704
1398519544620627646,1824998,1398519544194,0.050704956,-9.847717,0.40371704
1398519544625785117,1825001,1398519544196,0.030471802,-9.838196,0.538208
1398519544630820517,1825010,1398519544205,0.07331848,-9.888184,0.45132446
1398519544636222128,1825010,1398519544206,0.006668091,-9.860809,0.40490723
1398519544641379599,1825021,1398519544216,-0.0076141357,-9.858429,0.4977417
1398519544646750693,1825021,1398519544217,-0.004043579,-9.902466,0.4239502
1398519544650870566,1825030,1398519544225,0.037612915,-9.86795,0.40014648
1398519544656119589,1825030,1398519544225,0.061416626,-9.914368,0.49179077
1398519544661765341,1825041,1398519544237,0.031661987,-9.840576,0.4727478
1398519544667044882,1825041,1398519544237,0.024520874,-9.821533,0.4489441
1398519544670981650,1825051,1398519544246,0.059036255,-9.909607,0.43347168
1398519544676230673,1825051,1398519544247,0.031661987,-9.883423,0.4310913
1398519544681205039,1825060,1398519544256,0.04951477,-9.877472,0.42752075
1398519544686576132,1825061,1398519544256,0.0388031,-9.857239,0.3739624
1398519544691703085,1825071,1398519544267,0.056655884,-9.845337,0.40371704
1398519544697043662,1825071,1398519544267,-0.014755249,-9.842957,0.4156189
1398519544701346640,1825081,1398519544277,0.039993286,-9.886993,0.42156982
1398519544706687216,1825081,1398519544277,0.05189514,-9.851288,0.4310913
1398519544711417441,1825091,1398519544286,0.04951477,-9.878662,0.42752075
1398519544716788535,1825091,1398519544286,0.019760132,-9.858429,0.47988892
1398519544721946005,1825101,1398519544297,0.016189575,-9.852478,0.41918945
1398519544727164511,1825101,1398519544297,0.012619019,-9.844147,0.40133667
1398519544731559042,1825111,1398519544307,-0.018325806,-9.9453125,0.4656067
1398519544736930136,1825112,1398519544307,-0.001663208,-9.877472,0.4572754
1398519544741568808,1825121,1398519544317,0.06260681,-9.791779,0.4310913
1398519544746939902,1825121,1398519544317,-0.043319702,-9.885803,0.44656372
1398519544751822714,1825132,1398519544327,0.05784607,-9.837006,0.41680908
1398519544757254843,1825132,1398519544328,0.039993286,-9.876282,0.45965576
1398519544761631081,1825139,1398519544335,0.032852173,-9.847717,0.47750854
1398519544766788552,1825140,1398519544336,0.024520874,-9.846527,0.42871094
1398519544772953103,1825152,1398519544348,0.05189514,-9.837006,0.4656067
1398519544778171609,1825152,1398519544348,0.026901245,-9.86795,0.4644165
1398519544781742165,1825159,1398519544355,0.05784607,-9.898895,0.46917725
1398519544786808083,1825161,1398519544356,0.024520874,-9.853668,0.46322632
1398519544792942117,1825172,1398519544368,0.08998108,-9.901276,0.44418335
1398519544798221658,1825172,1398519544368,0.013809204,-9.859619,0.41323853
1398519544801883767,1825179,1398519544375,0.039993286,-9.891754,0.43466187
1398519544807041238,1825181,1398519544377,0.02809143,-9.901276,0.4656067
1398519544812686990,1825192,1398519544388,0.080459595,-9.837006,0.46322632
1398519544817997048,1825192,1398519544388,0.013809204,-9.858429,0.4489441
1398519544822086404,1825201,1398519544397,0.05189514,-9.86557,0.4156189
1398519544827396462,1825201,1398519544397,0.032852173,-9.870331,0.40252686
1398519544832950662,1825212,1398519544408,-0.001663208,-9.869141,0.44656372
1398519544838260720,1825212,1398519544408,0.026901245,-9.86676,0.46203613
1398519544842197488,1825221,1398519544417,0.043563843,-9.890564,0.40966797
1398519544847446511,1825221,1398519544417,0.020950317,-9.878662,0.4644165
1398519544853366921,1825233,1398519544428,0.01499939,-9.86438,0.45013428
1398519544858585427,1825233,1398519544428,0.011428833,-9.904846,0.42156982
1398519544862308572,1825241,1398519544437,0.011428833,-9.904846,0.42156982
1398519544867496560,1825242,1398519544437,0.045944214,-9.892944,0.45846558
1398519544872379373,1825247,1398519544443,0.0554657,-9.832245,0.45489502
1398519544877414773,1825251,1398519544447,-0.0052337646,-9.942932,0.46798706
1398519544883731912,1825262,1398519544458,0.020950317,-9.853668,0.43347168
1398519544888462136,1825262,1398519544458,0.056655884,-9.852478,0.4060974
1398519544892551492,1825268,1398519544463,0.056655884,-9.852478,0.4060974
1398519544897556374,1825273,1398519544468,0.0030975342,-9.844147,0.4322815
1398519544902713845,1825282,1398519544477,0.04118347,-9.885803,0.4656067
1398519544908054421,1825282,1398519544477,0.0054779053,-9.876282,0.3406372
1398519544913364480,1825293,1398519544488,0.007858276,-9.872711,0.42633057
1398519544918582986,1825293,1398519544488,0.0054779053,-9.860809,0.42752075
1398519544922885964,1825302,1398519544497,-0.0052337646,-9.877472,0.46679688
1398519544928257058,1825302,1398519544498,0.024520874,-9.859619,0.44537354
1398519544933414529,1825313,1398519544508,0.035232544,-9.900085,0.40252686
1398519544938724587,1825313,1398519544508,0.039993286,-9.883423,0.41085815
1398519544942905496,1825318,1398519544513,0.016189575,-9.823914,0.42156982
1398519544947910378,1825322,1398519544518,0.048324585,-9.886993,0.42990112
1398519544953708718,1825332,1398519544528,-0.004043579,-9.891754,0.47869873
1398519544958438943,1825332,1398519544528,0.039993286,-9.8810425,0.42156982
1398519544963047097,1825338,1398519544534,0.053085327,-9.872711,0.45132446
1398519544968051980,1825343,1398519544539,0.024520874,-9.86676,0.4882202
1398519544973087380,1825348,1398519544544,-0.015945435,-9.842957,0.44418335
1398519544978122781,1825353,1398519544549,0.019760132,-9.878662,0.43823242
1398519544983280251,1825362,1398519544558,0.053085327,-9.917938,0.39419556
1398519544988681863,1825363,1398519544558,0.029281616,-9.871521,0.47036743
1398519544993869851,1825373,1398519544569,0.016189575,-9.838196,0.42156982
1398519544999088357,1825373,1398519544569,0.02571106,-9.860809,0.40490723
1398519545003421853,1825382,1398519544578,0.04951477,-9.891754,0.44656372
1398519545008762429,1825383,1398519544578,0.022140503,-9.833435,0.45251465
1398519545014072488,1825393,1398519544589,0.06260681,-9.902466,0.4394226
1398519545019290994,1825394,1398519544589,0.026901245,-9.9131775,0.43823242
1398519545023563455,1825403,1398519544598,0.024520874,-9.891754,0.42633057
1398519545028904031,1825403,1398519544598,-0.00642395,-9.902466,0.38467407
1398519545034153054,1825413,1398519544609,-0.012374878,-9.9131775,0.43704224
1398519545039371560,1825414,1398519544609,-0.014755249,-9.8619995,0.41085815
1398519545043705056,1825423,1398519544618,0.024520874,-9.908417,0.4656067
1398519545049045632,1825423,1398519544618,0.01737976,-9.825104,0.40966797
1398519545054264138,1825434,1398519544629,0.037612915,-9.827484,0.40371704
1398519545059482644,1825434,1398519544629,0.037612915,-9.873901,0.42871094
1398519545063846658,1825443,1398519544638,0.04951477,-9.844147,0.47512817
1398519545069187234,1825443,1398519544639,0.018569946,-9.900085,0.4060974
1398519545074405740,1825454,1398519544649,0.07450867,-9.860809,0.45132446
1398519545079685281,1825454,1398519544650,0.011428833,-9.837006,0.4656067
1398519545084018777,1825463,1398519544659,0.035232544,-9.859619,0.4560852
1398519545089389871,1825463,1398519544659,7.171631E-4,-9.902466,0.42156982
1398519545094547341,1825474,1398519544670,0.037612915,-9.844147,0.36920166
1398519545099857400,1825474,1398519544670,0.011428833,-9.891754,0.44180298
1398519545104160378,1825483,1398519544679,0.04951477,-9.869141,0.41204834
1398519545109531472,1825483,1398519544679,-4.7302246E-4,-9.846527,0.4072876
1398519545114719460,1825494,1398519544690,0.023330688,-9.939362,0.44537354
1398519545119999001,1825494,1398519544690,0.02809143,-9.897705,0.38705444
1398519545124301980,1825503,1398519544699,0.04475403,-9.896515,0.39657593
1398519545129673074,1825504,1398519544699,0.037612915,-9.889374,0.5001221
1398519545134830544,1825514,1398519544710,-0.020706177,-9.917938,0.4644165
1398519545140140603,1825514,1398519544710,0.016189575,-9.840576,0.46798706
1398519545144443581,1825523,1398519544719,-4.7302246E-4,-9.86676,0.5072632
1398519545149784158,1825524,1398519544719,-0.008804321,-9.878662,0.42156982
1398519545155002664,1825534,1398519544730,0.03404236,-9.869141,0.42871094
1398519545160221169,1825534,1398519544730,0.018569946,-9.851288,0.4310913
1398519545164585183,1825544,1398519544739,0.018569946,-9.851288,0.4310913
1398519545169925759,1825544,1398519544739,0.06022644,-9.827484,0.4977417
1398519545175174783,1825554,1398519544750,0.010238647,-9.820343,0.41918945
1398519545180393289,1825555,1398519544750,0.037612915,-9.859619,0.50250244
1398519545184696267,1825564,1398519544759,0.037612915,-9.859619,0.50250244
1398519545190036843,1825564,1398519544759,0.030471802,-9.852478,0.4239502
1398519545195346902,1825575,1398519544770,0.039993286,-9.920319,0.51797485
1398519545200565408,1825575,1398519544770,0.042373657,-9.850098,0.40133667
1398519545204868386,1825584,1398519544779,0.02571106,-9.848907,0.50250244
1398519545210178445,1825593,1398519544789,0.048324585,-9.872711,0.47155762
1398519545214786599,1825594,1398519544789,0.018569946,-9.848907,0.45846558
1398519545219821999,1825594,1398519544789,0.010238647,-9.895325,0.43466187
1398519545224857400,1825639,1398519544834,0.026901245,-9.890564,0.4239502
1398519545229892800,1825639,1398519544835,0.0388031,-9.819153,0.37039185
1398519545234928201,1825639,1398519544835,0.04951477,-9.858429,0.46679688
1398519545239963601,1825639,1398519544835,0.045944214,-9.878662,0.43704224
1398519545245029519,1825639,1398519544835,-0.0052337646,-9.871521,0.37991333
1398519545250125955,1825680,1398519544876,0.019760132,-9.848907,0.44656372
1398519545255100320,1825680,1398519544876,0.07569885,-9.845337,0.44656372
1398519545260105203,1825680,1398519544876,0.0388031,-9.856049,0.46322632
1398519545265140603,1825680,1398519544876,0.019760132,-9.831055,0.45132446
1398519545270176003,1825680,1398519544876,0.0042877197,-9.838196,0.42871094
1398519545275119851,1825680,1398519544876,0.023330688,-9.857239,0.45846558
1398519545280155251,1825680,1398519544876,0.019760132,-9.860809,0.41323853
1398519545285190652,1825680,1398519544876,0.023330688,-9.898895,0.43823242
1398519545290226052,1825680,1398519544876,0.0019073486,-9.895325,0.45489502
1398519545295261453,1825681,1398519544876,0.02571106,-9.872711,0.41085815
1398519545300296853,1825681,1398519544876,0.050704956,-9.853668,0.42990112
1398519545305332253,1825681,1398519544876,0.006668091,-9.825104,0.40014648
1398519545310367654,1825703,1398519544899,0.031661987,-9.891754,0.45013428
1398519545315403054,1825704,1398519544899,0.037612915,-9.810822,0.4060974
1398519545320438455,1825704,1398519544899,0.035232544,-9.8810425,0.42752075
1398519545325473855,1825704,1398519544899,0.07450867,-9.906036,0.40252686
1398519545330509255,1825704,1398519544899,0.0054779053,-9.86319,0.47512817
1398519545335544656,1825710,1398519544906,0.072128296,-9.897705,0.39419556
1398519545340915749,1825718,1398519544913,0.023330688,-9.832245,0.4310913
1398519545345707009,1825719,1398519544914,0.06617737,-9.860809,0.4572754
1398519545351139138,1825729,1398519544925,0.06260681,-9.8619995,0.50845337
1398519545355838845,1825729,1398519544925,-0.030227661,-9.906036,0.4810791
1398519545361270974,1825739,1398519544935,0.04118347,-9.848907,0.46798706
1398519545365940164,1825739,1398519544935,0.082839966,-9.870331,0.45965576
1398519545371341775,1825749,1398519544945,0.011428833,-9.838196,0.3977661
1398519545376010964,1825749,1398519544945,0.03642273,-9.897705,0.4572754
1398519545381412576,1825759,1398519544955,-0.011184692,-9.835815,0.4572754
1398519545386081765,1825759,1398519544955,0.010238647,-9.888184,0.41323853
1398519545391483376,1825769,1398519544965,0.006668091,-9.890564,0.47036743
1398519545396152566,1825769,1398519544965,0.023330688,-9.835815,0.44180298
1398519545401554177,1825779,1398519544975,0.01499939,-9.9131775,0.4644165
1398519545406223367,1825779,1398519544975,0.04475403,-9.86795,0.473938
1398519545411624978,1825789,1398519544985,0.04118347,-9.8941345,0.4394226
1398519545416294167,1825789,1398519544985,0.032852173,-9.878662,0.46084595
1398519545421695779,1825800,1398519544995,-0.004043579,-9.876282,0.44418335
1398519545426364968,1825800,1398519544995,-0.00642395,-9.86319,0.4394226
1398519545431766580,1825810,1398519545005,0.093551636,-9.882233,0.40847778
1398519545436435769,1825810,1398519545005,0.016189575,-9.859619,0.39419556
1398519545441837380,1825820,1398519545016,0.0388031,-9.851288,0.44537354
1398519545446506570,1825820,1398519545016,0.020950317,-9.86676,0.42990112
1398519545451358865,1825827,1398519545023,0.02571106,-9.86795,0.40252686
1398519545456394265,1825829,1398519545025,0.011428833,-9.854858,0.4906006
1398519545461673806,1825840,1398519545035,0.042373657,-9.835815,0.39300537
1398519545466617654,1825842,1398519545037,0.04951477,-9.872711,0.47988892
1398519545471530984,1825846,1398519545042,0.050704956,-9.86438,0.41918945
1398519545476566384,1825850,1398519545045,-0.012374878,-9.857239,0.46084595
1398519545482120583,1825857,1398519545053,0.023330688,-9.902466,0.41799927
1398519545486667703,1825860,1398519545055,0.023330688,-9.902466,0.41799927
1398519545492221902,1825870,1398519545065,-0.009994507,-9.883423,0.46203613
1398519545496830056,1825870,1398519545066,0.07807922,-9.892944,0.46917725
1398519545502292703,1825880,1398519545076,7.171631E-4,-9.86676,0.45489502
1398519545506870339,1825880,1398519545076,0.031661987,-9.852478,0.44180298
1398519545512363503,1825892,1398519545088,0.048324585,-9.852478,0.47155762
1398519545516941140,1825892,1398519545088,0.069747925,-9.851288,0.46322632
1398519545521946023,1825897,1398519545093,0.061416626,-9.852478,0.41918945
1398519545526981423,1825901,1398519545097,0.0388031,-9.845337,0.4489441
1398519545532352517,1825907,1398519545103,0.031661987,-9.878662,0.47869873
1398519545537113259,1825911,1398519545107,0.026901245,-9.860809,0.40252686
1398519545542484353,1825920,1398519545115,0.030471802,-9.8810425,0.48703003
1398519545547214578,1825922,1398519545117,0.04118347,-9.845337,0.4322815
1398519545552372048,1825929,1398519545125,0.0019073486,-9.842957,0.44537354
1398519545557285378,1825931,1398519545127,0.05784607,-9.857239,0.46679688
1398519545562625955,1825941,1398519545137,0.04951477,-9.86676,0.44180298
1398519545567386697,1825941,1398519545137,0.0471344,-9.848907,0.47512817
1398519545572605203,1825950,1398519545145,0.03404236,-9.904846,0.5120239
1398519545577457498,1825952,1398519545147,0.07569885,-9.878662,0.5239258
1398519545582676003,1825961,1398519545157,0.061416626,-9.86319,0.45846558
1398519545587528298,1825961,1398519545157,-0.025466919,-9.860809,0.40133667
1398519545592807839,1825971,1398519545167,0.016189575,-9.896515,0.41085815
1398519545597568581,1825972,1398519545167,0.0054779053,-9.883423,0.41680908
1398519545602909158,1825980,1398519545176,0.07807922,-9.871521,0.4572754
1398519545607639382,1825982,1398519545177,0.031661987,-9.846527,0.43466187
1398519545612888406,1825991,1398519545187,0.007858276,-9.809631,0.46084595
1398519545617710183,1825992,1398519545187,0.056655884,-9.86438,0.50845337
1398519545623050759,1826001,1398519545197,0.06855774,-9.844147,0.4810791
1398519545627780984,1826002,1398519545197,-0.026657104,-9.873901,0.46679688
1398519545633121560,1826011,1398519545206,0.022140503,-9.852478,0.4322815
1398519545637851785,1826012,1398519545207,0.030471802,-9.86557,0.35491943
1398519545643222878,1826021,1398519545216,0.06022644,-9.875092,0.4656067
1398519545647953103,1826022,1398519545217,0.026901245,-9.834625,0.390625
1398519545653293679,1826032,1398519545228,0.048324585,-9.869141,0.4406128
1398519545658023904,1826032,1398519545228,0.03642273,-9.846527,0.40252686
1398519545662937234,1826037,1398519545232,0.069747925,-9.851288,0.4882202
1398519545669040749,1826048,1398519545244,-0.011184692,-9.857239,0.40133667
1398519545674350808,1826049,1398519545244,0.04951477,-9.840576,0.43823242
1398519545678073953,1826056,1398519545251,0.035232544,-9.902466,0.37039185
1398519545683231423,1826057,1398519545253,-0.00642395,-9.851288,0.44537354
1398519545688724587,1826068,1398519545264,0.013809204,-9.877472,0.42156982
1398519545694004128,1826068,1398519545264,-0.021896362,-9.840576,0.40966797
1398519545698337624,1826077,1398519545273,0.056655884,-9.850098,0.44537354
1398519545703708718,1826078,1398519545273,0.03642273,-9.825104,0.42990112
1398519545708866189,1826088,1398519545284,0.050704956,-9.901276,0.44537354
1398519545714176248,1826088,1398519545284,0.02571106,-9.838196,0.34777832
1398519545718479226,1826098,1398519545293,0.024520874,-9.842957,0.37277222
1398519545723850320,1826098,1398519545293,-0.004043579,-9.86795,0.42871094
1398519545729007790,1826108,1398519545304,0.054275513,-9.911987,0.36087036
1398519545734287331,1826109,1398519545304,0.02571106,-9.871521,0.4406128
1398519545738590310,1826118,1398519545313,0.02571106,-9.871521,0.4406128
1398519545743930886,1826118,1398519545313,0.0471344,-9.823914,0.48703003
1398519545749271462,1826129,1398519545324,0.039993286,-9.879852,0.4489441
1398519545754489968,1826129,1398519545324,0.01737976,-9.897705,0.43466187
1398519545758701394,1826138,1398519545333,0.01737976,-9.897705,0.43466187
1398519545764041970,1826138,1398519545333,0.01737976,-9.822723,0.38586426
1398519545769413064,1826149,1398519545344,-0.043319702,-9.8810425,0.45013428
1398519545774662087,1826149,1398519545345,0.031661987,-9.852478,0.44656372
1398519545778842996,1826158,1398519545353,0.023330688,-9.870331,0.45846558
1398519545784122537,1826158,1398519545354,0.059036255,-9.92984,0.4406128
1398519545789676736,1826169,1398519545365,0.0030975342,-9.853668,0.45132446
1398519545794895242,1826169,1398519545365,0.07331848,-9.860809,0.37872314
1398519545798923562,1826178,1398519545373,-0.032608032,-9.914368,0.45846558
1398519545804142068,1826178,1398519545374,0.020950317,-9.837006,0.44299316
1398519545810092996,1826191,1398519545386,-0.026657104,-9.916748,0.42752075
1398519545815403054,1826191,1398519545386,0.0471344,-9.832245,0.4572754
1398519545819034646,1826194,1398519545390,0.023330688,-9.876282,0.42633057
1398519545824070046,1826199,1398519545395,0.06498718,-9.878662,0.44299316
1398519545829135964,1826208,1398519545404,0.030471802,-9.889374,0.44656372
1398519545834415505,1826208,1398519545404,0.024520874,-9.860809,0.4072876
1398519545839298318,1826218,1398519545414,0.045944214,-9.92746,0.45965576
1398519545844669412,1826219,1398519545414,-0.001663208,-9.915558,0.45846558
1398519545849399636,1826229,1398519545424,0.009048462,-9.872711,0.36920166
1398519545854770730,1826229,1398519545424,0.03642273,-9.872711,0.46203613
1398519545859928201,1826239,1398519545435,0.091171265,-9.873901,0.4822693
1398519545865238259,1826240,1398519545436,0.07450867,-9.858429,0.43347168
1398519545869419167,1826247,1398519545442,0.031661987,-9.873901,0.42276
1398519545874424050,1826248,1398519545444,0.0030975342,-9.895325,0.37158203
1398519545879581521,1826259,1398519545454,0.031661987,-9.841766,0.44180298
1398519545884983132,1826259,1398519545454,0.012619019,-9.839386,0.4406128
1398519545889682839,1826269,1398519545465,0.04118347,-9.859619,0.42037964
1398519545895084451,1826269,1398519545465,0.0388031,-9.873901,0.50131226
1398519545899784158,1826279,1398519545475,0.045944214,-9.896515,0.47155762
1398519545905185769,1826279,1398519545475,0.01737976,-9.86795,0.39300537
1398519545910129617,1826289,1398519545485,0.030471802,-9.8619995,0.41323853
1398519545915348123,1826291,1398519545486,-0.015945435,-9.844147,0.44656372
1398519545919773171,1826297,1398519545492,0.0019073486,-9.934601,0.44180298
1398519545924778054,1826298,1398519545494,0.009048462,-9.920319,0.4977417
1398519545930332253,1826310,1398519545505,0.0042877197,-9.839386,0.47750854
1398519545935520242,1826310,1398519545505,0.0054779053,-9.808441,0.41323853
1398519545940006326,1826319,1398519545515,0.01737976,-9.8810425,0.43704224
1398519545945407937,1826319,1398519545515,0.01499939,-9.871521,0.40133667
1398519545950504373,1826330,1398519545526,0.0019073486,-9.8619995,0.506073
1398519545955722878,1826330,1398519545526,-0.058792114,-9.919128,0.5072632
1398519545960178445,1826339,1398519545535,0.10545349,-9.933411,0.4144287
1398519545965549539,1826340,1398519545536,0.06855774,-9.897705,0.52749634
1398519545970157693,1826349,1398519545545,0.023330688,-9.857239,0.44299316
1398519545975376199,1826349,1398519545545,0.045944214,-9.903656,0.4322815
1398519545981021951,1826361,1398519545556,0.04118347,-9.911987,0.45965576
1398519545986393044,1826361,1398519545556,0.023330688,-9.835815,0.4477539
1398519545990268777,1826368,1398519545564,0.06498718,-9.834625,0.4560852
1398519545995426248,1826369,1398519545565,0.048324585,-9.890564,0.3989563
1398519546001377175,1826381,1398519545576,0.029281616,-9.794159,0.4072876
1398519546006687234,1826381,1398519545577,0.023330688,-9.890564,0.4394226
1398519546010379861,1826388,1398519545584,0.023330688,-9.890564,0.4394226
1398519546015537331,1826391,1398519545586,0.0019073486,-9.904846,0.43466187
1398519546020542214,1826400,1398519545595,0.04118347,-9.8298645,0.40371704
1398519546025913308,1826400,1398519545595,0.04475403,-9.86795,0.41680908
1398519546031101296,1826411,1398519545606,0.02809143,-9.873901,0.39657593
1398519546036350320,1826411,1398519545607,0.026901245,-9.917938,0.38467407
1398519546040592263,1826420,1398519545615,0.026901245,-9.917938,0.38467407
1398519546045841287,1826420,1398519545615,0.024520874,-9.86438,0.37991333
1398519546051456521,1826431,1398519545626,0.043563843,-9.814392,0.42752075
1398519546056675027,1826431,1398519545627,0.012619019,-9.86319,0.41680908
1398519546060855935,1826441,1398519545637,0.03404236,-9.891754,0.45489502
1398519546066135476,1826441,1398519545637,0.03642273,-9.835815,0.44299316
1398519546070835183,1826450,1398519545645,0.091171265,-9.8619995,0.40490723
1398519546076084206,1826450,1398519545646,0.012619019,-9.901276,0.5132141
1398519546081913064,1826462,1398519545657,0.06855774,-9.898895,0.4489441
1398519546087436746,1826462,1398519545658,0.007858276,-9.889374,0.39538574
1398519546090976785,1826468,1398519545664,0.03404236,-9.875092,0.47988892
1398519546095981667,1826470,1398519545665,0.04951477,-9.834625,0.4144287
1398519546102298806,1826482,1398519545677,0.026901245,-9.86795,0.40966797
1398519546107608865,1826482,1398519545677,0.101882935,-9.869141,0.42156982
1398519546111087869,1826488,1398519545684,-0.015945435,-9.869141,0.4322815
1398519546116123269,1826491,1398519545686,0.031661987,-9.835815,0.42156982
1398519546121433328,1826501,1398519545697,0.030471802,-9.885803,0.40490723
1398519546126773904,1826501,1398519545697,0.06736755,-9.825104,0.4810791
1398519546131351540,1826511,1398519545706,7.171631E-4,-9.860809,0.35849
1398519546136844705,1826511,1398519545707,0.08641052,-9.86795,0.46917725
1398519546141666482,1826521,1398519545717,-0.01713562,-9.86676,0.45370483
1398519546146946023,1826521,1398519545717,0.031661987,-9.886993,0.42871094
1398519546151493142,1826531,1398519545726,-0.012374878,-9.882233,0.42752075
1398519546156925271,1826531,1398519545727,0.031661987,-9.847717,0.40847778
1398519546161960671,1826541,1398519545737,-0.00642395,-9.854858,0.3977661
1398519546167240212,1826542,1398519545737,0.02809143,-9.845337,0.4977417
1398519546171634744,1826552,1398519545747,0.029281616,-9.834625,0.44299316
1398519546177005837,1826552,1398519545747,-0.001663208,-9.884613,0.4322815
1398519546181644509,1826561,1398519545756,0.010238647,-9.900085,0.49893188
1398519546186893533,1826561,1398519545756,0.063797,-9.86676,0.4572754
1398519546192447732,1826572,1398519545768,0.016189575,-9.911987,0.47036743
1398519546197727273,1826572,1398519545768,0.06617737,-9.86319,0.44537354
1398519546201786111,1826581,1398519545776,0.050704956,-9.809631,0.4727478
1398519546206974099,1826581,1398519545777,-0.011184692,-9.860809,0.38467407
1398519546212619851,1826592,1398519545788,0.082839966,-9.826294,0.4489441
1398519546217838357,1826592,1398519545788,-0.04689026,-9.888184,0.4144287
1398519546221958230,1826602,1398519545797,0.032852173,-9.815582,0.42156982
1398519546227176736,1826602,1398519545798,0.030471802,-9.86438,0.36325073
1398519546232059548,1826611,1398519545807,-0.032608032,-9.877472,0.390625
1398519546237461160,1826611,1398519545807,0.082839966,-9.871521,0.42037964
1398519546242618630,1826622,1398519545818,0.026901245,-9.878662,0.42514038
1398519546247837136,1826622,1398519545818,0.08760071,-9.832245,0.3977661
1398519546252201150,1826632,1398519545827,0.01737976,-9.888184,0.37753296
1398519546257877419,1826632,1398519545828,0.04118347,-9.877472,0.44656372
1398519546262302468,1826642,1398519545837,-0.0076141357,-9.856049,0.43466187
1398519546267734597,1826642,1398519545837,0.020950317,-9.870331,0.47988892
1398519546272769998,1826652,1398519545848,0.0554657,-9.86438,0.4882202
1398519546278080056,1826652,1398519545848,-0.0135650635,-9.760834,0.3822937
1398519546282413552,1826662,1398519545857,0.059036255,-9.86438,0.4394226
1398519546287815164,1826662,1398519545857,-0.004043579,-9.845337,0.52630615
1398519546292972634,1826672,1398519545868,0.05784607,-9.933411,0.40371704
1398519546298282693,1826673,1398519545868,-0.031417847,-9.841766,0.43347168
1398519546302585671,1826682,1398519545877,-0.031417847,-9.841766,0.43347168
1398519546307956765,1826682,1398519545878,0.0030975342,-9.839386,0.39538574
1398519546313114236,1826693,1398519545888,0.04475403,-9.8941345,0.4072876
1398519546318424294,1826693,1398519545888,-0.03617859,-9.86795,0.41799927
1398519546322727273,1826702,1398519545897,-0.03617859,-9.86795,0.41799927
1398519546328067849,1826702,1398519545898,0.045944214,-9.86319,0.49417114
1398519546333316873,1826713,1398519545908,0.01737976,-9.876282,0.45251465
1398519546338535378,1826713,1398519545908,0.01737976,-9.859619,0.42990112
1398519546342868874,1826722,1398519545918,0.04118347,-9.8941345,0.42633057
1398519546348209451,1826722,1398519545918,0.011428833,-9.879852,0.42633057
1398519546353519509,1826734,1398519545929,0.013809204,-9.879852,0.47750854
1398519546358738015,1826734,1398519545930,0.010238647,-9.878662,0.4477539
1398519546362943509,1826739,1398519545935,0.035232544,-9.885803,0.40490723
1398519546367978910,1826744,1398519545940,0.069747925,-9.825104,0.47036743
1398519546373014310,1826752,1398519545947,0.010238647,-9.832245,0.46679688
1398519546378049710,1826752,1398519545948,-0.0076141357,-9.871521,0.48464966
1398519546384275296,1826763,1398519545958,-4.7302246E-4,-9.904846,0.4656067
1398519546388639310,1826763,1398519545958,0.045944214,-9.846527,0.41918945
1398519546393186429,1826768,1398519545964,0.06498718,-9.873901,0.4060974
1398519546398191312,1826774,1398519545969,-0.001663208,-9.816772,0.4882202
1398519546403226712,1826778,1398519545974,-0.01713562,-9.846527,0.41680908
1398519546408262113,1826784,1398519545979,0.06498718,-9.841766,0.4477539
1398519546413297513,1826791,1398519545986,0.072128296,-9.888184,0.45132446
1398519546418454984,1826793,1398519545988,0.030471802,-9.857239,0.5001221
1398519546424131253,1826804,1398519545999,0.056655884,-9.879852,0.45489502
1398519546429410794,1826804,1398519545999,0.043563843,-9.875092,0.36444092
1398519546433439115,1826808,1398519546004,0.06260681,-9.903656,0.41323853
1398519546438474515,1826860,1398519546056,0.031661987,-9.828674,0.42871094
1398519546443509915,1826860,1398519546056,0.02571106,-9.896515,0.42037964
1398519546448575833,1826860,1398519546056,-0.008804321,-9.86319,0.3918152
1398519546453611234,1826861,1398519546056,7.171631E-4,-9.888184,0.4310913
1398519546458616117,1826861,1398519546056,0.0054779053,-9.823914,0.4394226
1398519546463651517,1826861,1398519546057,0.012619019,-9.870331,0.45965576
1398519546468717435,1826861,1398519546057,0.042373657,-9.858429,0.5048828
1398519546473752835,1826861,1398519546057,0.048324585,-9.886993,0.46917725
1398519546478788236,1826862,1398519546057,0.061416626,-9.888184,0.4394226
1398519546483823636,1826885,1398519546080,0.020950317,-9.860809,0.40252686
1398519546488828519,1826885,1398519546080,0.012619019,-9.909607,0.44418335
1398519546493863919,1826885,1398519546080,0.061416626,-9.837006,0.49536133
1398519546498899320,1826885,1398519546080,0.011428833,-9.870331,0.42871094
1398519546503843167,1826885,1398519546080,0.04118347,-9.8619995,0.42037964
1398519546508878568,1826885,1398519546081,0.02571106,-9.916748,0.4894104
1398519546513913968,1826888,1398519546084,0.056655884,-9.878662,0.41323853
1398519546518949369,1826898,1398519546093,-0.030227661,-9.872711,0.48464966
1398519546524320462,1826898,1398519546093,0.039993286,-9.847717,0.46322632
1398519546529020169,1826906,1398519546101,0.0554657,-9.856049,0.42990112
1398519546534147122,1826908,1398519546104,-4.7302246E-4,-9.896515,0.49893188
1398519546539090970,1826914,1398519546109,0.04951477,-9.872711,0.47512817
1398519546544126370,1826919,1398519546114,0.0388031,-9.854858,0.44418335
1398519546549161771,1826928,1398519546123,0.01499939,-9.876282,0.39419556
1398519546554380277,1826928,1398519546123,-0.00642395,-9.917938,0.43585205
1398519546559232572,1826937,1398519546132,0.022140503,-9.8810425,0.46798706
1398519546564267972,1826937,1398519546133,0.0471344,-9.871521,0.4644165
1398519546569394925,1826948,1398519546143,0.05784607,-9.846527,0.4406128
1398519546574521878,1826948,1398519546143,-0.008804321,-9.904846,0.5144043
1398519546579374173,1826966,1398519546162,0.03642273,-9.889374,0.47988892
1398519546584592679,1826966,1398519546162,0.031661987,-9.909607,0.42156982
1398519546589444974,1826966,1398519546162,0.020950317,-9.870331,0.47036743
1398519546594480374,1826969,1398519546165,0.061416626,-9.859619,0.48464966
1398519546599607327,1826978,1398519546174,0.050704956,-9.888184,0.4727478
1398519546604764798,1826978,1398519546174,0.029281616,-9.882233,0.42514038
1398519546609830716,1826989,1398519546184,-0.0135650635,-9.835815,0.44299316
1398519546615110257,1826989,1398519546184,0.04118347,-9.873901,0.4489441
1398519546620023587,1826999,1398519546195,0.030471802,-9.86319,0.3834839
1398519546625303128,1826999,1398519546195,0.030471802,-9.847717,0.3822937
1398519546630094388,1827009,1398519546205,0.023330688,-9.852478,0.4560852
1398519546635343411,1827009,1398519546205,0.023330688,-9.852478,0.4727478
1398519546640561917,1827020,1398519546215,0.0054779053,-9.820343,0.46203613
1398519546645627835,1827020,1398519546215,0.042373657,-9.888184,0.47988892
1398519546650113919,1827029,1398519546225,0.03642273,-9.920319,0.4322815
1398519546655393460,1827029,1398519546225,0.04118347,-9.847717,0.43704224
1398519546660184720,1827039,1398519546235,0.01737976,-9.859619,0.45370483
1398519546665464261,1827039,1398519546235,0.04118347,-9.853668,0.4406128
1398519546670591214,1827050,1398519546245,0.04475403,-9.86319,0.39419556
1398519546675809720,1827050,1398519546245,0.0042877197,-9.851288,0.4394226
1398519546680478910,1827059,1398519546255,-0.001663208,-9.871521,0.473938
1398519546685727933,1827059,1398519546255,0.016189575,-9.822723,0.4727478
1398519546690275052,1827069,1398519546265,0.020950317,-9.853668,0.45013428
1398519546695524076,1827069,1398519546265,-0.004043579,-9.882233,0.45846558
1398519546700284818,1827074,1398519546270,0.0554657,-9.86557,0.48464966
1398519546705381253,1827080,1398519546276,0.016189575,-9.925079,0.36087036
1398519546710508206,1827087,1398519546283,0.019760132,-9.901276,0.48703003
1398519546715635160,1827089,1398519546285,0.02809143,-9.886993,0.39657593
1398519546721372464,1827100,1398519546296,0.012619019,-9.869141,0.44537354
1398519546726041654,1827100,1398519546296,0.042373657,-9.844147,0.43347168
1398519546730771878,1827110,1398519546305,0.0388031,-9.847717,0.41323853
1398519546735807279,1827110,1398519546305,0.009048462,-9.842957,0.4144287
1398519546741269925,1827121,1398519546317,0.035232544,-9.886993,0.45370483
1398519546746030667,1827121,1398519546317,0.023330688,-9.826294,0.47155762
1398519546750699857,1827128,1398519546323,0.06617737,-9.888184,0.49417114
1398519546755826810,1827130,1398519546325,0.018569946,-9.844147,0.47631836
1398519546761625150,1827140,1398519546336,0.0388031,-9.93222,0.3989563
1398519546766324857,1827140,1398519546336,0.030471802,-9.839386,0.41323853
1398519546771085599,1827150,1398519546346,0.0042877197,-9.845337,0.44537354
1398519546776090482,1827150,1398519546346,0.0054779053,-9.835815,0.43704224
1398519546781308988,1827160,1398519546356,0.0054779053,-9.837006,0.48345947
1398519546786222318,1827160,1398519546356,0.050704956,-9.827484,0.390625
1398519546791562894,1827172,1398519546367,0.0388031,-9.853668,0.46798706
1398519546796354154,1827172,1398519546367,0.0388031,-9.86319,0.47512817
1398519546801053861,1827178,1398519546373,-0.0052337646,-9.873901,0.42037964
1398519546806058744,1827180,1398519546375,0.026901245,-9.857239,0.4489441
1398519546812070706,1827191,1398519546387,0.06022644,-9.856049,0.4072876
1398519546816709378,1827191,1398519546387,0.037612915,-9.870331,0.4322815
1398519546821287015,1827199,1398519546395,0.056655884,-9.822723,0.40847778
1398519546826413968,1827200,1398519546396,0.02809143,-9.844147,0.45013428
1398519546832120755,1827211,1398519546406,0.012619019,-9.851288,0.42871094
1398519546836789945,1827211,1398519546407,0.037612915,-9.858429,0.42276
1398519546841581204,1827221,1398519546417,-0.0076141357,-9.86319,0.5286865
1398519546846616605,1827221,1398519546417,0.01737976,-9.869141,0.4322815
1398519546851499417,1827230,1398519546426,0.03642273,-9.86795,0.42990112
1398519546856656888,1827230,1398519546426,0.006668091,-9.844147,0.44656372
1398519546862363675,1827241,1398519546437,0.029281616,-9.848907,0.42633057
1398519546866971829,1827241,1398519546437,0.0554657,-9.876282,0.43823242
1398519546871793607,1827250,1398519546446,0.045944214,-9.826294,0.39538574
1398519546876798490,1827251,1398519546446,0.011428833,-9.86438,0.42990112
1398519546882474759,1827261,1398519546457,0.012619019,-9.848907,0.40847778
1398519546887174466,1827261,1398519546457,0.023330688,-9.86557,0.3739624
1398519546892087796,1827273,1398519546468,0.023330688,-9.86557,0.3739624
1398519546897001126,1827273,1398519546468,0.029281616,-9.903656,0.44656372
1398519546901761869,1827277,1398519546472,0.029281616,-9.903656,0.44656372
1398519546906797269,1827280,1398519546476,0.07688904,-9.892944,0.4656067
1398519546912839749,1827291,1398519546487,0.006668091,-9.870331,0.4906006
1398519546917264798,1827292,1398519546487,0.0054779053,-9.851288,0.3989563
1398519546922300199,1827301,1398519546497,0.03404236,-9.851288,0.4072876
1398519546927213529,1827301,1398519546497,-0.011184692,-9.888184,0.40014648
1398519546932370999,1827311,1398519546507,-0.008804321,-9.846527,0.43347168
1398519546937284329,1827311,1398519546507,0.06022644,-9.846527,0.5536804
1398519546942777494,1827323,1398519546518,0.03404236,-9.86557,0.4322815
1398519546947843411,1827323,1398519546519,0.035232544,-9.875092,0.40133667
1398519546952085355,1827327,1398519546523,0.018569946,-9.827484,0.36087036
1398519546957151273,1827331,1398519546527,0.031661987,-9.884613,0.44656372
1398519546963071683,1827342,1398519546538,0.031661987,-9.860809,0.41204834
1398519546967862943,1827342,1398519546538,0.06022644,-9.885803,0.4906006
1398519546972349027,1827351,1398519546547,0.082839966,-9.895325,0.38824463
1398519546977506497,1827352,1398519546547,0.019760132,-9.892944,0.39657593
1398519546982969144,1827362,1398519546557,0.02809143,-9.850098,0.4894104
1398519546987760404,1827362,1398519546557,-0.02784729,-9.896515,0.4644165
1398519546992795804,1827373,1398519546568,0.037612915,-9.892944,0.46322632
1398519546997739652,1827373,1398519546569,0.013809204,-9.883423,0.42633057
1398519547002439359,1827378,1398519546573,0.011428833,-9.859619,0.45251465
1398519547007474759,1827383,1398519546578,0.022140503,-9.896515,0.4644165
1398519547012510160,1827388,1398519546583,0.019760132,-9.8619995,0.45251465
1398519547017545560,1827393,1398519546588,0.009048462,-9.907227,0.3656311
1398519547022580960,1827398,1398519546593,0.024520874,-9.839386,0.4489441
1398519547027646878,1827403,1398519546598,-0.03617859,-9.892944,0.46917725
1398519547032743314,1827412,1398519546607,-0.009994507,-9.872711,0.46798706
1398519547037931302,1827412,1398519546607,0.018569946,-9.859619,0.40133667
1398519547043607572,1827422,1398519546618,0.053085327,-9.872711,0.3834839
1398519547048276761,1827422,1398519546618,0.020950317,-9.923889,0.51797485
1398519547053190091,1827432,1398519546627,0.04951477,-9.839386,0.43347168
1398519547058133939,1827432,1398519546628,0.030471802,-9.875092,0.4156189
1398519547063566068,1827442,1398519546638,0.061416626,-9.825104,0.4810791
1398519547068326810,1827442,1398519546638,0.05189514,-9.923889,0.41799927
1398519547073362210,1827452,1398519546648,0.054275513,-9.896515,0.4239502
1398519547078275540,1827452,1398519546648,0.05784607,-9.871521,0.44418335
1398519547083738187,1827462,1398519546658,0.009048462,-9.892944,0.40847778
1398519547088498929,1827463,1398519546658,-0.012374878,-9.908417,0.43466187
1398519547093076566,1827468,1398519546664,0.0030975342,-9.86676,0.42871094
1398519547098142484,1827472,1398519546668,0.0388031,-9.858429,0.42752075
1398519547104062894,1827482,1398519546678,0.01737976,-9.8619995,0.42514038
1398519547108518460,1827483,1398519546678,0.024520874,-9.841766,0.43466187
1398519547113248685,1827488,1398519546684,0.031661987,-9.79892,0.4239502
1398519547118284085,1827495,1398519546691,0.042373657,-9.891754,0.41323853
1398519547123288968,1827498,1398519546694,0.037612915,-9.819153,0.39419556
1398519547128354886,1827505,1398519546701,0.02571106,-9.877472,0.43347168
1398519547133359769,1827508,1398519546704,0.006668091,-9.846527,0.42990112
1398519547138486722,1827517,1398519546713,0.022140503,-9.850098,0.44299316
1398519547143674710,1827518,1398519546713,0.03642273,-9.908417,0.4144287
1398519547149350980,1827528,1398519546723,0.045944214,-9.882233,0.40371704
1398519547154050687,1827528,1398519546724,0.04951477,-9.860809,0.47631836
1398519547158933499,1827538,1398519546733,0.026901245,-9.86676,0.43466187
1398519547163877347,1827538,1398519546733,-0.019515991,-9.944122,0.47512817
1398519547169309476,1827548,1398519546744,0.007858276,-9.851288,0.46084595
1398519547174070218,1827548,1398519546744,0.0554657,-9.875092,0.44418335
1398519547179136136,1827558,1398519546753,0.0554657,-9.875092,0.44418335
1398519547184049466,1827558,1398519546754,0.016189575,-9.879852,0.42276
1398519547189451077,1827568,1398519546764,-0.011184692,-9.877472,0.45370483
1398519547194211820,1827568,1398519546764,0.011428833,-9.851288,0.42276
1398519547198850492,1827573,1398519546768,0.056655884,-9.854858,0.39657593
1398519547203885892,1827579,1398519546775,0.053085327,-9.844147,0.45489502
1398519547208921292,1827587,1398519546782,0.013809204,-9.857239,0.40847778
1398519547214048245,1827588,1398519546783,0.029281616,-9.852478,0.4882202
1398519547218992093,1827597,1398519546792,0.08403015,-9.876282,0.46322632
1398519547224119046,1827598,1398519546793,0.07331848,-9.910797,0.4156189
1398519547229093411,1827607,1398519546802,-0.0135650635,-9.834625,0.39538574
1398519547234220365,1827609,1398519546804,0.030471802,-9.86438,0.39300537
1398519547239560941,1827618,1398519546814,0.08403015,-9.86557,0.45489502
1398519547244474271,1827618,1398519546814,0.010238647,-9.856049,0.53582764
1398519547249906400,1827629,1398519546824,7.171631E-4,-9.827484,0.4572754
1398519547254667142,1827629,1398519546824,-0.00642395,-9.901276,0.44180298
1398519547259672025,1827638,1398519546834,0.02571106,-9.857239,0.40133667
1398519547264585355,1827639,1398519546834,0.018569946,-9.877472,0.3918152
1398519547269986966,1827649,1398519546844,0.03642273,-9.908417,0.38467407
1398519547274747708,1827649,1398519546844,0.029281616,-9.832245,0.46917725
1398519547279386380,1827657,1398519546852,0.03404236,-9.904846,0.4727478
1398519547284543851,1827658,1398519546854,0.01737976,-9.844147,0.44418335
1398519547290342191,1827669,1398519546865,0.037612915,-9.847717,0.4572754
1398519547295011380,1827669,1398519546865,0.018569946,-9.879852,0.4977417
1398519547299527982,1827675,1398519546870,0.06855774,-9.901276,0.44180298
1398519547304563382,1827680,1398519546875,0.020950317,-9.844147,0.5536804
1398519547309690335,1827688,1398519546883,-0.045700073,-9.895325,0.40133667
1398519547314847806,1827689,1398519546884,0.042373657,-9.885803,0.40847778
1398519547319944242,1827699,1398519546894,0.043563843,-9.86676,0.41918945
1398519547324949124,1827699,1398519546895,0.0388031,-9.841766,0.4727478
1398519547330137113,1827709,1398519546904,0.037612915,-9.870331,0.44418335
1398519547335080960,1827709,1398519546905,0.0042877197,-9.859619,0.42990112
1398519547340513089,1827719,1398519546915,-0.025466919,-9.882233,0.37039185
1398519547345243314,1827719,1398519546915,0.0388031,-9.831055,0.45846558
1398519547349881986,1827728,1398519546923,-0.01713562,-9.898895,0.47512817
1398519547355039456,1827729,1398519546924,0.01499939,-9.842957,0.48583984
1398519547359952786,1827736,1398519546932,0.037612915,-9.906036,0.35372925
1398519547364988187,1827739,1398519546934,0.030471802,-9.848907,0.4572754
1398519547370603421,1827749,1398519546945,0.07450867,-9.877472,0.36444092
1398519547375455716,1827749,1398519546945,0.042373657,-9.883423,0.42037964
1398519547380521634,1827759,1398519546955,0.0471344,-9.892944,0.40371704
1398519547385434964,1827759,1398519546955,0.0030975342,-9.898895,0.4965515
1398519547390714505,1827769,1398519546965,0.030471802,-9.838196,0.45251465
1398519547395566800,1827771,1398519546967,0.0019073486,-9.817963,0.42156982
1398519547400266507,1827777,1398519546973,-0.029037476,-9.819153,0.4239502
1398519547405301908,1827779,1398519546975,0.061416626,-9.86319,0.43823242
1398519547411191800,1827790,1398519546986,0.048324585,-9.835815,0.40014648
1398519547415891507,1827790,1398519546986,0.045944214,-9.857239,0.45013428
1398519547420621732,1827799,1398519546995,-0.001663208,-9.838196,0.42276
1398519547425657132,1827800,1398519546995,0.022140503,-9.854858,0.48703003
1398519547431119779,1827810,1398519547006,0.012619019,-9.831055,0.41680908
1398519547435880521,1827810,1398519547006,0.03642273,-9.848907,0.4727478
1398519547440946439,1827821,1398519547016,0.06736755,-9.876282,0.4489441
1398519547445859769,1827821,1398519547016,-0.004043579,-9.860809,0.44656372
1398519547450681546,1827829,1398519547024,0.05784607,-9.882233,0.41799927
1398519547455839017,1827830,1398519547025,0.032852173,-9.883423,0.42037964
1398519547461576322,1827840,1398519547036,0.061416626,-9.859619,0.36444092
1398519547466245511,1827841,1398519547036,-0.00642395,-9.873901,0.45132446
1398519547471097806,1827850,1398519547045,0.02571106,-9.909607,0.41799927
1398519547476041654,1827850,1398519547046,-0.008804321,-9.895325,0.46679688
1398519547481443265,1827860,1398519547056,0.009048462,-9.890564,0.4072876
1398519547486234525,1827860,1398519547056,0.07093811,-9.86557,0.37277222
1398519547491300443,1827872,1398519547067,-0.024276733,-9.837006,0.40133667
1398519547496244290,1827872,1398519547067,-0.011184692,-9.885803,0.41799927
1398519547500974515,1827878,1398519547074,0.01737976,-9.851288,0.4322815
1398519547505979398,1827880,1398519547075,0.037612915,-9.851288,0.42990112
1398519547511991361,1827891,1398519547087,0.07807922,-9.860809,0.43585205
1398519547516446927,1827891,1398519547087,0.0388031,-9.860809,0.41323853
1398519547521207669,1827900,1398519547096,-0.039749146,-9.853668,0.3989563
1398519547526365140,1827900,1398519547096,0.06617737,-9.850098,0.4977417
1398519547532071927,1827911,1398519547106,0.04475403,-9.812012,0.39538574
1398519547536741117,1827911,1398519547107,0.035232544,-9.875092,0.43466187
1398519547541532376,1827921,1398519547117,0.020950317,-9.92746,0.42990112
1398519547546537259,1827921,1398519547117,0.063797,-9.871521,0.5215454
1398519547551389554,1827930,1398519547126,0.045944214,-9.901276,0.47631836
1398519547556577542,1827931,1398519547126,0.010238647,-9.869141,0.44537354
1398519547562253812,1827941,1398519547137,-0.004043579,-9.896515,0.42871094
1398519547566923001,1827941,1398519547137,0.020950317,-9.860809,0.5001221
1398519547571531156,1827951,1398519547146,0.06260681,-9.92746,0.39538574
1398519547576719144,1827951,1398519547146,0.013809204,-9.892944,0.42514038
1398519547582181790,1827961,1398519547157,0.026901245,-9.873901,0.50964355
1398519547586973050,1827961,1398519547157,-0.00642395,-9.890564,0.4072876
1398519547592008451,1827973,1398519547168,0.04118347,-9.848907,0.45370483
1398519547596952298,1827973,1398519547168,-0.00642395,-9.911987,0.47631836
1398519547601682523,1827977,1398519547172,-0.009994507,-9.895325,0.44299316
1398519547606717923,1827981,1398519547176,0.019760132,-9.884613,0.38586426
1398519547612699369,1827992,1398519547188,0.06855774,-9.844147,0.4322815
1398519547617490628,1827992,1398519547188,0.04118347,-9.859619,0.41799927
1398519547621824124,1828003,1398519547199,0.0042877197,-9.8619995,0.4477539
1398519547627012113,1828003,1398519547199,0.010238647,-9.86557,0.4060974
1398519547631894925,1828007,1398519547203,0.020950317,-9.878662,0.4310913
1398519547636899808,1828015,1398519547210,0.020950317,-9.909607,0.41085815
1398519547642087796,1828016,1398519547212,0.05189514,-9.86795,0.49179077
1398519547647001126,1828022,1398519547217,0.012619019,-9.923889,0.42276
1398519547652402738,1828031,1398519547227,0.0030975342,-9.923889,0.3894348
1398519547657377103,1828031,1398519547227,0.013809204,-9.86319,0.42514038
1398519547662748197,1828042,1398519547237,0.009048462,-9.902466,0.41680908
1398519547667508939,1828042,1398519547237,0.039993286,-9.925079,0.47988892
1398519547672574857,1828051,1398519547247,0.0054779053,-9.8619995,0.43347168
1398519547677518704,1828052,1398519547247,0.020950317,-9.876282,0.4644165
1398519547682859281,1828062,1398519547257,0.007858276,-9.86676,0.37158203
1398519547687620023,1828062,1398519547257,0.029281616,-9.884613,0.5132141
1398519547692746976,1828073,1398519547268,0.016189575,-9.900085,0.4894104
1398519547697934964,1828073,1398519547269,0.026901245,-9.902466,0.41918945
1398519547702360013,1828078,1398519547273,0.02571106,-9.853668,0.4477539
1398519547707395413,1828083,1398519547278,0.006668091,-9.86557,0.45013428
1398519547712430814,1828088,1398519547283,0.0030975342,-9.859619,0.4144287
1398519547717466214,1828093,1398519547288,0.042373657,-9.86795,0.40133667
1398519547722501615,1828098,1398519547293,0.045944214,-9.834625,0.4965515
1398519547727537015,1828103,1398519547298,-0.0135650635,-9.831055,0.45132446
1398519547732663968,1828111,1398519547306,0.054275513,-9.915558,0.42037964
1398519547737821439,1828112,1398519547307,0.023330688,-9.86676,0.49893188
1398519547743497708,1828122,1398519547318,0.035232544,-9.856049,0.4727478
1398519547748197415,1828122,1398519547318,-0.015945435,-9.86319,0.40966797
1398519547753110745,1828132,1398519547327,0.013809204,-9.873901,0.42990112
1398519547758054593,1828132,1398519547328,-0.004043579,-9.872711,0.473938
1398519547763578275,1828142,1398519547338,0.06736755,-9.871521,0.4822693
1398519547768339017,1828143,1398519547338,0.063797,-9.877472,0.39657593
1398519547773252347,1828152,1398519547348,0.042373657,-9.852478,0.46917725
1398519547778196195,1828152,1398519547348,0.03404236,-9.886993,0.43704224
1398519547783567288,1828162,1398519547358,0.0042877197,-9.853668,0.4727478
1398519547788358548,1828162,1398519547358,0.08998108,-9.883423,0.4239502
1398519547793424466,1828172,1398519547368,-0.021896362,-9.832245,0.43347168
1398519547798337796,1828172,1398519547368,-0.004043579,-9.879852,0.42276
1398519547803769925,1828182,1398519547378,0.0054779053,-9.890564,0.43585205
1398519547808530667,1828183,1398519547378,0.032852173,-9.828674,0.3739624
1398519547813535550,1828192,1398519547388,0.020950317,-9.86557,0.3918152
1398519547818479398,1828192,1398519547388,0.023330688,-9.870331,0.4644165
1398519547823911527,1828203,1398519547398,-0.012374878,-9.850098,0.4310913
1398519547828641751,1828203,1398519547398,-4.7302246E-4,-9.7977295,0.4489441
1398519547833707669,1828212,1398519547408,0.01499939,-9.841766,0.4239502
1398519547838590482,1828213,1398519547408,0.031661987,-9.884613,0.45489502
1398519547843351224,1828219,1398519547414,0.04475403,-9.848907,0.41204834
1398519547848386624,1828223,1398519547419,0.010238647,-9.812012,0.42037964
1398519547853422025,1828229,1398519547424,0.061416626,-9.882233,0.46322632
1398519547858457425,1828235,1398519547431,0.0471344,-9.86319,0.4144287
1398519547863492826,1828239,1398519547434,-0.015945435,-9.827484,0.40847778
1398519547868528226,1828246,1398519547441,-0.024276733,-9.895325,0.4477539
1398519547873563626,1828249,1398519547444,0.02571106,-9.848907,0.42633057
1398519547878599027,1828256,1398519547452,0.045944214,-9.815582,0.37872314
1398519547883725980,1828258,1398519547453,-0.009994507,-9.884613,0.4477539
1398519547889768460,1828269,1398519547465,0.03642273,-9.879852,0.39300537
1398519547895048001,1828269,1398519547465,0.023330688,-9.845337,0.4310913
1398519547898771146,1828274,1398519547470,0.05189514,-9.872711,0.4727478
1398519547903776029,1828279,1398519547475,0.050704956,-9.788208,0.4239502
1398519547908811429,1828288,1398519547483,-0.011184692,-9.854858,0.45489502
1398519547914029935,1828288,1398519547483,-0.0028533936,-9.860809,0.46322632
1398519547918882230,1828298,1398519547494,0.023330688,-9.882233,0.40371704
1398519547924131253,1828298,1398519547494,0.045944214,-9.883423,0.45846558
1398519547929014066,1828308,1398519547504,0.024520874,-9.898895,0.4894104
1398519547934232572,1828308,1398519547504,0.045944214,-9.902466,0.41085815
1398519547940122464,1828321,1398519547516,0.06498718,-9.915558,0.4156189
1398519547945371488,1828321,1398519547516,-0.014755249,-9.8619995,0.42752075
1398519547949125150,1828325,1398519547520,0.0019073486,-9.848907,0.40133667
1398519547954130033,1828329,1398519547525,-0.004043579,-9.86676,0.45132446
1398519547959287503,1828338,1398519547534,0.045944214,-9.828674,0.45965576
1398519547964628079,1828339,1398519547534,0.045944214,-9.86557,0.49298096
1398519547969388822,1828349,1398519547544,0.024520874,-9.873901,0.42156982
1398519547974759915,1828349,1398519547544,0.050704956,-9.876282,0.4894104
1398519547979429105,1828359,1398519547554,0.04118347,-9.858429,0.4322815
1398519547984800199,1828359,1398519547554,0.020950317,-9.892944,0.41918945
1398519547990018704,1828369,1398519547565,-0.039749146,-9.903656,0.42633057
1398519547995206693,1828371,1398519547566,0.03642273,-9.872711,0.45846558
1398519547999448636,1828377,1398519547572,0.07569885,-9.859619,0.45965576
1398519548004484036,1828378,1398519547574,0.04475403,-9.920319,0.4656067
1398519548009702542,1828389,1398519547585,-0.0076141357,-9.827484,0.4322815
1398519548015104154,1828389,1398519547585,0.024520874,-9.839386,0.43704224
1398519548019864896,1828399,1398519547595,0.020950317,-9.882233,0.45489502
1398519548025144437,1828399,1398519547595,0.042373657,-9.879852,0.40133667
1398519548029874661,1828409,1398519547605,0.042373657,-9.879852,0.40133667
1398519548035337308,1828410,1398519547605,0.031661987,-9.854858,0.38586426
1398519548039731839,1828415,1398519547610,0.031661987,-9.854858,0.38586426
1398519548044767240,1828419,1398519547615,0.04475403,-9.857239,0.39538574
1398519548049802640,1828429,1398519547624,0.023330688,-9.821533,0.43823242
1398519548055021146,1828429,1398519547625,0.08403015,-9.856049,0.42514038
1398519548060483792,1828440,1398519547636,0.061416626,-9.884613,0.4239502
1398519548065763333,1828440,1398519547636,0.009048462,-9.889374,0.47036743
1398519548070035794,1828449,1398519547645,-0.023086548,-9.823914,0.4060974
1398519548075406888,1828449,1398519547645,0.0030975342,-9.876282,0.4727478
1398519548080625394,1828460,1398519547656,0.007858276,-9.837006,0.43704224
1398519548085874417,1828460,1398519547656,0.013809204,-9.897705,0.41323853
1398519548090207913,1828469,1398519547665,0.006668091,-9.842957,0.4489441
1398519548095517972,1828470,1398519547665,-0.04689026,-9.882233,0.40490723
1398519548100278714,1828479,1398519547675,0.024520874,-9.875092,0.4406128
1398519548105588773,1828480,1398519547675,0.020950317,-9.86795,0.40966797
1398519548110898831,1828491,1398519547687,0.01737976,-9.889374,0.45251465
1398519548116117337,1828491,1398519547687,0.03642273,-9.920319,0.36325073
1398519548120328763,1828498,1398519547694,0.054275513,-9.854858,0.40252686
1398519548125455716,1828499,1398519547695,0.029281616,-9.852478,0.4239502
1398519548131650785,1828511,1398519547707,0.020950317,-9.832245,0.3656311
1398519548136838773,1828511,1398519547707,-0.0052337646,-9.883423,0.45370483
1398519548140470365,1828518,1398519547714,0.029281616,-9.832245,0.4644165
1398519548145597318,1828521,1398519547716,-0.0052337646,-9.902466,0.4977417
1398519548150632718,1828530,1398519547725,0.08522034,-9.875092,0.46917725
1398519548155973294,1828530,1398519547726,0.0054779053,-9.810822,0.4322815
1398519548161252835,1828541,1398519547736,0.016189575,-9.831055,0.5132141
1398519548166532376,1828541,1398519547737,0.013809204,-9.860809,0.46322632
1398519548170743802,1828550,1398519547746,-0.001663208,-9.876282,0.46322632
1398519548176053861,1828550,1398519547746,0.048324585,-9.883423,0.41918945
1398519548181363919,1828561,1398519547756,0.016189575,-9.876282,0.46203613
1398519548186643460,1828561,1398519547757,0.006668091,-9.906036,0.4144287
1398519548190946439,1828571,1398519547767,0.032852173,-9.882233,0.35253906
1398519548196317533,1828571,1398519547767,0.03404236,-9.860809,0.38824463
1398519548200986722,1828580,1398519547776,0.029281616,-9.885803,0.41799927
1398519548206327298,1828581,1398519547776,0.01499939,-9.826294,0.41799927
1398519548211545804,1828592,1398519547788,0.048324585,-9.878662,0.43585205
1398519548217222074,1828592,1398519547788,0.02571106,-9.884613,0.41204834
1398519548221036771,1828598,1398519547794,0.006668091,-9.835815,0.4882202
1398519548226041654,1828600,1398519547795,0.029281616,-9.825104,0.3918152
1398519548232358792,1828612,1398519547807,-0.0076141357,-9.886993,0.4572754
1398519548237638333,1828612,1398519547808,0.03642273,-9.908417,0.4394226
1398519548241147855,1828618,1398519547814,0.029281616,-9.847717,0.45370483
1398519548246183255,1828621,1398519547817,0.056655884,-9.819153,0.45132446
1398519548251493314,1828631,1398519547827,0.0030975342,-9.816772,0.40490723
1398519548256894925,1828631,1398519547827,0.06855774,-9.886993,0.44180298
1398519548261533597,1828641,1398519547837,-0.012374878,-9.886993,0.44180298
1398519548266965726,1828641,1398519547837,0.030471802,-9.835815,0.40490723
1398519548271665433,1828652,1398519547847,0.0030975342,-9.827484,0.4906006
1398519548277555326,1828652,1398519547848,0.08998108,-9.845337,0.4489441
1398519548281431058,1828660,1398519547856,0.08998108,-9.845337,0.4489441
1398519548286619046,1828661,1398519547856,0.013809204,-9.914368,0.45013428
1398519548292753079,1828672,1398519547868,0.026901245,-9.886993,0.40966797
1398519548297941068,1828672,1398519547868,0.0019073486,-9.848907,0.36920166
1398519548301572660,1828679,1398519547875,0.0019073486,-9.848907,0.36920166
1398519548306699613,1828681,1398519547876,0.007858276,-9.871521,0.4560852
1398519548312772611,1828692,1398519547888,0.03404236,-9.847717,0.45132446
1398519548318021634,1828692,1398519547888,0.02809143,-9.9131775,0.4894104
1398519548321714261,1828699,1398519547895,0.02809143,-9.9131775,0.4894104
1398519548326871732,1828701,1398519547897,0.0042877197,-9.857239,0.35968018
1398519548332395413,1828712,1398519547908,0.0471344,-9.838196,0.43704224
1398519548337644437,1828712,1398519547908,0.07569885,-9.878662,0.50250244
1398519548342008451,1828722,1398519547917,0.011428833,-9.891754,0.42156982
1398519548347745755,1828722,1398519547918,0.037612915,-9.8619995,0.41918945
1398519548352048734,1828732,1398519547927,0.035232544,-9.885803,0.46203613
1398519548357755521,1828732,1398519547928,0.02809143,-9.888184,0.47512817
1398519548362119535,1828741,1398519547937,0.022140503,-9.885803,0.4406128
1398519548367521146,1828742,1398519547937,-0.011184692,-9.856049,0.4894104
1398519548372678617,1828752,1398519547948,-0.009994507,-9.904846,0.47988892
1398519548377958158,1828752,1398519547948,0.024520874,-9.872711,0.46798706
1398519548382291654,1828762,1398519547957,0.048324585,-9.840576,0.41918945
1398519548387632230,1828762,1398519547957,0.07569885,-9.86676,0.51916504
1398519548392881253,1828772,1398519547968,0.0388031,-9.900085,0.473938
1398519548398069242,1828773,1398519547968,0.042373657,-9.847717,0.41918945
1398519548402402738,1828782,1398519547977,0.07450867,-9.939362,0.42633057
1398519548407743314,1828782,1398519547977,0.009048462,-9.8810425,0.48464966
1398519548413022855,1828792,1398519547988,0.0554657,-9.823914,0.38586426
1398519548418210843,1828793,1398519547988,0.0042877197,-9.86795,0.45370483
1398519548422574857,1828802,1398519547997,0.0054779053,-9.871521,0.4322815
1398519548427915433,1828802,1398519547998,0.018569946,-9.850098,0.4489441
1398519548433103421,1828813,1398519548008,0.06855774,-9.851288,0.41323853
1398519548438291410,1828813,1398519548008,0.009048462,-9.873901,0.49417114
1398519548442716458,1828822,1398519548018,0.054275513,-9.86319,0.41085815
1398519548448087552,1828822,1398519548018,-0.008804321,-9.871521,0.46322632
1398519548453245023,1828833,1398519548028,0.011428833,-9.892944,0.45013428
1398519548458433011,1828833,1398519548028,0.012619019,-9.847717,0.46084595
1398519548462858060,1828842,1398519548038,0.0388031,-9.859619,0.42156982
1398519548468229154,1828842,1398519548038,0.018569946,-9.888184,0.45013428
1398519548473386624,1828853,1398519548049,0.045944214,-9.873901,0.45132446
1398519548478666165,1828853,1398519548049,-0.020706177,-9.841766,0.45013428
1398519548482999661,1828862,1398519548058,0.05189514,-9.857239,0.47036743
1398519548488370755,1828862,1398519548058,0.063797,-9.839386,0.44656372
1398519548493558744,1828873,1398519548069,0.02571106,-9.8619995,0.3989563
1398519548498807767,1828873,1398519548069,-0.012374878,-9.914368,0.47512817
1398519548503110745,1828882,1398519548078,0.031661987,-9.846527,0.46917725
1398519548508481839,1828883,1398519548078,-0.021896362,-9.847717,0.43347168
1398519548513730863,1828893,1398519548089,0.0042877197,-9.8619995,0.4394226
1398519548519010404,1828893,1398519548089,0.043563843,-9.86557,0.40133667
1398519548523282865,1828903,1398519548098,0.012619019,-9.876282,0.42037964
1398519548528623441,1828903,1398519548098,0.07569885,-9.852478,0.3989563
1398519548533841947,1828913,1398519548109,0.02571106,-9.9131775,0.43704224
1398519548539029935,1828913,1398519548109,-0.00642395,-9.857239,0.40966797
1398519548543424466,1828923,1398519548118,0.053085327,-9.891754,0.42752075
1398519548548765042,1828923,1398519548118,0.020950317,-9.921509,0.40847778
1398519548554014066,1828934,1398519548129,0.032852173,-9.8810425,0.43704224
1398519548559202054,1828934,1398519548129,0.026901245,-9.833435,0.43823242
1398519548563566068,1828943,1398519548138,0.050704956,-9.879852,0.46322632
1398519548568906644,1828943,1398519548139,0.048324585,-9.885803,0.45846558
1398519548574125150,1828954,1398519548149,-0.026657104,-9.895325,0.4406128
1398519548579343656,1828954,1398519548149,-0.0052337646,-9.883423,0.3894348
1398519548583677152,1828963,1398519548158,-0.0052337646,-9.883423,0.3894348
1398519548589017728,1828963,1398519548159,0.06022644,-9.884613,0.44180298
1398519548594388822,1828974,1398519548169,0.02571106,-9.839386,0.45965576
1398519548599576810,1828974,1398519548170,0.0019073486,-9.92627,0.48703003
1398519548603849271,1828983,1398519548179,0.0019073486,-9.92627,0.48703003
1398519548609189847,1828983,1398519548179,0.05189514,-9.860809,0.37277222
1398519548614408353,1828994,1398519548190,0.01737976,-9.890564,0.43704224
1398519548619657376,1828994,1398519548190,0.050704956,-9.869141,0.50131226
1398519548623838285,1828999,1398519548195,-0.00642395,-9.877472,0.41323853
1398519548628904202,1829008,1398519548204,0.037612915,-9.840576,0.3894348
1398519548634122708,1829008,1398519548204,0.03404236,-9.895325,0.47988892
1398519548640165189,1829021,1398519548216,0.054275513,-9.888184,0.4060974
1398519548645444730,1829021,1398519548216,0.0030975342,-9.883423,0.47988892
1398519548649015286,1829024,1398519548220,0.032852173,-9.885803,0.45846558
1398519548654050687,1829029,1398519548225,0.06260681,-9.842957,0.43347168
1398519548659208158,1829039,1398519548234,0.007858276,-9.822723,0.4322815
1398519548664609769,1829039,1398519548234,0.054275513,-9.907227,0.4560852
1398519548669309476,1829049,1398519548244,0.012619019,-9.842957,0.38586426
1398519548674680570,1829049,1398519548244,0.037612915,-9.857239,0.34301758
1398519548679380277,1829059,1398519548254,-0.0028533936,-9.857239,0.40014648
1398519548684751370,1829059,1398519548254,0.04118347,-9.838196,0.47631836
1398519548689908841,1829069,1398519548265,0.03404236,-9.851288,0.4144287
1398519548695127347,1829071,1398519548266,0.043563843,-9.907227,0.44656372
1398519548699369290,1829077,1398519548272,0.056655884,-9.792969,0.4406128
1398519548704404691,1829078,1398519548274,-0.001663208,-9.859619,0.45251465
1398519548709623197,1829089,1398519548285,0.0030975342,-9.869141,0.4882202
1398519548715055326,1829089,1398519548285,0.007858276,-9.879852,0.40133667
1398519548719816068,1829099,1398519548295,0.020950317,-9.857239,0.40966797
1398519548725248197,1829099,1398519548295,-0.004043579,-9.904846,0.43585205
1398519548729795316,1829109,1398519548305,0.024520874,-9.886993,0.52511597
1398519548735227445,1829110,1398519548305,0.061416626,-9.841766,0.45251465
1398519548739896634,1829119,1398519548315,-0.008804321,-9.869141,0.4239502
1398519548745298245,1829121,1398519548316,0.01737976,-9.853668,0.42037964
1398519548749723294,1829127,1398519548323,0.04951477,-9.877472,0.44656372
1398519548754880765,1829129,1398519548324,0.01737976,-9.860809,0.45132446
1398519548760373929,1829140,1398519548336,0.020950317,-9.828674,0.4906006
1398519548765683988,1829140,1398519548336,0.05189514,-9.835815,0.46798706
1398519548770017484,1829149,1398519548345,0.04475403,-9.920319,0.3894348
1398519548775388577,1829149,1398519548345,0.02571106,-9.827484,0.45132446
1398519548780546048,1829160,1398519548356,0.016189575,-9.885803,0.45846558
1398519548785856107,1829160,1398519548356,0.018569946,-9.8810425,0.4882202
1398519548790128568,1829169,1398519548365,-0.01713562,-9.846527,0.5001221
1398519548795469144,1829170,1398519548365,0.06855774,-9.891754,0.46084595
1398519548800199369,1829179,1398519548375,0.020950317,-9.877472,0.46917725
1398519548805539945,1829180,1398519548375,-0.0599823,-9.878662,0.41918945
1398519548810727933,1829191,1398519548387,7.171631E-4,-9.848907,0.4489441
1398519548816037992,1829191,1398519548387,0.06498718,-9.879852,0.37158203
1398519548820218900,1829198,1398519548393,-0.031417847,-9.838196,0.5048828
1398519548825315335,1829199,1398519548395,0.04475403,-9.86795,0.49536133
1398519548831540921,1829211,1398519548407,0.045944214,-9.833435,0.4656067
1398519548836759427,1829211,1398519548407,0.061416626,-9.921509,0.4239502
1398519548840360501,1829218,1398519548413,0.061416626,-9.921509,0.4239502
1398519548845456937,1829221,1398519548416,0.080459595,-9.872711,0.5036926
1398519548850553372,1829230,1398519548426,0.054275513,-9.901276,0.4489441
1398519548855954984,1829230,1398519548426,0.039993286,-9.875092,0.42990112
1398519548861112454,1829241,1398519548436,0.035232544,-9.909607,0.46203613
1398519548866422513,1829241,1398519548437,0.042373657,-9.891754,0.42990112
1398519548870633939,1829250,1398519548446,0.042373657,-9.891754,0.42990112
1398519548875974515,1829251,1398519548446,-0.011184692,-9.825104,0.43823242
1398519548880918363,1829260,1398519548456,0.04951477,-9.86676,0.44299316
1398519548886319974,1829261,1398519548456,0.011428833,-9.86557,0.4727478
1398519548891019681,1829271,1398519548467,0.011428833,-9.86557,0.4727478
1398519548896421292,1829272,1398519548467,0.02809143,-9.885803,0.46084595
1398519548900815824,1829279,1398519548474,0.02809143,-9.885803,0.46084595
1398519548905973294,1829280,1398519548475,0.013809204,-9.891754,0.40252686
1398519548912137845,1829292,1398519548488,0.0030975342,-9.86438,0.43823242
1398519548917539456,1829292,1398519548488,0.022140503,-9.882233,0.44299316
1398519548920926908,1829298,1398519548494,-0.0028533936,-9.851288,0.4394226
1398519548925962308,1829300,1398519548495,0.030471802,-9.873901,0.46798706
1398519548932279447,1829312,1398519548507,0.013809204,-9.892944,0.40371704
1398519548937589505,1829312,1398519548508,0.03404236,-9.884613,0.42990112
1398519548941068509,1829319,1398519548514,-4.7302246E-4,-9.859619,0.49417114
1398519548946103910,1829321,1398519548517,0.016189575,-9.876282,0.45846558
1398519548951444486,1829332,1398519548527,0.042373657,-9.890564,0.4239502
1398519548957212308,1829332,1398519548528,0.072128296,-9.826294,0.3989563
1398519548961240628,1829339,1398519548535,0.011428833,-9.853668,0.42037964
1398519548966367581,1829340,1398519548536,-0.001663208,-9.869141,0.42990112
1398519548972562650,1829352,1398519548548,0.031661987,-9.86438,0.42514038
1398519548977781156,1829352,1398519548548,-0.048080444,-9.876282,0.4477539
1398519548981351712,1829359,1398519548554,0.069747925,-9.860809,0.47631836
1398519548986387113,1829360,1398519548556,0.03404236,-9.882233,0.39419556
1398519548992704251,1829372,1398519548568,0.054275513,-9.850098,0.4560852
1398519548997922757,1829372,1398519548568,-0.0076141357,-9.86795,0.41204834
1398519549001523831,1829379,1398519548575,-0.021896362,-9.840576,0.4406128
1398519549006589749,1829381,1398519548576,-0.004043579,-9.833435,0.4882202
1398519549012662747,1829392,1398519548588,-0.008804321,-9.901276,0.39419556
1398519549017881253,1829392,1398519548588,0.031661987,-9.846527,0.45132446
1398519549021634915,1829399,1398519548595,0.02809143,-9.835815,0.4144287
1398519549026853421,1829401,1398519548597,0.010238647,-9.839386,0.43347168
1398519549032285550,1829412,1398519548607,0.02809143,-9.853668,0.3489685
1398519549037534574,1829412,1398519548608,0.08403015,-9.878662,0.39538574
1398519549041898587,1829422,1398519548617,0.050704956,-9.86676,0.5072632
1398519549047605374,1829422,1398519548618,-0.0076141357,-9.853668,0.39657593
1398519549051969388,1829432,1398519548627,0.020950317,-9.86438,0.40133667
1398519549057645658,1829432,1398519548628,0.013809204,-9.896515,0.40252686
1398519549062070706,1829442,1398519548637,7.171631E-4,-9.888184,0.43466187
1398519549067502835,1829442,1398519548637,0.037612915,-9.877472,0.46322632
1398519549072477201,1829452,1398519548648,0.007858276,-9.883423,0.3739624
1398519549077787259,1829452,1398519548648,0.0054779053,-9.870331,0.40966797
1398519549082212308,1829462,1398519548657,0.007858276,-9.884613,0.3989563
1398519549087583402,1829462,1398519548657,0.016189575,-9.86676,0.4477539
1398519549092740872,1829472,1398519548668,0.0471344,-9.856049,0.43347168
1398519549098050931,1829473,1398519548668,0.012619019,-9.840576,0.46203613
1398519549102353910,1829482,1398519548677,0.05784607,-9.869141,0.43704224
1398519549107725003,1829482,1398519548677,-0.001663208,-9.845337,0.47750854
1398519549112882474,1829493,1398519548688,0.01499939,-9.845337,0.44537354
1398519549118192533,1829493,1398519548688,0.02809143,-9.897705,0.4477539
1398519549122495511,1829502,1398519548697,0.07331848,-9.904846,0.4727478
1398519549127836087,1829502,1398519548697,0.031661987,-9.882233,0.44299316
1398519549133085111,1829513,1398519548708,0.0388031,-9.857239,0.46084595
1398519549138303617,1829513,1398519548708,-0.00642395,-9.875092,0.44418335
1398519549142606595,1829522,1398519548717,0.0042877197,-9.86319,0.4394226
1398519549147947171,1829522,1398519548718,-0.00642395,-9.891754,0.41918945
1398519549153287747,1829533,1398519548728,-0.04689026,-9.9131775,0.46798706
1398519549158506253,1829533,1398519548729,0.012619019,-9.892944,0.45132446
1398519549162778714,1829542,1398519548738,0.012619019,-9.892944,0.45132446
1398519549168088773,1829542,1398519548738,0.013809204,-9.86795,0.42990112
1398519549173459867,1829553,1398519548749,0.08641052,-9.840576,0.42871094
1398519549178678372,1829553,1398519548749,0.026901245,-9.8619995,0.390625
1398519549182859281,1829562,1398519548758,0.026901245,-9.8619995,0.390625
1398519549188138822,1829562,1398519548758,0.059036255,-9.86795,0.5072632
1398519549193631986,1829573,1398519548769,0.048324585,-9.879852,0.43347168
1398519549198850492,1829573,1398519548769,7.171631E-4,-9.871521,0.46203613
1398519549202939847,1829582,1398519548778,0.007858276,-9.871521,0.44537354
1398519549208219388,1829582,1398519548778,-0.03617859,-9.876282,0.4810791
1398519549214078763,1829594,1398519548789,0.018569946,-9.902466,0.49536133
1398519549219388822,1829594,1398519548789,0.01737976,-9.8941345,0.42871094
1398519549223050931,1829601,1398519548796,-0.03617859,-9.859619,0.47036743
1398519549228208402,1829603,1398519548798,0.022140503,-9.834625,0.47631836
1398519549233823636,1829613,1398519548809,0.013809204,-9.857239,0.4394226
1398519549239133695,1829614,1398519548809,0.06498718,-9.854858,0.4977417
1398519549243314603,1829623,1398519548818,0.0030975342,-9.885803,0.4406128
1398519549248624661,1829623,1398519548818,0.018569946,-9.870331,0.4727478
1398519549253904202,1829634,1398519548829,0.02571106,-9.890564,0.46203613
1398519549259214261,1829634,1398519548829,0.035232544,-9.86438,0.48464966
1398519549263486722,1829643,1398519548838,0.07688904,-9.889374,0.4239502
1398519549268827298,1829643,1398519548839,0.01499939,-9.898895,0.4394226
1398519549274045804,1829654,1398519548849,-0.014755249,-9.878662,0.46322632
1398519549279264310,1829654,1398519548849,0.0388031,-9.844147,0.39300537
1398519549283597806,1829663,1398519548858,0.018569946,-9.870331,0.3918152
1398519549288938382,1829663,1398519548859,-0.0135650635,-9.896515,0.42156982
1398519549294156888,1829674,1398519548869,0.06022644,-9.822723,0.45132446
1398519549299375394,1829674,1398519548869,0.035232544,-9.873901,0.42514038
1398519549303739408,1829683,1398519548879,0.031661987,-9.86557,0.40014648
1398519549309079984,1829683,1398519548879,7.171631E-4,-9.834625,0.42871094
1398519549314298490,1829694,1398519548889,0.024520874,-9.906036,0.39300537
1398519549319516995,1829694,1398519548890,0.026901245,-9.888184,0.40847778
1398519549323911527,1829703,1398519548899,0.011428833,-9.898895,0.45132446
1398519549329252103,1829703,1398519548899,0.08164978,-9.832245,0.49298096
1398519549334440091,1829714,1398519548910,0.01499939,-9.896515,0.49298096
1398519549339658597,1829714,1398519548910,0.039993286,-9.819153,0.43585205
1398519549344022611,1829723,1398519548919,0.01499939,-9.892944,0.50131226
1398519549349424222,1829724,1398519548919,-0.0076141357,-9.872711,0.4060974
1398519549354612210,1829734,1398519548930,0.07093811,-9.856049,0.5215454
1398519549359891751,1829734,1398519548930,0.024520874,-9.8941345,0.44180298
1398519549364194730,1829744,1398519548939,0.019760132,-9.850098,0.39538574
1398519549369565824,1829744,1398519548939,7.171631E-4,-9.86319,0.4406128
1398519549374723294,1829754,1398519548950,0.06855774,-9.877472,0.44656372
1398519549380033353,1829755,1398519548950,0.01737976,-9.845337,0.40014648
1398519549384336331,1829764,1398519548959,0.037612915,-9.854858,0.44656372
1398519549389707425,1829764,1398519548959,0.06855774,-9.847717,0.42156982
1398519549394864896,1829775,1398519548970,0.054275513,-9.854858,0.43585205
1398519549400174954,1829775,1398519548970,0.0042877197,-9.888184,0.4144287
1398519549404477933,1829784,1398519548979,0.01499939,-9.882233,0.5001221
1398519549409849027,1829784,1398519548980,0.031661987,-9.842957,0.48583984
1398519549415006497,1829795,1398519548990,0.048324585,-9.838196,0.3918152
1398519549420255521,1829795,1398519548990,0.0054779053,-9.847717,0.45370483
1398519549424619535,1829804,1398519548999,-0.011184692,-9.908417,0.45370483
1398519549429960111,1829804,1398519549000,0.012619019,-9.882233,0.3239746
1398519549435239652,1829815,1398519549010,0.01737976,-9.852478,0.48583984
1398519549440458158,1829815,1398519549011,0.023330688,-9.846527,0.45489502
1398519549444730619,1829824,1398519549020,0.023330688,-9.846527,0.45489502
1398519549450071195,1829824,1398519549020,-0.0028533936,-9.870331,0.45489502
1398519549455320218,1829835,1398519549031,0.035232544,-9.86319,0.47631836
1398519549460538724,1829835,1398519549031,0.024520874,-9.917938,0.45965576
1398519549464902738,1829844,1398519549040,0.024520874,-9.917938,0.45965576
1398519549470243314,1829844,1398519549040,0.0554657,-9.884613,0.44656372
1398519549475461820,1829855,1398519549051,0.020950317,-9.884613,0.45846558
1398519549480680326,1829855,1398519549051,0.012619019,-9.839386,0.43823242
1398519549485044339,1829864,1398519549060,0.01499939,-9.902466,0.3656311
1398519549490384915,1829865,1398519549060,0.037612915,-9.846527,0.44418335
1398519549495633939,1829875,1398519549071,0.023330688,-9.872711,0.36801147
1398519549500943997,1829875,1398519549071,0.013809204,-9.823914,0.38705444
1398519549505124906,1829884,1398519549080,0.042373657,-9.871521,0.51083374
1398519549510434964,1829885,1398519549080,0.054275513,-9.846527,0.45846558
1398519549515806058,1829896,1398519549091,0.01499939,-9.842957,0.42871094
1398519549521116117,1829896,1398519549091,0.0388031,-9.856049,0.45965576
1398519549525297025,1829905,1398519549100,-0.018325806,-9.839386,0.4144287
1398519549530607083,1829905,1398519549100,0.024520874,-9.911987,0.45251465
1398519549535276273,1829912,1398519549107,0.07569885,-9.883423,0.4822693
1398519549540281156,1829918,1398519549113,0.0042877197,-9.884613,0.4489441
1398519549545316556,1829919,1398519549115,0.02571106,-9.823914,0.4072876
1398519549551633695,1829932,1398519549128,-0.0052337646,-9.906036,0.42990112
1398519549557218411,1829932,1398519549128,0.04118347,-9.850098,0.43704224
1398519549560453275,1829937,1398519549132,0.045944214,-9.890564,0.44299316
1398519549565812429,1829939,1398519549135,0.043563843,-9.8941345,0.45132446
1398519549572129567,1829951,1398519549147,0.09593201,-9.820343,0.4882202
1398519549577317556,1829952,1398519549147,-0.001663208,-9.848907,0.46084595
1398519549580949147,1829958,1398519549154,0.059036255,-9.822723,0.45965576
1398519549586076100,1829961,1398519549157,-4.7302246E-4,-9.891754,0.38824463
1398519549591111501,1829970,1398519549166,0.0388031,-9.86795,0.47750854
1398519549596452077,1829970,1398519549166,-0.00642395,-9.842957,0.45846558
1398519549601701100,1829981,1398519549177,0.019760132,-9.878662,0.4239502
1398519549606950124,1829981,1398519549177,-0.001663208,-9.860809,0.42514038
1398519549611283620,1829991,1398519549186,0.043563843,-9.860809,0.48464966
1398519549616654714,1829991,1398519549187,0.045944214,-9.7977295,0.4894104
1398519549621354421,1830001,1398519549196,0.042373657,-9.879852,0.46084595
1398519549626725515,1830001,1398519549196,0.020950317,-9.888184,0.46798706
1398519549631882985,1830011,1398519549207,0.05189514,-9.882233,0.37634277
1398519549637070973,1830011,1398519549207,0.02571106,-9.86795,0.44537354
1398519549641465505,1830021,1398519549217,0.018569946,-9.839386,0.47869873
1398519549646867116,1830022,1398519549217,0.039993286,-9.835815,0.42514038
1398519549651505788,1830031,1398519549227,0.037612915,-9.86438,0.45965576
1398519549656846364,1830031,1398519549227,0.024520874,-9.86795,0.47631836
1398519549661759694,1830041,1398519549237,0.026901245,-9.859619,0.45965576
1398519549667191823,1830041,1398519549237,0.029281616,-9.908417,0.45013428
1398519549671769460,1830052,1398519549247,0.04475403,-9.883423,0.38586426
1398519549677232106,1830052,1398519549247,0.007858276,-9.791779,0.3918152
1398519549681748708,1830061,1398519549256,0.018569946,-9.860809,0.43823242
1398519549687119802,1830061,1398519549257,-0.00642395,-9.925079,0.41680908
1398519549692338307,1830072,1398519549267,0.010238647,-9.839386,0.41918945
1398519549697587331,1830072,1398519549267,0.0471344,-9.889374,0.3977661
1398519549701890309,1830081,1398519549277,0.019760132,-9.857239,0.45489502
1398519549707230886,1830081,1398519549277,0.048324585,-9.872711,0.4310913
1398519549712418874,1830092,1398519549287,0.007858276,-9.895325,0.42871094
1398519549717637380,1830092,1398519549287,0.03404236,-9.86676,0.42276
1398519549722031911,1830101,1398519549297,0.04118347,-9.835815,0.42752075
1398519549727403005,1830101,1398519549297,0.0388031,-9.837006,0.46917725
1398519549732590993,1830112,1398519549307,0.037612915,-9.889374,0.51916504
1398519549737778981,1830112,1398519549308,0.053085327,-9.897705,0.42514038
1398519549742204030,1830121,1398519549317,0.053085327,-9.897705,0.42514038
1398519549747575124,1830121,1398519549317,0.082839966,-9.858429,0.42990112
1398519549752702077,1830132,1398519549328,0.026901245,-9.859619,0.45965576
1398519549757920583,1830132,1398519549328,0.039993286,-9.86319,0.36801147
1398519549762315114,1830141,1398519549337,0.039993286,-9.86319,0.36801147
1398519549767655690,1830141,1398519549337,0.009048462,-9.873901,0.46322632
1398519549772996266,1830152,1398519549348,-0.014755249,-9.869141,0.45370483
1398519549778214772,1830152,1398519549348,0.06022644,-9.870331,0.39538574
1398519549782426198,1830161,1398519549357,0.03404236,-9.815582,0.4406128
1398519549787736257,1830162,1398519549357,0.022140503,-9.841766,0.47869873
1398519549793229421,1830173,1398519549368,0.0471344,-9.840576,0.4156189
1398519549798478444,1830173,1398519549368,-0.042129517,-9.902466,0.4394226
1398519549802506765,1830181,1398519549377,0.011428833,-9.884613,0.42990112
1398519549807755788,1830182,1398519549377,-0.01713562,-9.884613,0.44299316
1398519549813615163,1830193,1398519549389,-0.009994507,-9.851288,0.4477539
1398519549818894704,1830193,1398519549389,0.020950317,-9.86319,0.47869873
1398519549822648366,1830202,1398519549397,0.03404236,-9.872711,0.46203613
1398519549827836354,1830202,1398519549397,0.0554657,-9.883423,0.42514038
1398519549833299001,1830212,1398519549408,0.029281616,-9.888184,0.4060974
1398519549838303884,1830212,1398519549408,0.069747925,-9.852478,0.45013428
1398519549842789968,1830218,1398519549413,0.012619019,-9.857239,0.44299316
1398519549847794850,1830223,1398519549419,0.07450867,-9.845337,0.5048828
1398519549852830251,1830228,1398519549423,0.02571106,-9.908417,0.4560852
1398519549857865651,1830233,1398519549429,-4.7302246E-4,-9.906036,0.4239502
1398519549862901052,1830242,1398519549437,0.045944214,-9.896515,0.4072876
1398519549868150075,1830242,1398519549438,0.007858276,-9.86676,0.42156982
1398519549874039968,1830253,1398519549449,0.023330688,-9.901276,0.47988892
1398519549879258473,1830253,1398519549449,0.013809204,-9.8619995,0.44299316
1398519549883042653,1830261,1398519549456,0.04118347,-9.872711,0.45965576
1398519549888261159,1830262,1398519549458,0.031661987,-9.860809,0.37753296
1398519549893693288,1830273,1398519549469,0.050704956,-9.841766,0.4560852
1398519549898911794,1830273,1398519549469,0.011428833,-9.885803,0.47750854
1398519549903306325,1830282,1398519549478,0.063797,-9.8941345,0.42037964
1398519549908646901,1830282,1398519549478,0.026901245,-9.8619995,0.40847778
1398519549913926442,1830293,1398519549489,0.02571106,-9.86438,0.40966797
1398519549919144948,1830293,1398519549489,0.037612915,-9.869141,0.4060974
1398519549923447927,1830302,1398519549498,0.024520874,-9.848907,0.4310913
1398519549928788503,1830303,1398519549498,0.0471344,-9.886993,0.45132446
1398519549934159597,1830314,1398519549509,0.06498718,-9.841766,0.42156982
1398519549939439138,1830314,1398519549509,0.020950317,-9.904846,0.44180298
1398519549943467458,1830318,1398519549514,0.05189514,-9.859619,0.4394226
1398519549948502858,1830324,1398519549519,0.048324585,-9.86438,0.41918945
1398519549953538259,1830329,1398519549524,0.0471344,-9.870331,0.49893188
1398519549958573659,1830336,1398519549531,0.07926941,-9.853668,0.4810791
1398519549963609059,1830337,1398519549533,0.06260681,-9.837006,0.46322632
1398519549968644460,1830346,1398519549542,0.06022644,-9.897705,0.5048828
1398519549973679860,1830348,1398519549543,0.07569885,-9.869141,0.4822693
1398519549978715261,1830355,1398519549550,-0.015945435,-9.884613,0.40490723
1398519549983750661,1830361,1398519549556,0.0554657,-9.848907,0.46798706
1398519549988786061,1830363,1398519549558,0.06022644,-9.833435,0.3834839
1398519549995103200,1830374,1398519549570,0.04118347,-9.906036,0.47155762
1398519550000382741,1830375,1398519549570,0.045944214,-9.795349,0.41323853
1398519550003892263,1830381,1398519549577,0.045944214,-9.795349,0.41323853
1398519550008927663,1830383,1398519549579,-4.7302246E-4,-9.813202,0.4144287
1398519550015031179,1830394,1398519549590,0.012619019,-9.884613,0.38705444
1398519550020219167,1830394,1398519549590,-0.018325806,-9.889374,0.506073
1398519550024064382,1830403,1398519549598,-0.018325806,-9.889374,0.506073
1398519550029221852,1830403,1398519549598,0.050704956,-9.873901,0.40966797
1398519550035386403,1830415,1398519549610,-0.0052337646,-9.870331,0.50131226
1398519550040574391,1830415,1398519549610,0.029281616,-9.852478,0.4489441
1398519550044205983,1830422,1398519549617,0.029281616,-9.852478,0.4489441
1398519550049332936,1830423,1398519549619,0.026901245,-9.8941345,0.43347168
1398519550055283864,1830435,1398519549630,0.03404236,-9.86795,0.4060974
1398519550060471852,1830435,1398519549630,0.06022644,-9.823914,0.42871094
1398519550064347585,1830443,1398519549639,-0.004043579,-9.835815,0.4394226
1398519550069566091,1830443,1398519549639,0.039993286,-9.870331,0.45846558
1398519550075639089,1830455,1398519549650,0.009048462,-9.834625,0.44656372
1398519550080827077,1830455,1398519549651,0.042373657,-9.86319,0.47155762
1398519550084458669,1830462,1398519549657,0.013809204,-9.852478,0.40847778
1398519550089585622,1830464,1398519549659,-4.7302246E-4,-9.86795,0.4406128
1398519550095536550,1830475,1398519549670,0.007858276,-9.823914,0.34777832
1398519550100816091,1830475,1398519549671,0.024520874,-9.92984,0.41085815
1398519550104630788,1830483,1398519549679,0.0019073486,-9.8941345,0.49179077
1398519550109788259,1830484,1398519549679,0.022140503,-9.845337,0.44180298
1398519550115922292,1830495,1398519549691,0.01499939,-9.9131775,0.38705444
1398519550121201833,1830495,1398519549691,-0.012374878,-9.882233,0.4072876
1398519550124741872,1830502,1398519549698,0.032852173,-9.826294,0.4072876
1398519550129777272,1830504,1398519549699,0.04118347,-9.923889,0.5322571
1398519550135819753,1830515,1398519549711,0.06260681,-9.890564,0.4810791
1398519550141099294,1830515,1398519549711,0.037612915,-9.871521,0.41680908
1398519550144913991,1830524,1398519549719,0.0471344,-9.9131775,0.42990112
1398519550150071462,1830524,1398519549719,0.06260681,-9.897705,0.4489441
1398519550156236013,1830536,1398519549731,0.08403015,-9.8810425,0.4656067
1398519550161424001,1830536,1398519549731,0.02571106,-9.847717,0.49298096
1398519550165055593,1830542,1398519549738,0.0054779053,-9.858429,0.42633057
1398519550170182546,1830544,1398519549740,0.039993286,-9.888184,0.4644165
1398519550176133473,1830555,1398519549751,0.048324585,-9.872711,0.4560852
1398519550181321462,1830556,1398519549751,0.04951477,-9.852478,0.4644165
1398519550185197194,1830564,1398519549760,-0.008804321,-9.86438,0.42871094
1398519550190385182,1830564,1398519549760,-0.00642395,-9.916748,0.39538574
1398519550195267995,1830574,1398519549769,0.020950317,-9.892944,0.43347168
1398519550200272878,1830574,1398519549770,0.0388031,-9.878662,0.42752075
1398519550205308278,1830604,1398519549800,0.01499939,-9.897705,0.47631836
1398519550210343679,1830604,1398519549800,0.03642273,-9.86438,0.40847778
1398519550215379079,1830604,1398519549800,0.019760132,-9.841766,0.4156189
1398519550220414479,1830605,1398519549800,0.053085327,-9.857239,0.45013428
1398519550225449880,1830605,1398519549800,0.08760071,-9.844147,0.44418335
1398519550230485280,1830605,1398519549801,0.030471802,-9.882233,0.49298096
1398519550235520681,1830646,1398519549842,0.059036255,-9.889374,0.42156982
1398519550240556081,1830646,1398519549842,0.012619019,-9.850098,0.390625
1398519550245591481,1830646,1398519549842,-0.01713562,-9.840576,0.4572754
1398519550250626882,1830647,1398519549842,0.007858276,-9.86557,0.47631836
1398519550255570729,1830647,1398519549842,0.0042877197,-9.838196,0.44418335
1398519550260606130,1830647,1398519549842,0.029281616,-9.889374,0.4394226
1398519550265641530,1830647,1398519549842,0.0054779053,-9.878662,0.4144287
1398519550270676931,1830647,1398519549842,-0.034988403,-9.86795,0.40847778
1398519550275712331,1830682,1398519549877,0.06260681,-9.906036,0.41799927
1398519550280778249,1830682,1398519549877,0.0471344,-9.909607,0.45132446
1398519550285783132,1830682,1398519549877,0.0471344,-9.848907,0.46084595
1398519550290818532,1830682,1398519549877,0.018569946,-9.839386,0.45132446
1398519550295853932,1830682,1398519549877,0.024520874,-9.871521,0.36801147
1398519550300889333,1830682,1398519549878,0.0042877197,-9.92984,0.47750854
1398519550305924733,1830682,1398519549878,0.012619019,-9.891754,0.42990112
1398519550310960134,1830687,1398519549883,0.011428833,-9.86676,0.40252686
1398519550315995534,1830689,1398519549884,0.016189575,-9.916748,0.4156189
1398519550321580251,1830698,1398519549893,0.01499939,-9.935791,0.36087036
1398519550326188405,1830699,1398519549895,0.01499939,-9.935791,0.36087036
1398519550331651052,1830709,1398519549905,0.054275513,-9.882233,0.4156189
1398519550336320241,1830710,1398519549905,-4.7302246E-4,-9.8810425,0.48345947
1398519550341721852,1830721,1398519549916,0.007858276,-9.852478,0.35491943
1398519550346391042,1830721,1398519549916,-0.009994507,-9.873901,0.4489441
1398519550351365407,1830724,1398519549920,0.029281616,-9.859619,0.50250244
1398519550356400807,1830729,1398519549925,0.053085327,-9.839386,0.4239502
1398519550361375173,1830736,1398519549931,0.04951477,-9.875092,0.43585205
1398519550366319020,1830741,1398519549936,0.05189514,-9.86795,0.42990112
1398519550371842702,1830750,1398519549945,0.056655884,-9.870331,0.40252686
1398519550376572927,1830750,1398519549945,0.053085327,-9.878662,0.4239502
1398519550382005056,1830760,1398519549955,0.0042877197,-9.921509,0.47512817
1398519550386674245,1830760,1398519549955,-0.00642395,-9.828674,0.45370483
1398519550392075856,1830770,1398519549965,0.0388031,-9.86557,0.45489502
1398519550396745046,1830770,1398519549966,0.04118347,-9.86319,0.45965576
1398519550402146657,1830780,1398519549976,0.02809143,-9.853668,0.51797485
1398519550406815847,1830780,1398519549976,0.039993286,-9.821533,0.44299316
1398519550412217458,1830790,1398519549986,0.009048462,-9.859619,0.45489502
1398519550416886647,1830790,1398519549986,0.020950317,-9.842957,0.37753296
1398519550422288259,1830800,1398519549996,0.020950317,-9.879852,0.4644165
1398519550426957448,1830800,1398519549996,0.037612915,-9.846527,0.46322632
1398519550432359059,1830810,1398519550006,0.04951477,-9.832245,0.41799927
1398519550437028249,1830810,1398519550006,-0.015945435,-9.832245,0.42871094
1398519550442429860,1830820,1398519550016,0.035232544,-9.870331,0.33944702
1398519550447099050,1830820,1398519550016,0.0030975342,-9.879852,0.41680908
1398519550452500661,1830830,1398519550026,-0.00642395,-9.852478,0.44299316
1398519550457169850,1830830,1398519550026,0.037612915,-9.835815,0.43585205
1398519550462571462,1830840,1398519550036,0.0042877197,-9.900085,0.4560852
1398519550467240651,1830840,1398519550036,0.009048462,-9.892944,0.4644165
1398519550472642263,1830850,1398519550046,-0.0028533936,-9.872711,0.47631836
1398519550477311452,1830851,1398519550046,-0.0028533936,-9.8619995,0.4406128
1398519550482713063,1830861,1398519550056,0.0054779053,-9.882233,0.4656067
1398519550487382253,1830861,1398519550056,0.009048462,-9.878662,0.48703003
1398519550492783864,1830871,1398519550066,-0.01713562,-9.859619,0.4406128
1398519550497453054,1830871,1398519550066,0.039993286,-9.890564,0.5001221
1398519550502854665,1830881,1398519550076,0.01499939,-9.879852,0.4310913
1398519550507523854,1830881,1398519550076,0.0030975342,-9.878662,0.4489441
1398519550512925466,1830891,1398519550086,0.019760132,-9.8619995,0.50131226
1398519550517594655,1830891,1398519550086,0.006668091,-9.854858,0.4406128
1398519550522996266,1830901,1398519550096,0.045944214,-9.851288,0.48464966
1398519550527665456,1830901,1398519550096,0.042373657,-9.819153,0.4144287
1398519550533067067,1830911,1398519550107,0.01499939,-9.895325,0.38467407
1398519550537736257,1830911,1398519550107,0.05784607,-9.860809,0.4572754
1398519550543137868,1830921,1398519550117,0.048324585,-9.871521,0.4406128
1398519550547807057,1830921,1398519550117,0.037612915,-9.86557,0.41204834
1398519550553208669,1830934,1398519550130,0.02571106,-9.857239,0.4239502
1398519550557877858,1830934,1398519550130,0.04475403,-9.86676,0.47036743
1398519550562760671,1830936,1398519550132,0.006668091,-9.873901,0.4394226
1398519550567796071,1830943,1398519550139,0.02571106,-9.850098,0.47750854
1398519550572831472,1830946,1398519550142,0.04118347,-9.873901,0.47869873
1398519550577866872,1830953,1398519550148,0.039993286,-9.909607,0.3239746
1398519550582902272,1830958,1398519550153,0.029281616,-9.93103,0.40490723
1398519550587937673,1830963,1398519550158,0.061416626,-9.892944,0.46322632
1398519550593034108,1830970,1398519550166,0.006668091,-9.886993,0.41799927
1398519550598130544,1830972,1398519550167,0.06498718,-9.86557,0.4144287
1398519550603532155,1830981,1398519550177,0.0019073486,-9.826294,0.43585205
1398519550608170827,1830981,1398519550177,0.0019073486,-9.826294,0.43585205
1398519550613633473,1830991,1398519550187,-0.001663208,-9.86795,0.5120239
1398519550618241628,1830992,1398519550187,0.053085327,-9.885803,0.42752075
1398519550623704274,1831001,1398519550197,0.03404236,-9.875092,0.41085815
1398519550628312429,1831002,1398519550197,0.06260681,-9.901276,0.39300537
1398519550633775075,1831012,1398519550207,0.019760132,-9.909607,0.44656372
1398519550638383229,1831012,1398519550207,0.0030975342,-9.8619995,0.41204834
1398519550643845876,1831022,1398519550217,0.01737976,-9.873901,0.4977417
1398519550648454030,1831022,1398519550217,0.031661987,-9.860809,0.5155945
1398519550653916677,1831032,1398519550227,0.018569946,-9.834625,0.4572754
1398519550658524831,1831032,1398519550227,-0.024276733,-9.888184,0.44180298
1398519550663987477,1831042,1398519550237,0.029281616,-9.846527,0.4644165
1398519550668595632,1831042,1398519550237,0.069747925,-9.873901,0.5120239
1398519550674058278,1831052,1398519550247,0.0019073486,-9.86438,0.41680908
1398519550678666432,1831052,1398519550248,0.035232544,-9.935791,0.40252686
1398519550684129079,1831062,1398519550257,0.091171265,-9.846527,0.46322632
1398519550688737233,1831062,1398519550258,0.026901245,-9.882233,0.48464966
1398519550694199880,1831072,1398519550268,0.007858276,-9.891754,0.49417114
1398519550698808034,1831072,1398519550268,0.032852173,-9.838196,0.41799927
1398519550704270681,1831082,1398519550278,0.030471802,-9.904846,0.3918152
1398519550708878835,1831082,1398519550278,0.08879089,-9.840576,0.4644165
1398519550714341481,1831092,1398519550288,0.02571106,-9.832245,0.5048828
1398519550718949636,1831092,1398519550288,0.018569946,-9.86319,0.41085815
1398519550724412282,1831102,1398519550298,0.07807922,-9.847717,0.4572754
1398519550729020436,1831102,1398519550298,0.029281616,-9.840576,0.41680908
1398519550734483083,1831112,1398519550308,0.05189514,-9.884613,0.44418335
1398519550739091237,1831112,1398519550308,-0.0135650635,-9.876282,0.44418335
1398519550744553884,1831122,1398519550318,0.056655884,-9.859619,0.4310913
1398519550749162038,1831122,1398519550318,0.016189575,-9.902466,0.44180298
1398519550754624684,1831132,1398519550328,0.0019073486,-9.878662,0.47988892
1398519550759232839,1831133,1398519550328,0.04475403,-9.847717,0.4489441
1398519550764176686,1831139,1398519550334,0.026901245,-9.93103,0.40966797
1398519550769212087,1831144,1398519550339,0.07093811,-9.93103,0.43347168
1398519550774247487,1831148,1398519550344,0.056655884,-9.886993,0.4144287
1398519550779374440,1831157,1398519550353,0.023330688,-9.858429,0.46798706
1398519550784562429,1831158,1398519550354,-0.024276733,-9.796539,0.390625
1398519550789536794,1831169,1398519550364,0.0554657,-9.871521,0.5239258
1398519550794938405,1831169,1398519550364,-4.7302246E-4,-9.840576,0.42990112
1398519550799607595,1831179,1398519550374,0.03642273,-9.901276,0.45489502
1398519550805009206,1831179,1398519550375,0.01499939,-9.907227,0.45132446
1398519550810166677,1831190,1398519550386,0.01499939,-9.845337,0.48703003
1398519550815385182,1831191,1398519550386,0.01499939,-9.897705,0.38110352
1398519550819627126,1831197,1398519550392,0.02571106,-9.86438,0.4644165
1398519550824662526,1831198,1398519550394,0.05784607,-9.828674,0.47155762
1398519550829972585,1831209,1398519550405,0.02571106,-9.826294,0.41918945
1398519550835282643,1831209,1398519550405,0.024520874,-9.86438,0.45013428
1398519550839921315,1831219,1398519550415,0.04951477,-9.878662,0.46798706
1398519550845353444,1831219,1398519550415,0.061416626,-9.879852,0.42037964
1398519550850358327,1831230,1398519550425,0.053085327,-9.856049,0.50250244
1398519550855637868,1831230,1398519550426,0.0471344,-9.840576,0.37277222
1398519550860032399,1831239,1398519550435,0.05189514,-9.870331,0.4060974
1398519550865434011,1831239,1398519550435,-0.0052337646,-9.916748,0.44180298
1398519550870560964,1831251,1398519550447,0.03404236,-9.895325,0.43823242
1398519550875840505,1831251,1398519550447,0.061416626,-9.885803,0.45965576
1398519550880051931,1831257,1398519550453,0.061416626,-9.885803,0.45965576
1398519550885087331,1831259,1398519550454,0.01737976,-9.86319,0.47512817
1398519550890855153,1831271,1398519550467,0.06498718,-9.895325,0.46322632
1398519550896043141,1831271,1398519550467,0.018569946,-9.787018,0.40966797
1398519550900224050,1831277,1398519550473,-0.01713562,-9.879852,0.42633057
1398519550905228932,1831279,1398519550475,0.03642273,-9.856049,0.40490723
1398519550911271413,1831291,1398519550486,0.02809143,-9.851288,0.49893188
1398519550916459401,1831291,1398519550486,0.0019073486,-9.8810425,0.4156189
1398519550920335134,1831298,1398519550494,0.032852173,-9.886993,0.42037964
1398519550925523122,1831301,1398519550496,0.012619019,-9.870331,0.4394226
1398519550930436452,1831309,1398519550505,0.06498718,-9.838196,0.38705444
1398519550935654958,1831310,1398519550505,0.035232544,-9.873901,0.4144287
1398519550940781911,1831320,1398519550516,0.013809204,-9.882233,0.47988892
1398519550946153005,1831321,1398519550516,0.026901245,-9.833435,0.45846558
1398519550950700124,1831330,1398519550526,0.030471802,-9.86438,0.46917725
1398519550956071218,1831330,1398519550526,0.053085327,-9.907227,0.4822693
1398519550961228688,1831341,1398519550536,0.0471344,-9.859619,0.47988892
1398519550966447194,1831341,1398519550536,-0.012374878,-9.888184,0.4727478
1398519550970811208,1831351,1398519550547,-4.7302246E-4,-9.832245,0.47750854
1398519550976212819,1831351,1398519550547,0.011428833,-9.848907,0.43823242
1398519550980790456,1831360,1398519550556,0.030471802,-9.841766,0.47631836
1398519550986100515,1831360,1398519550556,0.0030975342,-9.879852,0.4656067
1398519550991593679,1831371,1398519550567,-0.004043579,-9.8619995,0.45370483
1398519550996903737,1831371,1398519550567,-0.011184692,-9.854858,0.33944702
1398519551000901540,1831380,1398519550576,0.037612915,-9.892944,0.473938
1398519551006211598,1831380,1398519550576,0.045944214,-9.847717,0.39300537
1398519551011918386,1831391,1398519550587,0.01499939,-9.910797,0.3822937
1398519551017197927,1831392,1398519550587,-0.0028533936,-9.856049,0.48464966
1398519551021043141,1831401,1398519550596,0.0042877197,-9.873901,0.42633057
1398519551026292165,1831401,1398519550597,0.018569946,-9.86795,0.4072876
1398519551031236013,1831411,1398519550607,0.06498718,-9.903656,0.42990112
1398519551036668141,1831411,1398519550607,-0.0135650635,-9.844147,0.47631836
1398519551041306813,1831421,1398519550616,0.031661987,-9.827484,0.47869873
1398519551046708425,1831421,1398519550617,0.08998108,-9.883423,0.473938
1398519551051408132,1831431,1398519550627,0.029281616,-9.892944,0.47750854
1398519551056809743,1831431,1398519550627,0.02809143,-9.875092,0.3668213
1398519551061631520,1831441,1398519550637,0.02809143,-9.93103,0.47988892
1398519551067033132,1831441,1398519550637,7.171631E-4,-9.86557,0.43823242
1398519551071671804,1831451,1398519550647,0.02809143,-9.879852,0.39657593
1398519551077103932,1831451,1398519550647,0.039993286,-9.869141,0.43466187
1398519551081773122,1831461,1398519550657,0.048324585,-9.875092,0.42752075
1398519551087174733,1831461,1398519550657,-0.055221558,-9.86319,0.39657593
1398519551091813405,1831471,1398519550667,0.018569946,-9.86319,0.4656067
1398519551097215016,1831471,1398519550667,0.06617737,-9.872711,0.44656372
1398519551102067311,1831481,1398519550677,0.009048462,-9.856049,0.4310913
1398519551107285817,1831482,1398519550677,0.03642273,-9.872711,0.47631836
1398519551111802419,1831491,1398519550687,0.059036255,-9.848907,0.45251465
1398519551117234548,1831491,1398519550687,0.02809143,-9.871521,0.4060974
1398519551122361501,1831502,1398519550697,0.019760132,-9.858429,0.4310913
1398519551127641042,1831502,1398519550698,0.0388031,-9.845337,0.46203613
1398519551131974538,1831511,1398519550707,0.04118347,-9.876282,0.40014648
1398519551137345632,1831511,1398519550707,0.08164978,-9.856049,0.4489441
1398519551142533620,1831522,1398519550718,0.007858276,-9.891754,0.47631836
1398519551147782643,1831522,1398519550718,-0.030227661,-9.920319,0.42752075
1398519551152085622,1831531,1398519550727,-0.030227661,-9.920319,0.42752075
1398519551157456716,1831531,1398519550727,-0.0028533936,-9.857239,0.4727478
1398519551162644704,1831543,1398519550739,-0.0135650635,-9.847717,0.3977661
1398519551167924245,1831543,1398519550739,0.035232544,-9.888184,0.42514038
1398519551172191175,1831549,1398519550745,0.035232544,-9.888184,0.42514038
1398519551177226576,1831551,1398519550747,0.031661987,-9.878662,0.50250244
1398519551183330091,1831562,1398519550758,0.04951477,-9.857239,0.45013428
1398519551188243421,1831562,1398519550758,0.018569946,-9.873901,0.46917725
1398519551192363294,1831567,1398519550763,0.050704956,-9.890564,0.40014648
1398519551197368177,1831571,1398519550767,0.0388031,-9.891754,0.36325073
1398519551203685316,1831582,1398519550778,0.06022644,-9.8298645,0.4810791
1398519551208354505,1831582,1398519550778,0.010238647,-9.840576,0.46084595
1398519551212626966,1831592,1398519550787,0.07688904,-9.921509,0.45013428
1398519551217998060,1831592,1398519550788,0.030471802,-9.8619995,0.42871094
1398519551223155531,1831602,1398519550798,-0.0076141357,-9.86319,0.4644165
1398519551228374037,1831603,1398519550798,0.042373657,-9.898895,0.3751526
1398519551232738050,1831612,1398519550807,0.039993286,-9.835815,0.46084595
1398519551238078626,1831612,1398519550808,0.032852173,-9.827484,0.43823242
1398519551243388685,1831623,1398519550818,0.009048462,-9.847717,0.44299316
1398519551248607191,1831623,1398519550818,-0.014755249,-9.837006,0.44418335
1398519551252910169,1831632,1398519550828,0.031661987,-9.870331,0.39538574
1398519551258250745,1831632,1398519550828,0.02809143,-9.906036,0.44180298
1398519551263438734,1831643,1398519550838,-0.001663208,-9.900085,0.41204834
1398519551268718275,1831643,1398519550839,0.04951477,-9.92746,0.41799927
1398519551273021253,1831653,1398519550848,0.0042877197,-9.888184,0.45013428
1398519551278392347,1831653,1398519550848,0.010238647,-9.841766,0.44418335
1398519551283122572,1831662,1398519550858,0.031661987,-9.807251,0.46084595
1398519551288524183,1831663,1398519550858,-0.0052337646,-9.852478,0.40014648
1398519551293651136,1831673,1398519550869,0.02571106,-9.796539,0.44180298
1398519551298930677,1831673,1398519550869,0.0471344,-9.832245,0.4572754
1398519551303264173,1831683,1398519550878,0.0019073486,-9.891754,0.41323853
1398519551308635267,1831683,1398519550878,0.010238647,-9.8810425,0.45846558
1398519551313762220,1831693,1398519550889,0.02571106,-9.915558,0.4727478
1398519551319041761,1831693,1398519550889,0.01737976,-9.856049,0.42990112
1398519551323405775,1831703,1398519550898,0.114974976,-9.841766,0.42871094
1398519551328776869,1831703,1398519550898,0.035232544,-9.900085,0.38824463
1398519551333964857,1831713,1398519550909,0.032852173,-9.860809,0.47512817
1398519551339152845,1831713,1398519550909,0.035232544,-9.873901,0.45489502
1398519551343547376,1831723,1398519550918,0.0471344,-9.858429,0.4489441
1398519551348887953,1831723,1398519550918,0.010238647,-9.892944,0.38824463
1398519551354136976,1831733,1398519550929,0.054275513,-9.919128,0.43466187
1398519551359324964,1831734,1398519550929,-0.009994507,-9.871521,0.47869873
1398519551363688978,1831743,1398519550938,0.07450867,-9.831055,0.3822937
1398519551369029554,1831743,1398519550938,0.007858276,-9.826294,0.3918152
1398519551374217542,1831754,1398519550949,-0.020706177,-9.884613,0.42514038
1398519551379436048,1831754,1398519550949,-0.011184692,-9.873901,0.3834839
1398519551383800062,1831763,1398519550958,0.011428833,-9.883423,0.42276
1398519551389140638,1831763,1398519550959,0.07450867,-9.832245,0.3739624
1398519551394389662,1831774,1398519550969,0.02809143,-9.847717,0.4656067
1398519551399577650,1831774,1398519550969,0.031661987,-9.885803,0.4656067
1398519551403972181,1831783,1398519550979,0.02571106,-9.896515,0.3977661
1398519551409343275,1831783,1398519550979,0.011428833,-9.889374,0.40371704
1398519551414500745,1831794,1398519550989,0.07807922,-9.936981,0.41204834
1398519551419780287,1831794,1398519550990,-0.0135650635,-9.816772,0.4656067
1398519551424083265,1831803,1398519550999,-0.019515991,-9.79892,0.38824463
1398519551429454359,1831803,1398519550999,0.06022644,-9.882233,0.46917725
1398519551434642347,1831814,1398519551010,0.02809143,-9.914368,0.4489441
1398519551439921888,1831814,1398519551010,0.01499939,-9.870331,0.4406128
1398519551444224867,1831823,1398519551019,0.01499939,-9.870331,0.4406128
1398519551449565443,1831823,1398519551019,0.043563843,-9.884613,0.44418335
1398519551454814466,1831834,1398519551030,0.039993286,-9.845337,0.37753296
1398519551460094007,1831834,1398519551030,0.069747925,-9.873901,0.3918152
1398519551464366468,1831843,1398519551039,0.069747925,-9.873901,0.3918152
1398519551469737562,1831844,1398519551039,0.01499939,-9.889374,0.4060974
1398519551474956068,1831854,1398519551050,0.020950317,-9.875092,0.36325073
1398519551480235609,1831855,1398519551050,0.029281616,-9.858429,0.46917725
1398519551484508070,1831864,1398519551059,0.04475403,-9.846527,0.45965576
1398519551489848646,1831864,1398519551059,0.018569946,-9.858429,0.47631836
1398519551495219740,1831875,1398519551070,7.171631E-4,-9.876282,0.39538574
1398519551500438245,1831875,1398519551070,-4.7302246E-4,-9.851288,0.42276
1398519551504619154,1831884,1398519551079,0.035232544,-9.859619,0.44418335
1398519551509898695,1831884,1398519551079,0.032852173,-9.901276,0.43466187
1398519551515452894,1831895,1398519551090,-0.0052337646,-9.876282,0.40371704
1398519551520640882,1831895,1398519551090,0.009048462,-9.871521,0.4572754
1398519551524760755,1831904,1398519551099,-0.014755249,-9.86438,0.45846558
1398519551530009779,1831904,1398519551099,0.0019073486,-9.853668,0.45013428
1398519551535747083,1831915,1398519551111,0.042373657,-9.844147,0.46798706
1398519551540935072,1831915,1398519551111,-0.0028533936,-9.838196,0.40014648
1398519551544841322,1831924,1398519551119,0.045944214,-9.883423,0.47036743
1398519551550059828,1831924,1398519551120,0.04475403,-9.858429,0.46322632
1398519551556041273,1831935,1398519551131,0.016189575,-9.854858,0.45370483
1398519551561320814,1831936,1398519551131,-0.01713562,-9.839386,0.43704224
1398519551564952406,1831954,1398519551150,0.0471344,-9.848907,0.46917725
1398519551569987806,1831954,1398519551150,0.01737976,-9.892944,0.41204834
1398519551575023206,1831954,1398519551150,0.02809143,-9.909607,0.41918945
1398519551580089124,1831954,1398519551150,0.04951477,-9.848907,0.42514038
1398519551585094007,1831996,1398519551192,0.032852173,-9.834625,0.43704224
1398519551590129408,1831996,1398519551192,0.042373657,-9.898895,0.5001221
1398519551595164808,1831996,1398519551192,0.032852173,-9.857239,0.39538574
1398519551600200208,1831996,1398519551192,0.006668091,-9.888184,0.40490723
1398519551605235609,1831996,1398519551192,0.01499939,-9.873901,0.51083374
1398519551610271009,1831996,1398519551192,0.042373657,-9.898895,0.41323853
1398519551615306410,1831996,1398519551192,0.007858276,-9.883423,0.43823242
1398519551620341810,1831996,1398519551192,0.05784607,-9.8810425,0.4322815
1398519551625285658,1831998,1398519551194,0.037612915,-9.812012,0.44656372
1398519551631267103,1832008,1398519551203,0.020950317,-9.831055,0.40252686
1398519551635661634,1832009,1398519551204,0.042373657,-9.838196,0.53582764
1398519551641490492,1832021,1398519551217,0.042373657,-9.872711,0.41680908
1398519551647014173,1832021,1398519551217,0.042373657,-9.841766,0.473938
1398519551650462660,1832024,1398519551220,0.02571106,-9.882233,0.38586426
1398519551655498060,1832030,1398519551225,0.043563843,-9.854858,0.45251465
1398519551660533460,1832035,1398519551231,0.02571106,-9.86319,0.45132446
1398519551665568861,1832040,1398519551236,-0.012374878,-9.857239,0.43704224
1398519551670604261,1832044,1398519551240,0.0019073486,-9.815582,0.42871094
1398519551675639662,1832049,1398519551244,0.061416626,-9.834625,0.45965576
1398519551680675062,1832060,1398519551255,0.031661987,-9.876282,0.45370483
1398519551685710462,1832060,1398519551255,0.011428833,-9.897705,0.43466187
1398519551691844495,1832071,1398519551267,-0.014755249,-9.845337,0.46679688
1398519551697246107,1832072,1398519551267,0.009048462,-9.909607,0.42990112
1398519551700816663,1832079,1398519551274,0.009048462,-9.909607,0.42990112
1398519551706035169,1832079,1398519551275,0.02809143,-9.86438,0.4322815
1398519551712260755,1832092,1398519551288,0.022140503,-9.86557,0.4060974
1398519551717906507,1832092,1398519551288,0.0054779053,-9.86557,0.37991333
1398519551720958265,1832096,1398519551291,0.0054779053,-9.86557,0.37991333
1398519551726481947,1832106,1398519551302,-0.0076141357,-9.859619,0.43585205
1398519551732036146,1832106,1398519551302,0.045944214,-9.892944,0.36801147
1398519551736186537,1832115,1398519551311,0.045944214,-9.892944,0.36801147
1398519551741710218,1832115,1398519551311,0.03642273,-9.846527,0.50131226
1398519551747081312,1832127,1398519551323,0.030471802,-9.902466,0.4477539
1398519551752666029,1832127,1398519551323,0.0030975342,-9.878662,0.4322815
1398519551756236585,1832134,1398519551329,0.0030975342,-9.878662,0.4322815
1398519551761363538,1832135,1398519551330,0.030471802,-9.896515,0.43347168
1398519551767711195,1832148,1398519551343,0.035232544,-9.909607,0.50845337
1398519551773326429,1832148,1398519551343,0.026901245,-9.819153,0.4060974
1398519551776347669,1832151,1398519551347,0.059036255,-9.883423,0.45965576
1398519551781840833,1832161,1398519551357,0.012619019,-9.870331,0.48703003
1398519551787547620,1832162,1398519551357,0.022140503,-9.859619,0.46084595
1398519551791575941,1832171,1398519551366,0.011428833,-9.86319,0.4977417
1398519551797130140,1832171,1398519551366,0.020950317,-9.80249,0.39538574
1398519551802440199,1832182,1398519551378,0.056655884,-9.846527,0.40966797
1398519551807994398,1832182,1398519551378,0.06022644,-9.8810425,0.5001221
1398519551811595472,1832189,1398519551385,0.04951477,-9.858429,0.3751526
1398519551816813978,1832190,1398519551386,0.019760132,-9.860809,0.37158203
1398519551823039564,1832203,1398519551398,0.06617737,-9.840576,0.46084595
1398519551828593763,1832203,1398519551399,0.09831238,-9.848907,0.44180298
1398519551831737074,1832207,1398519551402,0.019760132,-9.815582,0.48464966
1398519551836894544,1832216,1398519551412,0.053085327,-9.86676,0.46322632
1398519551842479261,1832216,1398519551412,0.011428833,-9.896515,0.44418335
1398519551847758802,1832228,1398519551423,0.011428833,-9.911987,0.43466187
1398519551853374037,1832228,1398519551423,-0.0135650635,-9.906036,0.45013428
1398519551856914076,1832234,1398519551430,0.0054779053,-9.888184,0.4572754
1398519551862071546,1832235,1398519551431,0.037612915,-9.882233,0.37991333
1398519551868449720,1832248,1398519551444,0.0054779053,-9.900085,0.42871094
1398519551874064954,1832248,1398519551444,0.022140503,-9.857239,0.38824463
1398519551877055677,1832252,1398519551447,0.037612915,-9.834625,0.5298767
1398519551882609876,1832262,1398519551458,0.006668091,-9.848907,0.43823242
1398519551888225111,1832263,1398519551458,0.03404236,-9.933411,0.4144287
1398519551892283949,1832272,1398519551467,0.056655884,-9.8941345,0.4489441
1398519551897807630,1832272,1398519551467,0.02809143,-9.889374,0.45013428
1398519551903178724,1832283,1398519551479,0.05189514,-9.901276,0.45013428
1398519551908824476,1832283,1398519551479,0.010238647,-9.888184,0.50250244
1398519551912303480,1832290,1398519551485,0.039993286,-9.851288,0.43347168
1398519551917430433,1832291,1398519551486,-0.015945435,-9.871521,0.4822693
1398519551923808607,1832304,1398519551499,0.007858276,-9.878662,0.41204834
1398519551929393324,1832304,1398519551499,0.032852173,-9.909607,0.43585205
1398519551932445081,1832307,1398519551503,0.0388031,-9.886993,0.41799927
1398519551937968763,1832318,1398519551513,0.04951477,-9.8619995,0.4656067
1398519551943675550,1832318,1398519551513,0.022140503,-9.853668,0.38705444
1398519551947551283,1832323,1398519551518,0.029281616,-9.853668,0.42276
1398519551952678236,1832328,1398519551523,-0.001663208,-9.879852,0.45370483
1398519551957713636,1832333,1398519551529,0.022140503,-9.840576,0.34301758
1398519551962749037,1832338,1398519551533,0.045944214,-9.853668,0.48464966
1398519551967784437,1832343,1398519551539,0.010238647,-9.8810425,0.44537354
1398519551972819837,1832348,1398519551543,0.06022644,-9.840576,0.5310669
1398519551977855238,1832353,1398519551549,0.042373657,-9.845337,0.42037964
1398519551982921156,1832362,1398519551557,0.056655884,-9.86319,0.48583984
1398519551988170179,1832362,1398519551558,-0.023086548,-9.8619995,0.46203613
1398519551994151624,1832374,1398519551569,0.039993286,-9.871521,0.43823242
1398519551999431165,1832374,1398519551569,0.016189575,-9.847717,0.40014648
1398519552003062757,1832381,1398519551576,0.016189575,-9.847717,0.40014648
1398519552008189710,1832382,1398519551578,0.019760132,-9.86795,0.47750854
1398519552013835462,1832393,1398519551589,0.024520874,-9.869141,0.4239502
1398519552019145521,1832393,1398519551589,0.0388031,-9.856049,0.44180298
1398519552023265394,1832402,1398519551598,0.0388031,-9.856049,0.44180298
1398519552028544935,1832402,1398519551598,0.06498718,-9.892944,0.42514038
1398519552034129652,1832414,1398519551609,-0.011184692,-9.896515,0.4965515
1398519552039439710,1832414,1398519551609,0.018569946,-9.884613,0.42037964
1398519552043345960,1832422,1398519551618,0.08522034,-9.845337,0.41085815
1398519552048564466,1832423,1398519551618,0.059036255,-9.871521,0.4310913
1398519552054332288,1832434,1398519551629,0.018569946,-9.852478,0.4310913
1398519552059611829,1832434,1398519551630,0.0054779053,-9.877472,0.45013428
1398519552063457044,1832442,1398519551638,0.031661987,-9.903656,0.47988892
1398519552068675550,1832442,1398519551638,0.06260681,-9.848907,0.45846558
1398519552074779066,1832455,1398519551650,0.016189575,-9.879852,0.4560852
1398519552080119642,1832455,1398519551651,0.05189514,-9.879852,0.43704224
1398519552083629163,1832459,1398519551655,0.0042877197,-9.86438,0.4965515
1398519552088664564,1832468,1398519551663,0.012619019,-9.86676,0.45132446
1398519552093913587,1832468,1398519551663,0.045944214,-9.920319,0.4560852
1398519552099803480,1832479,1398519551675,0.012619019,-9.919128,0.44299316
1398519552104991468,1832479,1398519551675,0.010238647,-9.86795,0.45132446
1398519552108806165,1832484,1398519551680,0.020950317,-9.896515,0.40371704
1398519552113811048,1832489,1398519551684,0.0471344,-9.8941345,0.46203613
1398519552118846449,1832497,1398519551692,0.020950317,-9.845337,0.44418335
1398519552124034437,1832498,1398519551693,-0.008804321,-9.877472,0.3822937
1398519552128917249,1832508,1398519551703,0.043563843,-9.851288,0.39300537
1398519552134166273,1832508,1398519551704,-0.030227661,-9.883423,0.46203613
1398519552139049085,1832518,1398519551714,-0.0135650635,-9.859619,0.48345947
1398519552144237074,1832518,1398519551714,0.022140503,-9.8810425,0.44299316
1398519552149821790,1832529,1398519551725,0.009048462,-9.86795,0.40133667
1398519552155101331,1832529,1398519551725,0.007858276,-9.8619995,0.42514038
1398519552159129652,1832535,1398519551730,0.045944214,-9.869141,0.45251465
1398519552164165052,1832539,1398519551735,0.07331848,-9.86795,0.47036743
1398519552169322523,1832549,1398519551744,-0.031417847,-9.86319,0.38586426
1398519552174693617,1832549,1398519551744,0.03642273,-9.917938,0.47036743
1398519552179393324,1832559,1398519551754,0.042373657,-9.831055,0.40252686
1398519552184794935,1832559,1398519551754,0.022140503,-9.856049,0.45965576
1398519552189464124,1832569,1398519551764,-0.024276733,-9.923889,0.4060974
1398519552194865736,1832569,1398519551764,0.011428833,-9.93103,0.44418335
1398519552200023206,1832580,1398519551775,0.0388031,-9.86438,0.46679688
1398519552205302747,1832581,1398519551776,0.048324585,-9.860809,0.42752075
1398519552209483656,1832587,1398519551782,-0.0052337646,-9.917938,0.3918152
1398519552214519056,1832588,1398519551784,0.05784607,-9.896515,0.46322632
1398519552219737562,1832599,1398519551795,0.061416626,-9.86557,0.4977417
1398519552225169691,1832599,1398519551795,0.026901245,-9.86557,0.46203613
1398519552229930433,1832609,1398519551805,-0.0135650635,-9.848907,0.45251465
1398519552235332044,1832609,1398519551805,0.019760132,-9.896515,0.4239502
1398519552239909681,1832619,1398519551815,0.06855774,-9.895325,0.4656067
1398519552245341810,1832620,1398519551815,0.0054779053,-9.86557,0.47988892
1398519552250072035,1832629,1398519551825,0.04951477,-9.8941345,0.44418335
1398519552255443128,1832630,1398519551826,0.04951477,-9.857239,0.42633057
1398519552259868177,1832637,1398519551833,0.05784607,-9.794159,0.4310913
1398519552265056165,1832639,1398519551834,0.0054779053,-9.845337,0.44180298
1398519552270488294,1832650,1398519551846,0.029281616,-9.890564,0.42514038
1398519552275706800,1832650,1398519551846,0.080459595,-9.896515,0.4965515
1398519552280101331,1832659,1398519551855,0.05189514,-9.86319,0.46917725
1398519552285441908,1832659,1398519551855,0.03642273,-9.897705,0.40371704
1398519552290690931,1832670,1398519551866,0.019760132,-9.809631,0.45965576
1398519552295939954,1832670,1398519551866,0.061416626,-9.877472,0.37277222
1398519552300212415,1832679,1398519551875,0.061416626,-9.877472,0.37277222
1398519552305552992,1832680,1398519551875,0.0042877197,-9.884613,0.41799927
1398519552310283216,1832689,1398519551885,0.0042877197,-9.884613,0.41799927
1398519552315654310,1832690,1398519551885,0.018569946,-9.840576,0.40133667
1398519552320872816,1832701,1398519551897,0.0471344,-9.86676,0.42633057
1398519552326152357,1832701,1398519551897,0.007858276,-9.86438,0.46084595
1398519552330363783,1832708,1398519551904,0.0019073486,-9.897705,0.40847778
1398519552335490736,1832709,1398519551905,0.0054779053,-9.902466,0.49536133
1398519552341655287,1832721,1398519551917,0.056655884,-9.8298645,0.47750854
1398519552346934828,1832721,1398519551917,0.018569946,-9.8619995,0.4322815
1398519552350505384,1832728,1398519551923,0.039993286,-9.871521,0.40371704
1398519552355540785,1832731,1398519551926,7.171631E-4,-9.877472,0.4239502
1398519552360545667,1832737,1398519551933,0.031661987,-9.86795,0.4572754
1398519552365581068,1832739,1398519551935,0.009048462,-9.869141,0.42752075
1398519552371898206,1832752,1398519551948,0.0054779053,-9.8619995,0.46084595
1398519552377452406,1832752,1398519551948,0.016189575,-9.896515,0.4489441
1398519552380717787,1832756,1398519551952,-0.001663208,-9.86438,0.38705444
1398519552385722669,1832761,1398519551956,0.019760132,-9.886993,0.3739624
1398519552390880140,1832770,1398519551966,0.06736755,-9.851288,0.45965576
1398519552396220716,1832770,1398519551966,0.03642273,-9.847717,0.4894104
1398519552401469740,1832781,1398519551976,0.07926941,-9.852478,0.3668213
1398519552406657728,1832781,1398519551977,0.007858276,-9.820343,0.44180298
1398519552411052259,1832791,1398519551987,0.0054779053,-9.844147,0.42990112
1398519552416392835,1832791,1398519551987,-0.011184692,-9.869141,0.46322632
1398519552421092542,1832801,1398519551997,0.0042877197,-9.888184,0.43466187
1398519552426433119,1832801,1398519551997,-4.7302246E-4,-9.844147,0.48345947
1398519552431193861,1832811,1398519552007,0.05189514,-9.885803,0.42037964
1398519552436595472,1832811,1398519552007,-0.01713562,-9.86795,0.41204834
1398519552441264662,1832821,1398519552016,0.0054779053,-9.886993,0.45370483
1398519552446666273,1832821,1398519552017,0.030471802,-9.879852,0.5286865
1398519552451304945,1832831,1398519552026,-0.045700073,-9.86438,0.40490723
1398519552456767591,1832831,1398519552027,0.06022644,-9.889374,0.39419556
1398519552461650404,1832841,1398519552037,-0.020706177,-9.86676,0.40847778
1398519552466929945,1832841,1398519552037,0.037612915,-9.875092,0.47750854
1398519552471446546,1832852,1398519552047,-0.034988403,-9.888184,0.41918945
1398519552476878675,1832852,1398519552047,0.039993286,-9.877472,0.4322815
1398519552481425794,1832861,1398519552056,0.0388031,-9.856049,0.48703003
1398519552486735853,1832861,1398519552057,0.032852173,-9.813202,0.3918152
1398519552492076429,1832872,1398519552068,0.054275513,-9.869141,0.45013428
1398519552497539076,1832872,1398519552068,0.06022644,-9.914368,0.45013428
1398519552501536878,1832881,1398519552076,-4.7302246E-4,-9.86676,0.41323853
1398519552506785902,1832881,1398519552077,0.069747925,-9.86319,0.4489441
1398519552512218031,1832892,1398519552087,0.018569946,-9.835815,0.5322571
1398519552517436537,1832892,1398519552087,0.0042877197,-9.860809,0.42514038
1398519552521831068,1832901,1398519552097,0.042373657,-9.897705,0.45251465
1398519552527171644,1832901,1398519552097,0.04475403,-9.837006,0.45013428
1398519552532390150,1832912,1398519552107,0.039993286,-9.814392,0.4822693
1398519552537578138,1832912,1398519552108,0.007858276,-9.858429,0.42633057
1398519552541972669,1832921,1398519552117,0.01499939,-9.840576,0.3751526
1398519552547313245,1832921,1398519552117,-0.018325806,-9.916748,0.3822937
1398519552552562269,1832932,1398519552128,0.020950317,-9.903656,0.48345947
1398519552557750257,1832932,1398519552128,0.05784607,-9.842957,0.4477539
1398519552562114271,1832941,1398519552137,0.06498718,-9.901276,0.42633057
1398519552567454847,1832941,1398519552137,0.042373657,-9.904846,0.4977417
1398519552572642835,1832952,1398519552148,0.018569946,-9.888184,0.46203613
1398519552577830824,1832952,1398519552148,0.009048462,-9.853668,0.48345947
1398519552582255872,1832962,1398519552157,0.009048462,-9.853668,0.48345947
1398519552587626966,1832962,1398519552157,0.082839966,-9.859619,0.41799927
1398519552592784437,1832972,1398519552168,0.006668091,-9.857239,0.41680908
1398519552598063978,1832972,1398519552168,0.0030975342,-9.86319,0.42990112
1398519552602366956,1832982,1398519552177,0.0030975342,-9.86319,0.42990112
1398519552607707533,1832982,1398519552177,0.0030975342,-9.908417,0.4239502
1398519552612926038,1832992,1398519552188,0.011428833,-9.903656,0.42276
1398519552618205579,1832993,1398519552188,0.01499939,-9.856049,0.38110352
1398519552622508558,1833002,1398519552197,0.02809143,-9.8810425,0.46679688
1398519552627879652,1833002,1398519552197,0.023330688,-9.860809,0.49417114
1398519552633067640,1833013,1398519552208,0.0054779053,-9.835815,0.43704224
1398519552638316663,1833013,1398519552208,0.009048462,-9.86676,0.5155945
1398519552642650160,1833022,1398519552217,-0.015945435,-9.850098,0.41204834
1398519552648021253,1833022,1398519552218,0.016189575,-9.876282,0.41204834
1398519552653178724,1833033,1398519552228,0.06736755,-9.86795,0.4489441
1398519552658458265,1833033,1398519552228,-0.0052337646,-9.895325,0.4560852
1398519552662822279,1833042,1398519552238,0.007858276,-9.890564,0.51083374
1398519552668162855,1833042,1398519552238,0.043563843,-9.897705,0.38586426
1398519552673350843,1833053,1398519552248,0.012619019,-9.884613,0.4572754
1398519552678538831,1833053,1398519552248,0.03642273,-9.842957,0.41680908
1398519552682963880,1833062,1398519552258,0.03642273,-9.8941345,0.40133667
1398519552688334974,1833062,1398519552258,0.019760132,-9.875092,0.4489441
1398519552693492445,1833073,1398519552269,0.039993286,-9.883423,0.48583984
1398519552698680433,1833073,1398519552269,0.029281616,-9.859619,0.46679688
1398519552703105482,1833082,1398519552278,0.0554657,-9.851288,0.41680908
1398519552708476576,1833082,1398519552278,0.04118347,-9.838196,0.40490723
1398519552713603529,1833093,1398519552289,0.112594604,-9.820343,0.4882202
1398519552718822035,1833093,1398519552289,-0.015945435,-9.873901,0.44180298
1398519552723247083,1833102,1398519552298,0.050704956,-9.876282,0.3894348
1398519552728618177,1833103,1398519552298,0.0054779053,-9.832245,0.40966797
1398519552733745130,1833113,1398519552309,0.07807922,-9.8619995,0.42156982
1398519552739024671,1833113,1398519552309,0.04118347,-9.885803,0.41680908
1398519552743358167,1833123,1398519552318,0.063797,-9.873901,0.41918945
1398519552748729261,1833123,1398519552318,0.056655884,-9.835815,0.4060974
1398519552753917249,1833133,1398519552329,0.020950317,-9.822723,0.44180298
1398519552759196790,1833134,1398519552329,0.023330688,-9.842957,0.42990112
1398519552763499769,1833143,1398519552338,0.019760132,-9.889374,0.5001221
1398519552768870863,1833143,1398519552338,0.013809204,-9.875092,0.45846558
1398519552774058851,1833154,1398519552349,0.02809143,-9.859619,0.47155762
1398519552779307874,1833154,1398519552349,0.020950317,-9.891754,0.47869873
1398519552783641370,1833163,1398519552358,0.050704956,-9.8619995,0.42633057
1398519552789012464,1833163,1398519552359,0.011428833,-9.859619,0.3989563
1398519552794200453,1833174,1398519552369,0.016189575,-9.873901,0.45846558
1398519552799479994,1833174,1398519552369,0.010238647,-9.8619995,0.4406128
1398519552803782972,1833183,1398519552379,0.026901245,-9.876282,0.4656067
1398519552809123548,1833183,1398519552379,0.03642273,-9.882233,0.47036743
1398519552814433607,1833194,1398519552389,0.043563843,-9.859619,0.51678467
1398519552819652113,1833194,1398519552390,-0.019515991,-9.878662,0.45846558
1398519552823924574,1833203,1398519552399,0.0042877197,-9.851288,0.45370483
1398519552829234632,1833203,1398519552399,0.012619019,-9.86676,0.39657593
1398519552834697279,1833214,1398519552410,0.016189575,-9.920319,0.41323853
1398519552839885267,1833214,1398519552410,-0.01713562,-9.876282,0.4656067
1398519552844066175,1833223,1398519552419,-0.01713562,-9.876282,0.4656067
1398519552849315199,1833223,1398519552419,0.06736755,-9.850098,0.4406128
1398519552854899915,1833234,1398519552430,0.054275513,-9.859619,0.44180298
1398519552860087904,1833234,1398519552430,0.022140503,-9.882233,0.47631836
1398519552864146742,1833243,1398519552439,0.022140503,-9.882233,0.47631836
1398519552869334730,1833243,1398519552439,0.016189575,-9.86557,0.44537354
1398519552875346693,1833255,1398519552450,0.042373657,-9.869141,0.4882202
1398519552880565199,1833255,1398519552451,0.0042877197,-9.856049,0.4156189
1398519552884257826,1833262,1398519552458,0.0042877197,-9.856049,0.4156189
1398519552889384779,1833264,1398519552459,0.06498718,-9.820343,0.36087036
1398519552894938978,1833274,1398519552470,0.03642273,-9.917938,0.42514038
1398519552900218519,1833275,1398519552470,0.045944214,-9.908417,0.4394226
1398519552904490980,1833284,1398519552479,0.0030975342,-9.847717,0.46679688
1398519552909862074,1833284,1398519552479,0.06022644,-9.7977295,0.4656067
1398519552915050062,1833295,1398519552490,-0.025466919,-9.911987,0.4394226
1398519552920299085,1833295,1398519552490,0.026901245,-9.857239,0.48583984
1398519552924632581,1833304,1398519552499,0.04118347,-9.842957,0.4965515
1398519552930003675,1833304,1398519552500,0.0054779053,-9.890564,0.48583984
1398519552935191663,1833315,1398519552510,-0.012374878,-9.8941345,0.47036743
1398519552940440687,1833315,1398519552510,0.042373657,-9.92746,0.4656067
1398519552944652113,1833321,1398519552517,0.016189575,-9.923889,0.41799927
1398519552949687513,1833326,1398519552521,0.043563843,-9.848907,0.473938
1398519552954722913,1833330,1398519552525,0.035232544,-9.869141,0.39538574
1398519552959880384,1833339,1398519552535,7.171631E-4,-9.839386,0.40490723
1398519552965251478,1833339,1398519552535,0.016189575,-9.885803,0.46917725
1398519552970439466,1833350,1398519552546,0.026901245,-9.884613,0.45965576
1398519552975383314,1833350,1398519552546,0.05784607,-9.877472,0.45370483
1398519552980052503,1833359,1398519552555,0.09593201,-9.857239,0.3977661
1398519552985393079,1833359,1398519552555,0.024520874,-9.878662,0.47631836
1398519552990550550,1833371,1398519552567,-0.001663208,-9.883423,0.43823242
1398519552995799574,1833371,1398519552567,0.010238647,-9.850098,0.43823242
1398519553000041517,1833377,1398519552573,0.048324585,-9.879852,0.3918152
1398519553005076917,1833379,1398519552574,0.03404236,-9.911987,0.39657593
1398519553010997328,1833391,1398519552586,0.03642273,-9.879852,0.35253906
1398519553016246351,1833391,1398519552587,0.020950317,-9.854858,0.4572754
1398519553020183119,1833398,1398519552593,0.032852173,-9.877472,0.42633057
1398519553025279554,1833399,1398519552595,0.035232544,-9.898895,0.40014648
1398519553031413587,1833411,1398519552607,0.04118347,-9.915558,0.36444092
1398519553036723646,1833411,1398519552607,0.022140503,-9.8810425,0.4406128
1398519553040324720,1833418,1398519552614,0.031661987,-9.878662,0.41799927
1398519553045482191,1833421,1398519552616,0.06260681,-9.869141,0.45251465
1398519553050426038,1833430,1398519552625,0.056655884,-9.909607,0.45965576
1398519553055705579,1833430,1398519552625,0.039993286,-9.852478,0.48583984
1398519553061442884,1833441,1398519552637,0.061416626,-9.822723,0.42752075
1398519553066813978,1833441,1398519552637,0.022140503,-9.871521,0.42990112
1398519553070567640,1833448,1398519552644,-4.7302246E-4,-9.86557,0.4060974
1398519553075694593,1833450,1398519552645,0.07569885,-9.886993,0.4156189
1398519553081889662,1833461,1398519552657,7.171631E-4,-9.8619995,0.3918152
1398519553087199720,1833462,1398519552657,0.026901245,-9.86676,0.48345947
1398519553090678724,1833468,1398519552663,0.020950317,-9.839386,0.46798706
1398519553095714124,1833471,1398519552666,0.072128296,-9.839386,0.42514038
1398519553101024183,1833481,1398519552676,0.05784607,-9.820343,0.4822693
1398519553106486829,1833481,1398519552677,0.009048462,-9.890564,0.45370483
1398519553110942396,1833490,1398519552686,-0.0052337646,-9.891754,0.44418335
1398519553116313490,1833490,1398519552686,0.013809204,-9.877472,0.48703003
1398519553121501478,1833502,1398519552697,-0.045700073,-9.957214,0.4477539
1398519553127116712,1833502,1398519552698,0.030471802,-9.873901,0.41323853
1398519553130961927,1833508,1398519552704,0.030471802,-9.873901,0.41323853
1398519553135997328,1833510,1398519552706,0.03642273,-9.908417,0.46679688
1398519553142314466,1833522,1398519552717,0.020950317,-9.920319,0.4822693
1398519553147532972,1833522,1398519552718,0.07688904,-9.851288,0.43704224
1398519553151134046,1833529,1398519552724,0.07688904,-9.851288,0.43704224
1398519553156230482,1833530,1398519552726,0.07807922,-9.86795,0.45132446
1398519553162242445,1833542,1398519552737,0.05784607,-9.898895,0.4644165
1398519553167491468,1833542,1398519552737,0.06736755,-9.853668,0.4977417
1398519553171245130,1833549,1398519552745,0.06736755,-9.853668,0.4977417
1398519553176433119,1833551,1398519552747,-0.001663208,-9.875092,0.44418335
1398519553181895765,1833561,1398519552757,0.020950317,-9.852478,0.44656372
1398519553187205824,1833562,1398519552757,0.026901245,-9.859619,0.42633057
1398519553191539320,1833572,1398519552767,0.018569946,-9.838196,0.47512817
1398519553196910413,1833572,1398519552767,0.026901245,-9.935791,0.46917725
1398519553201610120,1833581,1398519552777,0.007858276,-9.846527,0.50845337
1398519553206981214,1833581,1398519552777,0.024520874,-9.907227,0.53582764
1398519553212138685,1833592,1398519552787,0.029281616,-9.879852,0.4322815
1398519553217540296,1833592,1398519552788,0.03642273,-9.86438,0.4239502
1398519553221629652,1833601,1398519552796,0.039993286,-9.910797,0.48703003
1398519553226939710,1833601,1398519552797,0.0042877197,-9.86319,0.4656067
1398519553232432874,1833612,1398519552808,0.023330688,-9.840576,0.4144287
1398519553237712415,1833612,1398519552808,0.013809204,-9.947693,0.48464966
1398519553241771253,1833622,1398519552817,-0.01713562,-9.8619995,0.45965576
1398519553246989759,1833622,1398519552817,-0.001663208,-9.86438,0.55130005
1398519553251933607,1833632,1398519552827,0.0030975342,-9.847717,0.44656372
1398519553257701429,1833632,1398519552828,0.04475403,-9.840576,0.39538574
1398519553262034925,1833642,1398519552838,0.0054779053,-9.86319,0.4477539
1398519553267772230,1833642,1398519552838,0.056655884,-9.853668,0.506073
1398519553272075208,1833652,1398519552847,0.02571106,-9.879852,0.48464966
1398519553277751478,1833652,1398519552848,0.043563843,-9.888184,0.4239502
1398519553282176527,1833662,1398519552857,0.0554657,-9.86795,0.4060974
1398519553287547620,1833662,1398519552857,-4.7302246E-4,-9.876282,0.41680908
1398519553292674574,1833672,1398519552868,0.0471344,-9.910797,0.45013428
1398519553297893079,1833672,1398519552868,-0.037368774,-9.890564,0.42037964
1398519553302318128,1833682,1398519552877,0.048324585,-9.845337,0.39657593
1398519553307689222,1833682,1398519552877,-0.0052337646,-9.888184,0.4572754
1398519553312877210,1833692,1398519552888,0.024520874,-9.839386,0.38824463
1398519553318095716,1833693,1398519552888,0.05784607,-9.8619995,0.4656067
1398519553322429212,1833702,1398519552897,0.04951477,-9.911987,0.49179077
1398519553327830824,1833702,1398519552897,-0.014755249,-9.86676,0.4477539
1398519553333018812,1833713,1398519552908,0.03642273,-9.871521,0.4072876
1398519553338298353,1833713,1398519552908,0.04475403,-9.911987,0.5048828
1398519553342540296,1833722,1398519552917,0.056655884,-9.889374,0.40133667
1398519553347911390,1833722,1398519552918,0.04118347,-9.817963,0.45132446
1398519553353190931,1833733,1398519552928,0.039993286,-9.876282,0.47155762
1398519553358500990,1833733,1398519552929,-0.025466919,-9.869141,0.38586426
1398519553362681898,1833742,1398519552938,0.042373657,-9.877472,0.5048828
1398519553368022474,1833742,1398519552938,0.042373657,-9.857239,0.50131226
1398519553373302015,1833753,1398519552948,0.03404236,-9.875092,0.34420776
1398519553378612074,1833753,1398519552949,0.016189575,-9.858429,0.4810791
1398519553382884535,1833762,1398519552958,-0.037368774,-9.873901,0.48464966
1398519553388225111,1833762,1398519552958,0.02809143,-9.896515,0.43704224
1398519553393443617,1833773,1398519552969,0.035232544,-9.871521,0.46917725
1398519553398662122,1833773,1398519552969,0.032852173,-9.844147,0.42752075
1398519553403026136,1833782,1398519552978,0.039993286,-9.852478,0.40966797
1398519553408397230,1833782,1398519552978,0.06498718,-9.86319,0.4560852
1398519553413524183,1833793,1398519552989,0.010238647,-9.8810425,0.44656372
1398519553418773206,1833793,1398519552989,0.04118347,-9.860809,0.44656372
1398519553423137220,1833802,1398519552998,0.018569946,-9.837006,0.47155762
1398519553428508314,1833803,1398519552998,-0.00642395,-9.86557,0.41323853
1398519553433696302,1833813,1398519553009,0.0471344,-9.891754,0.4322815
1398519553438914808,1833813,1398519553009,0.0471344,-9.895325,0.4239502
1398519553443278822,1833823,1398519553018,0.0471344,-9.895325,0.4239502
1398519553448649915,1833823,1398519553018,0.03642273,-9.885803,0.4822693
1398519553453837904,1833833,1398519553029,-0.0028533936,-9.884613,0.42871094
1398519553459056410,1833834,1398519553029,0.04118347,-9.870331,0.4310913
1398519553463420423,1833843,1398519553038,-0.0028533936,-9.870331,0.4072876
1398519553468791517,1833843,1398519553038,0.0054779053,-9.86319,0.35968018
1398519553474010023,1833854,1398519553049,0.04475403,-9.885803,0.4882202
1398519553479320081,1833854,1398519553049,0.039993286,-9.883423,0.36444092
1398519553483531507,1833863,1398519553058,0.043563843,-9.86676,0.4310913
1398519553488902601,1833863,1398519553059,0.06260681,-9.890564,0.41799927
1398519553494121107,1833874,1398519553069,-0.029037476,-9.888184,0.46322632
1398519553499431165,1833874,1398519553069,0.01499939,-9.837006,0.4322815
1398519553503734144,1833883,1398519553079,0.0054779053,-9.898895,0.38824463
1398519553509105238,1833883,1398519553079,0.009048462,-9.885803,0.44299316
1398519553514293226,1833894,1398519553089,0.032852173,-9.86676,0.54296875
1398519553519572767,1833894,1398519553090,0.007858276,-9.841766,0.4406128
1398519553523875745,1833903,1398519553099,0.02571106,-9.921509,0.38586426
1398519553529216322,1833903,1398519553099,0.061416626,-9.873901,0.47750854
1398519553534434828,1833914,1398519553110,-0.009994507,-9.921509,0.42037964
1398519553539714369,1833914,1398519553110,0.030471802,-9.888184,0.47631836
1398519553543956312,1833923,1398519553119,0.024520874,-9.885803,0.45013428
1398519553549296888,1833923,1398519553119,0.006668091,-9.856049,0.49536133
1398519553554637464,1833934,1398519553130,0.06260681,-9.833435,0.40371704
1398519553559855970,1833934,1398519553130,0.050704956,-9.858429,0.43704224
1398519553564158949,1833943,1398519553139,0.05784607,-9.900085,0.39538574
1398519553569499525,1833944,1398519553139,0.0388031,-9.871521,0.45965576
1398519553574748548,1833954,1398519553150,0.039993286,-9.889374,0.48345947
1398519553579967054,1833954,1398519553150,0.011428833,-9.871521,0.42276
1398519553584300550,1833964,1398519553159,0.02809143,-9.872711,0.45965576
1398519553589641126,1833964,1398519553159,0.006668091,-9.889374,0.4406128
1398519553594890150,1833974,1398519553170,-0.015945435,-9.839386,0.50131226
1398519553600108656,1833975,1398519553170,0.069747925,-9.821533,0.4810791
1398519553604442152,1833984,1398519553179,0.0388031,-9.904846,0.35491943
1398519553609782728,1833984,1398519553179,-4.7302246E-4,-9.871521,0.42276
1398519553615001234,1833995,1398519553190,0.04475403,-9.8941345,0.43347168
1398519553620280775,1833995,1398519553190,-0.004043579,-9.872711,0.4239502
1398519553624583753,1834004,1398519553199,0.04475403,-9.917938,0.44299316
1398519553629954847,1834004,1398519553200,0.06260681,-9.852478,0.47869873
1398519553635112318,1834015,1398519553210,0.02571106,-9.92984,0.41680908
1398519553640422376,1834015,1398519553210,0.030471802,-9.900085,0.38467407
1398519553644725355,1834024,1398519553220,0.030471802,-9.851288,0.42037964
1398519553650096449,1834024,1398519553220,-0.011184692,-9.8619995,0.4406128
1398519553655284437,1834035,1398519553230,0.0030975342,-9.848907,0.44656372
1398519553660563978,1834035,1398519553231,0.029281616,-9.875092,0.41204834
1398519553664836439,1834044,1398519553240,0.0388031,-9.873901,0.39419556
1398519553670207533,1834044,1398519553240,-0.00642395,-9.858429,0.47155762
1398519553675426038,1834056,1398519553251,0.04118347,-9.872711,0.40133667
1398519553680797132,1834056,1398519553251,0.09712219,-9.859619,0.44418335
1398519553684886488,1834063,1398519553258,-0.0135650635,-9.877472,0.44418335
1398519553690013441,1834064,1398519553260,0.03642273,-9.870331,0.4727478
1398519553695720228,1834075,1398519553271,0.039993286,-9.878662,0.36920166
1398519553700938734,1834075,1398519553271,-0.012374878,-9.889374,0.42752075
1398519553705119642,1834084,1398519553280,-0.012374878,-9.889374,0.42752075
1398519553710399183,1834084,1398519553280,0.009048462,-9.86319,0.48703003
1398519553715892347,1834095,1398519553291,0.053085327,-9.8298645,0.44180298
1398519553721110853,1834096,1398519553291,7.171631E-4,-9.870331,0.40966797
1398519553725169691,1834104,1398519553300,7.171631E-4,-9.870331,0.40966797
1398519553730418714,1834105,1398519553300,0.006668091,-9.876282,0.37277222
1398519553736125501,1834116,1398519553311,0.030471802,-9.86557,0.44418335
1398519553741344007,1834116,1398519553311,-0.033798218,-9.870331,0.3668213
1398519553745280775,1834124,1398519553320,-0.033798218,-9.870331,0.3668213
1398519553750499281,1834125,1398519553320,0.039993286,-9.901276,0.4489441
1398519553756450208,1834136,1398519553332,0.059036255,-9.847717,0.42752075
1398519553761668714,1834136,1398519553332,-0.009994507,-9.92746,0.5310669
1398519553765452894,1834144,1398519553339,0.04475403,-9.892944,0.4477539
1398519553770640882,1834144,1398519553340,0.04475403,-9.810822,0.49298096
1398519553776774915,1834156,1398519553352,0.0019073486,-9.86676,0.42633057
1398519553782084974,1834157,1398519553352,0.04951477,-9.8810425,0.47036743
1398519553785563978,1834163,1398519553358,0.020950317,-9.859619,0.41918945
1398519553790599378,1834165,1398519553360,-0.037368774,-9.902466,0.45846558
1398519553796916517,1834177,1398519553372,0.031661987,-9.906036,0.33944702
1398519553802226576,1834177,1398519553372,0.0054779053,-9.844147,0.46322632
1398519553805705579,1834183,1398519553379,0.031661987,-9.872711,0.39657593
1398519553810740980,1834185,1398519553381,0.039993286,-9.854858,0.4394226
1398519553816813978,1834196,1398519553392,0.061416626,-9.842957,0.5120239
1398519553822124037,1834197,1398519553392,0.032852173,-9.86438,0.42156982
1398519553825877699,1834204,1398519553399,0.032852173,-9.885803,0.43585205
1398519553831035169,1834205,1398519553400,0.026901245,-9.857239,0.4572754
1398519553837199720,1834217,1398519553412,0.013809204,-9.86319,0.47036743
1398519553842418226,1834217,1398519553412,0.030471802,-9.891754,0.41799927
1398519553846019300,1834224,1398519553419,0.020950317,-9.8810425,0.39419556
1398519553851085218,1834225,1398519553421,0.045944214,-9.884613,0.42037964
1398519553857158216,1834237,1398519553432,0.0054779053,-9.875092,0.38110352
1398519553862376722,1834237,1398519553432,0.020950317,-9.890564,0.37634277
1398519553866160902,1834244,1398519553440,-0.0052337646,-9.860809,0.3977661
1398519553871318372,1834245,1398519553441,-0.009994507,-9.839386,0.46084595
1398519553877482923,1834257,1398519553453,0.0019073486,-9.86676,0.4560852
1398519553882701429,1834257,1398519553453,0.0030975342,-9.848907,0.45965576
1398519553886302503,1834264,1398519553459,0.006668091,-9.86438,0.40847778
1398519553891398939,1834266,1398519553461,-0.011184692,-9.838196,0.4894104
1398519553897410902,1834277,1398519553473,-0.023086548,-9.835815,0.43466187
1398519553902629408,1834277,1398519553473,0.080459595,-9.886993,0.42037964
1398519553906444105,1834285,1398519553480,0.010238647,-9.852478,0.4477539
1398519553911632093,1834286,1398519553481,0.012619019,-9.890564,0.4239502
1398519553917766126,1834297,1398519553493,0.02571106,-9.844147,0.46322632
1398519553923076185,1834298,1398519553493,0.024520874,-9.891754,0.3834839
1398519553926555189,1834304,1398519553499,0.010238647,-9.884613,0.3918152
1398519553931590589,1834306,1398519553501,0.032852173,-9.884613,0.46084595
1398519553937907728,1834318,1398519553513,0.016189575,-9.900085,0.41204834
1398519553943217787,1834318,1398519553513,0.04951477,-9.888184,0.42752075
1398519553946696790,1834321,1398519553517,0.04951477,-9.888184,0.42752075
1398519553952281507,1834332,1398519553527,0.006668091,-9.904846,0.44656372
1398519553957530531,1834332,1398519553528,-0.011184692,-9.872711,0.44180298
1398519553961955579,1834342,1398519553538,0.04951477,-9.883423,0.46798706
1398519553967662367,1834342,1398519553538,0.037612915,-9.853668,0.39657593
1398519553971995863,1834352,1398519553547,0.06855774,-9.879852,0.41918945
1398519553977672132,1834352,1398519553548,0.0030975342,-9.877472,0.43823242
1398519553982097181,1834362,1398519553557,-0.0052337646,-9.86795,0.4489441
1398519553987468275,1834362,1398519553557,0.01737976,-9.898895,0.47750854
1398519553992625745,1834372,1398519553568,0.029281616,-9.872711,0.4644165
1398519553997844251,1834372,1398519553568,0.039993286,-9.857239,0.3751526
1398519554002208265,1834382,1398519553577,0.039993286,-9.857239,0.3751526
1398519554007579359,1834382,1398519553577,0.03404236,-9.840576,0.4060974
1398519554012767347,1834392,1398519553588,0.010238647,-9.86438,0.4894104
1398519554017955335,1834392,1398519553588,0.037612915,-9.910797,0.4406128
1398519554022380384,1834402,1398519553597,0.037612915,-9.910797,0.4406128
1398519554027751478,1834402,1398519553597,0.029281616,-9.891754,0.37277222
1398519554032908949,1834412,1398519553608,0.043563843,-9.922699,0.41918945
1398519554038096937,1834413,1398519553608,0.031661987,-9.883423,0.45370483
1398519554042521986,1834422,1398519553617,0.018569946,-9.841766,0.43704224
1398519554047893079,1834422,1398519553618,0.030471802,-9.825104,0.4156189
1398519554053020033,1834433,1398519553628,0.022140503,-9.851288,0.3739624
1398519554058238538,1834433,1398519553628,7.171631E-4,-9.963165,0.42037964
1398519554062663587,1834442,1398519553638,0.05189514,-9.809631,0.40371704
1398519554068034681,1834442,1398519553638,0.04951477,-9.895325,0.42037964
1398519554073192152,1834453,1398519553648,0.093551636,-9.890564,0.46203613
1398519554078471693,1834453,1398519553649,0.024520874,-9.884613,0.45013428
1398519554082774671,1834462,1398519553658,0.07688904,-9.852478,0.4489441
1398519554088145765,1834462,1398519553658,-0.024276733,-9.897705,0.46322632
1398519554093333753,1834473,1398519553669,0.030471802,-9.885803,0.37634277
1398519554098613294,1834473,1398519553669,-0.0028533936,-9.86795,0.42752075
1398519554102946790,1834482,1398519553678,0.04118347,-9.858429,0.40133667
1398519554108317884,1834482,1398519553678,0.031661987,-9.916748,0.43347168
1398519554113505872,1834493,1398519553689,-0.004043579,-9.859619,0.46917725
1398519554118754896,1834493,1398519553689,0.031661987,-9.858429,0.4394226
1398519554123057874,1834502,1398519553698,0.04475403,-9.847717,0.45013428
1398519554128428968,1834503,1398519553698,0.01737976,-9.882233,0.40371704
1398519554133616956,1834513,1398519553709,0.013809204,-9.845337,0.44299316
1398519554138835462,1834513,1398519553709,0.045944214,-9.86438,0.48345947
1398519554143199476,1834523,1398519553718,-0.020706177,-9.885803,0.390625
1398519554148540052,1834523,1398519553718,0.053085327,-9.917938,0.4060974
1398519554153850111,1834533,1398519553729,0.039993286,-9.869141,0.390625
1398519554159038099,1834534,1398519553729,0.018569946,-9.888184,0.4572754
1398519554163371595,1834543,1398519553738,0.012619019,-9.900085,0.42037964
1398519554168712171,1834543,1398519553738,0.0388031,-9.878662,0.51678467
1398519554173900160,1834553,1398519553749,0.0554657,-9.873901,0.3656311
1398519554179088148,1834554,1398519553749,0.02809143,-9.896515,0.4810791
1398519554183513197,1834563,1398519553758,0.045944214,-9.832245,0.4572754
1398519554188884290,1834563,1398519553759,0.0019073486,-9.86676,0.49417114
1398519554194072279,1834574,1398519553769,0.042373657,-9.856049,0.43704224
1398519554199260267,1834574,1398519553769,0.04118347,-9.871521,0.44418335
1398519554203654798,1834583,1398519553779,0.09712219,-9.884613,0.49893188
1398519554209025892,1834583,1398519553779,0.06022644,-9.854858,0.4477539
1398519554214183363,1834594,1398519553789,0.009048462,-9.8810425,0.46679688
1398519554219462904,1834594,1398519553790,-0.039749146,-9.885803,0.41323853
1398519554223796400,1834603,1398519553799,0.0030975342,-9.856049,0.45013428
1398519554229167494,1834603,1398519553799,0.0388031,-9.860809,0.4489441
1398519554234355482,1834614,1398519553810,0.0054779053,-9.93103,0.4477539
1398519554239604505,1834614,1398519553810,-0.05760193,-9.86438,0.50250244
1398519554243907484,1834623,1398519553819,0.01737976,-9.841766,0.5036926
1398519554249278578,1834623,1398519553819,0.031661987,-9.884613,0.37634277
1398519554254466566,1834634,1398519553830,-0.00642395,-9.850098,0.38824463
1398519554259715589,1834634,1398519553830,0.02571106,-9.827484,0.45965576
1398519554264049085,1834643,1398519553839,0.07569885,-9.897705,0.4894104
1398519554269450697,1834644,1398519553839,0.0388031,-9.878662,0.49179077
1398519554274608167,1834654,1398519553850,0.069747925,-9.86795,0.46798706
1398519554279857191,1834654,1398519553850,0.050704956,-9.835815,0.47869873
1398519554284190687,1834664,1398519553859,0.050704956,-9.835815,0.47869873
1398519554289531263,1834664,1398519553859,0.020950317,-9.882233,0.4560852
1398519554294841322,1834674,1398519553870,0.010238647,-9.816772,0.41680908
1398519554300059828,1834675,1398519553870,0.03642273,-9.86795,0.4406128
1398519554304332288,1834684,1398519553879,0.03642273,-9.86795,0.4406128
1398519554309672865,1834684,1398519553879,0.043563843,-9.869141,0.45846558
1398519554314982923,1834695,1398519553890,0.04475403,-9.882233,0.4489441
1398519554320170912,1834695,1398519553890,0.037612915,-9.8298645,0.44180298
1398519554324504408,1834704,1398519553899,0.022140503,-9.850098,0.43704224
1398519554329844984,1834704,1398519553900,0.01737976,-9.871521,0.40133667
1398519554335032972,1834715,1398519553910,0.01499939,-9.808441,0.3977661
1398519554340220960,1834715,1398519553910,-0.025466919,-9.875092,0.4644165
1398519554344646009,1834724,1398519553920,0.007858276,-9.839386,0.38586426
1398519554350017103,1834724,1398519553920,0.01737976,-9.920319,0.40966797
1398519554355205091,1834735,1398519553930,-0.025466919,-9.86438,0.43823242
1398519554360454115,1834735,1398519553931,-0.0135650635,-9.906036,0.38467407
1398519554364757093,1834745,1398519553941,0.031661987,-9.879852,0.38586426
1398519554370128187,1834745,1398519553941,0.0388031,-9.873901,0.390625
1398519554375182083,1834754,1398519553950,0.056655884,-9.86319,0.42633057
1398519554380522659,1834754,1398519553950,0.022140503,-9.859619,0.4477539
1398519554385741165,1834765,1398519553961,0.018569946,-9.860809,0.45370483
1398519554391020706,1834765,1398519553961,-0.029037476,-9.888184,0.46917725
1398519554395323684,1834774,1398519553970,0.054275513,-9.8619995,0.41680908
1398519554400725296,1834774,1398519553970,0.045944214,-9.911987,0.47631836
1398519554405882767,1834785,1398519553981,-0.0052337646,-9.886993,0.41799927
1398519554411162308,1834785,1398519553981,0.06617737,-9.890564,0.42276
1398519554415465286,1834795,1398519553990,-0.015945435,-9.869141,0.5001221
1398519554420866897,1834795,1398519553990,0.045944214,-9.846527,0.51678467
1398519554426024368,1834805,1398519554001,0.018569946,-9.882233,0.47750854
1398519554431212356,1834805,1398519554001,-0.001663208,-9.872711,0.4656067
1398519554435637405,1834815,1398519554010,7.171631E-4,-9.910797,0.48345947
1398519554441008499,1834815,1398519554010,-0.024276733,-9.883423,0.38824463
1398519554446135452,1834825,1398519554021,0.016189575,-9.837006,0.42037964
1398519554451353958,1834826,1398519554021,0.010238647,-9.873901,0.39300537
1398519554455779007,1834835,1398519554030,0.045944214,-9.908417,0.41085815
1398519554461150101,1834835,1398519554031,0.03404236,-9.892944,0.45013428
1398519554466338089,1834846,1398519554041,0.01737976,-9.882233,0.47988892
1398519554471526077,1834846,1398519554041,0.06022644,-9.86557,0.37753296
1398519554475920608,1834855,1398519554050,0.039993286,-9.853668,0.4144287
1398519554481261184,1834855,1398519554051,0.01737976,-9.911987,0.46917725
1398519554486143997,1834865,1398519554061,0.011428833,-9.857239,0.4644165
1398519554491545608,1834865,1398519554061,0.035232544,-9.886993,0.3918152
1398519554496184280,1834875,1398519554071,0.023330688,-9.80249,0.40371704
1398519554501616409,1834876,1398519554071,0.035232544,-9.878662,0.39419556
1398519554506285599,1834886,1398519554081,0.039993286,-9.817963,0.4656067
1398519554511565140,1834886,1398519554081,0.018569946,-9.882233,0.4406128
1398519554516325882,1834896,1398519554091,0.020950317,-9.819153,0.50250244
1398519554521758011,1834896,1398519554091,-0.00642395,-9.86676,0.42037964
1398519554526427200,1834906,1398519554102,0.026901245,-9.857239,0.4727478
1398519554531737259,1834906,1398519554102,0.020950317,-9.886993,0.45846558
1398519554536314895,1834915,1398519554111,0.030471802,-9.889374,0.40014648
1398519554541716507,1834916,1398519554111,0.013809204,-9.882233,0.41799927
1398519554546294143,1834922,1398519554118,0.0054779053,-9.876282,0.43823242
1398519554551299026,1834928,1398519554124,0.06736755,-9.898895,0.47750854
1398519554556334427,1834930,1398519554126,0.019760132,-9.86438,0.41680908
1398519554562651565,1834942,1398519554138,0.031661987,-9.86795,0.44656372
1398519554567931106,1834942,1398519554138,0.03642273,-9.86795,0.46798706
1398519554571471145,1834949,1398519554144,0.03642273,-9.86795,0.46798706
1398519554576476028,1834950,1398519554146,0.0471344,-9.886993,0.3989563
1398519554582793167,1834962,1398519554158,0.059036255,-9.845337,0.41918945
1398519554588011673,1834962,1398519554158,0.03642273,-9.875092,0.48345947
1398519554591612747,1834969,1398519554164,0.03642273,-9.875092,0.48345947
1398519554596678665,1834971,1398519554166,0.04118347,-9.8810425,0.46917725
1398519554602751663,1834982,1398519554178,-0.0028533936,-9.8619995,0.3501587
1398519554607970169,1834982,1398519554178,0.053085327,-9.848907,0.42990112
1398519554611723831,1834989,1398519554185,0.02809143,-9.817963,0.45251465
1398519554616942337,1834991,1398519554187,0.05189514,-9.86319,0.38705444
1398519554622221878,1835002,1398519554198,0.045944214,-9.835815,0.42633057
1398519554627715042,1835002,1398519554198,-0.0076141357,-9.877472,0.43585205
1398519554631926468,1835011,1398519554207,0.031661987,-9.898895,0.46917725
1398519554637114456,1835011,1398519554207,0.06855774,-9.890564,0.43347168
1398519554642577102,1835022,1398519554218,0.042373657,-9.870331,0.42752075
1398519554647887161,1835022,1398519554218,0.020950317,-9.890564,0.5203552
1398519554652037552,1835031,1398519554227,-0.011184692,-9.889374,0.390625
1398519554657256058,1835031,1398519554227,0.029281616,-9.86557,0.40371704
1398519554663145950,1835043,1398519554238,0.026901245,-9.901276,0.45370483
1398519554668456009,1835043,1398519554238,0.082839966,-9.869141,0.44180298
1398519554672148636,1835051,1398519554247,0.02809143,-9.902466,0.42752075
1398519554677336624,1835051,1398519554247,0.018569946,-9.860809,0.40133667
1398519554682829788,1835062,1398519554258,-0.009994507,-9.817963,0.3739624
1398519554688109329,1835062,1398519554258,0.0388031,-9.882233,0.45489502
1398519554692442825,1835072,1398519554268,0.02571106,-9.885803,0.45965576
1398519554698088577,1835072,1398519554268,0.009048462,-9.86438,0.42752075
1398519554702513626,1835082,1398519554278,0.009048462,-9.879852,0.42156982
1398519554708098343,1835082,1398519554278,-0.021896362,-9.891754,0.45013428
1398519554712645462,1835092,1398519554287,0.0388031,-9.914368,0.46203613
1398519554718108108,1835092,1398519554288,0.006668091,-9.891754,0.4882202
1398519554722929886,1835102,1398519554298,0.0030975342,-9.86438,0.50131226
1398519554728148392,1835102,1398519554298,0.031661987,-9.856049,0.40014648
1398519554732695511,1835112,1398519554307,0.0019073486,-9.8810425,0.42037964
1398519554738097122,1835112,1398519554308,0.05784607,-9.889374,0.4489441
1398519554743254593,1835123,1398519554318,0.045944214,-9.845337,0.47631836
1398519554748473099,1835123,1398519554318,0.072128296,-9.846527,0.4810791
1398519554752867630,1835132,1398519554327,-0.0028533936,-9.854858,0.42037964
1398519554758238724,1835132,1398519554328,0.045944214,-9.86438,0.3894348
1398519554763365677,1835143,1398519554338,-0.020706177,-9.832245,0.4239502
1398519554768614700,1835143,1398519554338,0.0042877197,-9.842957,0.47512817
1398519554772978714,1835152,1398519554348,0.0019073486,-9.919128,0.4144287
1398519554778319290,1835152,1398519554348,-0.019515991,-9.872711,0.46679688
1398519554783537796,1835163,1398519554358,0.0030975342,-9.853668,0.4560852
1398519554788756302,1835163,1398519554359,0.0019073486,-9.873901,0.43704224
1398519554793150833,1835172,1398519554368,0.037612915,-9.857239,0.4310913
1398519554798521927,1835172,1398519554368,-0.021896362,-9.86676,0.4572754
1398519554803679397,1835183,1398519554379,-0.019515991,-9.86557,0.5001221
1398519554808989456,1835183,1398519554379,0.023330688,-9.854858,0.48703003
1398519554813292434,1835192,1398519554388,0.03642273,-9.895325,0.4406128
1398519554818663528,1835193,1398519554388,-0.0076141357,-9.815582,0.43347168
1398519554823820999,1835203,1398519554399,0.0019073486,-9.8810425,0.44299316
1398519554829131058,1835203,1398519554399,0.0471344,-9.888184,0.44299316
1398519554833434036,1835213,1398519554408,-0.0076141357,-9.856049,0.42990112
1398519554838805130,1835213,1398519554408,0.056655884,-9.875092,0.3572998
1398519554843962601,1835223,1398519554419,0.024520874,-9.835815,0.42871094
1398519554849272659,1835224,1398519554419,0.029281616,-9.827484,0.42514038
1398519554853575638,1835233,1398519554428,0.029281616,-9.827484,0.42514038
1398519554858946731,1835233,1398519554428,-0.004043579,-9.790588,0.44656372
1398519554864104202,1835243,1398519554439,0.06617737,-9.879852,0.42633057
1398519554869383743,1835244,1398519554439,0.043563843,-9.850098,0.47036743
1398519554873717239,1835253,1398519554448,0.043563843,-9.850098,0.47036743
1398519554879057815,1835253,1398519554448,0.072128296,-9.840576,0.40014648
1398519554884306839,1835264,1398519554459,0.02809143,-9.854858,0.4239502
1398519554889525345,1835264,1398519554459,7.171631E-4,-9.86438,0.43704224
1398519554893828323,1835273,1398519554468,0.022140503,-9.876282,0.45489502
1398519554899168899,1835273,1398519554469,-0.0052337646,-9.886993,0.49417114
1398519554904387405,1835284,1398519554479,-0.00642395,-9.859619,0.5215454
1398519554909605911,1835284,1398519554479,0.0019073486,-9.857239,0.45489502
1398519554914000442,1835293,1398519554489,0.0019073486,-9.904846,0.43704224
1398519554919371536,1835293,1398519554489,0.007858276,-9.878662,0.5048828
1398519554924529007,1835304,1398519554499,0.035232544,-9.904846,0.43466187
1398519554929747513,1835304,1398519554500,-0.00642395,-9.854858,0.42752075
1398519554934111526,1835313,1398519554509,0.039993286,-9.831055,0.42990112
1398519554939482620,1835313,1398519554509,0.069747925,-9.870331,0.4572754
1398519554944060257,1835319,1398519554515,0.026901245,-9.842957,0.44299316
1398519554949095657,1835324,1398519554520,-0.00642395,-9.832245,0.4560852
1398519554954131058,1835329,1398519554525,0.063797,-9.883423,0.46084595
1398519554959227493,1835338,1398519554534,0.0054779053,-9.821533,0.42276
1398519554964507034,1835338,1398519554534,0.022140503,-9.906036,0.45132446
1398519554969328811,1835348,1398519554544,0.05189514,-9.900085,0.39538574
1398519554974699905,1835349,1398519554544,0.08522034,-9.831055,0.3751526
1398519554979430130,1835358,1398519554554,-0.0028533936,-9.820343,0.42514038
1398519554984801224,1835359,1398519554554,0.056655884,-9.882233,0.5120239
1398519554990050247,1835369,1398519554565,-0.023086548,-9.848907,0.41323853
1398519554995329788,1835371,1398519554566,-0.0076141357,-9.854858,0.40252686
1398519554999449661,1835375,1398519554571,0.0554657,-9.86557,0.45251465
1398519555004485061,1835380,1398519554575,0.03404236,-9.856049,0.4239502
1398519555009642532,1835389,1398519554584,0.007858276,-9.897705,0.43823242
1398519555015013626,1835389,1398519554584,0.019760132,-9.900085,0.43585205
1398519555019713333,1835399,1398519554594,0.020950317,-9.854858,0.43466187
1398519555025114944,1835399,1398519554595,0.016189575,-9.869141,0.41680908
1398519555029875686,1835409,1398519554605,-0.00642395,-9.850098,0.4406128
1398519555035307815,1835409,1398519554605,-0.009994507,-9.815582,0.51916504
1398519555040038040,1835419,1398519554615,0.059036255,-9.870331,0.4489441
1398519555045439651,1835419,1398519554615,0.02571106,-9.86676,0.44418335
1398519555049834183,1835427,1398519554623,0.042373657,-9.850098,0.4394226
1398519555054991653,1835429,1398519554624,0.04118347,-9.86557,0.4489441
1398519555060393265,1835440,1398519554635,0.05784607,-9.873901,0.43704224
1398519555065581253,1835440,1398519554635,0.024520874,-9.9131775,0.45965576
1398519555070097854,1835449,1398519554645,0.023330688,-9.871521,0.4144287
1398519555075468948,1835449,1398519554645,0.04475403,-9.86319,0.50250244
1398519555080626419,1835460,1398519554656,0.006668091,-9.842957,0.4156189
1398519555085844925,1835460,1398519554656,0.054275513,-9.910797,0.43347168
1398519555090208938,1835469,1398519554665,0.037612915,-9.870331,0.41680908
1398519555095610550,1835469,1398519554665,0.042373657,-9.896515,0.38705444
1398519555100188186,1835479,1398519554675,-4.7302246E-4,-9.873901,0.4394226
1398519555105467727,1835479,1398519554675,0.026901245,-9.86319,0.46917725
1398519555110838821,1835491,1398519554687,0.056655884,-9.859619,0.4489441
1398519555116118362,1835491,1398519554687,-0.06593323,-9.853668,0.4310913
1398519555120299270,1835497,1398519554693,0.02809143,-9.838196,0.39419556
1398519555125334671,1835499,1398519554695,0.026901245,-9.890564,0.3977661
1398519555131468704,1835511,1398519554706,-0.009994507,-9.822723,0.4406128
1398519555136748245,1835511,1398519554707,0.022140503,-9.831055,0.43585205
1398519555140440872,1835518,1398519554713,0.022140503,-9.831055,0.43585205
1398519555145598343,1835521,1398519554716,-0.020706177,-9.835815,0.4656067
1398519555150633743,1835530,1398519554725,0.0030975342,-9.875092,0.4644165
1398519555156035354,1835530,1398519554726,0.018569946,-9.901276,0.47988892
1398519555161162308,1835541,1398519554736,0.007858276,-9.835815,0.44299316
1398519555166472366,1835541,1398519554736,0.04475403,-9.852478,0.45846558
1398519555170744827,1835550,1398519554745,0.02571106,-9.879852,0.45132446
1398519555176054886,1835550,1398519554746,0.020950317,-9.888184,0.40966797
1398519555180724075,1835575,1398519554770,0.03404236,-9.848907,0.46322632
1398519555185789993,1835575,1398519554771,0.04951477,-9.838196,0.44537354
1398519555190794876,1835575,1398519554771,0.0054779053,-9.886993,0.40847778
1398519555195860794,1835575,1398519554771,0.024520874,-9.906036,0.40014648
1398519555200896194,1835576,1398519554771,0.018569946,-9.877472,0.3918152
1398519555205901077,1835669,1398519554865,0.016189575,-9.860809,0.3834839
1398519555210936477,1835669,1398519554865,0.020950317,-9.837006,0.49536133
1398519555215971878,1835669,1398519554865,0.029281616,-9.871521,0.48464966
1398519555221037796,1835672,1398519554868,0.006668091,-9.858429,0.42156982
1398519555226042679,1835672,1398519554868,0.053085327,-9.896515,0.45965576
1398519555231108597,1835672,1398519554868,-0.0028533936,-9.882233,0.42514038
1398519555236113479,1835673,1398519554868,0.03404236,-9.888184,0.50250244
1398519555241179397,1835673,1398519554868,0.007858276,-9.877472,0.32992554
1398519555246184280,1835673,1398519554868,0.061416626,-9.86557,0.44537354
1398519555251219681,1835673,1398519554869,0.006668091,-9.895325,0.43704224
1398519555256163528,1835673,1398519554869,-4.7302246E-4,-9.839386,0.39300537
1398519555261198929,1835673,1398519554869,-0.012374878,-9.871521,0.44180298
1398519555301482132,1835675,1398519554870,-0.00642395,-9.854858,0.42633057
1398519555306517532,1835679,1398519554875,0.048324585,-9.837006,0.4644165
1398519555311552933,1835694,1398519554890,0.010238647,-9.895325,0.43347168
1398519555316588333,1835694,1398519554890,0.056655884,-9.916748,0.43704224
1398519555321623733,1835699,1398519554895,0.0388031,-9.872711,0.3989563
1398519555326659134,1835700,1398519554896,0.03404236,-9.888184,0.38705444
1398519555331694534,1835705,1398519554900,0.0554657,-9.859619,0.41085815
1398519555336729934,1835710,1398519554905,0.035232544,-9.857239,0.41085815
1398519555341765335,1835715,1398519554910,-0.039749146,-9.848907,0.473938
1398519555346800735,1835720,1398519554915,0.006668091,-9.889374,0.4644165
1398519555351836136,1835725,1398519554920,0.05189514,-9.898895,0.43466187
1398519555356871536,1835730,1398519554925,0.026901245,-9.859619,0.41799927
1398519555361906936,1835735,1398519554930,0.06022644,-9.886993,0.46084595
1398519555366942337,1835740,1398519554936,-0.026657104,-9.86795,0.44537354
1398519555371977737,1835745,1398519554941,0.043563843,-9.895325,0.4394226
1398519555377013138,1835750,1398519554946,0.04951477,-9.884613,0.52630615
1398519555382048538,1835755,1398519554951,0.01499939,-9.911987,0.4322815
1398519555387083938,1835760,1398519554956,0.048324585,-9.885803,0.41323853
1398519555392119339,1835765,1398519554961,0.0019073486,-9.873901,0.48345947
1398519555397154739,1835770,1398519554966,0.023330688,-9.872711,0.39538574
1398519555402190140,1835775,1398519554971,0.03404236,-9.895325,0.41323853
1398519555407225540,1835780,1398519554976,0.08522034,-9.858429,0.4072876
1398519555412260940,1835785,1398519554981,0.0388031,-9.889374,0.45965576
1398519555417296341,1835790,1398519554986,-0.01713562,-9.903656,0.40966797
1398519555422331741,1835795,1398519554991,-0.020706177,-9.891754,0.41323853
1398519555427367142,1835800,1398519554996,-0.0052337646,-9.845337,0.5120239
1398519555432402542,1835805,1398519555001,-0.01713562,-9.844147,0.4894104
1398519555437437942,1835810,1398519555006,0.026901245,-9.859619,0.47512817
1398519555442473343,1835815,1398519555011,0.032852173,-9.841766,0.45846558
1398519555447508743,1835821,1398519555016,0.07331848,-9.901276,0.41323853
1398519555452544143,1835826,1398519555021,0.0554657,-9.920319,0.43823242
1398519555457579544,1835831,1398519555026,0.037612915,-9.842957,0.5477295
1398519555462614944,1835836,1398519555031,0.042373657,-9.847717,0.35491943
1398519555467650345,1835841,1398519555036,0.019760132,-9.884613,0.45251465
1398519555472685745,1835846,1398519555041,0.03642273,-9.889374,0.4144287
1398519555477721145,1835851,1398519555046,0.029281616,-9.882233,0.45013428
1398519555482756546,1835856,1398519555051,-4.7302246E-4,-9.908417,0.4060974
1398519555487791946,1835862,1398519555057,0.009048462,-9.826294,0.46084595
1398519555492857864,1835866,1398519555062,0.032852173,-9.860809,0.52749634
1398519555497893265,1835871,1398519555067,-0.001663208,-9.92865,0.40014648
1398519555502928665,1835876,1398519555072,0.050704956,-9.86557,0.41085815
1398519555507964065,1835881,1398519555077,0.042373657,-9.86438,0.46917725
1398519555512999466,1835886,1398519555082,0.007858276,-9.910797,0.42633057
1398519555518034866,1835891,1398519555087,0.059036255,-9.875092,0.40133667
1398519555523070267,1835896,1398519555092,0.035232544,-9.86438,0.4560852
1398519555528105667,1835902,1398519555097,0.019760132,-9.86438,0.4394226
1398519555533202102,1835907,1398519555102,0.030471802,-9.883423,0.4394226
1398519555538237503,1835922,1398519555118,0.026901245,-9.86557,0.50250244
1398519555543272903,1835923,1398519555118,0.048324585,-9.86557,0.4406128
1398519555548338821,1835923,1398519555118,0.0042877197,-9.86676,0.5001221
1398519555553343704,1835928,1398519555124,0.048324585,-9.823914,0.4477539
1398519555558379104,1835934,1398519555130,0.0030975342,-9.8619995,0.40966797
1398519555563414505,1835938,1398519555134,0.056655884,-9.878662,0.43347168
1398519555568449905,1835945,1398519555141,-0.01713562,-9.835815,0.42276
1398519555573485306,1835949,1398519555144,0.03404236,-9.853668,0.45013428
1398519555578520706,1835956,1398519555151,0.01499939,-9.86438,0.3834839
1398519555583556106,1835959,1398519555154,0.016189575,-9.925079,0.4656067
1398519555588591507,1835964,1398519555160,-0.0028533936,-9.86676,0.42037964
1398519555593626907,1835969,1398519555164,0.045944214,-9.848907,0.45251465
1398519555598662308,1835975,1398519555171,-0.011184692,-9.870331,0.40252686
1398519555603728226,1835979,1398519555175,0.01499939,-9.911987,0.41085815
1398519555608733108,1835985,1398519555181,0.0030975342,-9.826294,0.46203613
1398519555613829544,1835989,1398519555185,0.07331848,-9.839386,0.4894104
1398519555618803909,1835996,1398519555191,0.039993286,-9.854858,0.48464966
1398519555623930862,1835999,1398519555195,0.030471802,-9.859619,0.37634277
1398519555628874710,1836006,1398519555201,0.050704956,-9.809631,0.43823242
1398519555633971145,1836009,1398519555204,0.059036255,-9.846527,0.53582764
1398519555638945511,1836014,1398519555210,0.007858276,-9.807251,0.44418335
1398519555643980911,1836019,1398519555215,0.04951477,-9.8810425,0.42156982
1398519555649016311,1836026,1398519555221,0.04475403,-9.86795,0.38586426
1398519555654143265,1836029,1398519555225,0.0054779053,-9.892944,0.42276
1398519555659117630,1836036,1398519555232,0.0054779053,-9.889374,0.41204834
1398519555664214065,1836039,1398519555235,0.063797,-9.879852,0.4394226
1398519555669188431,1836046,1398519555242,0.04951477,-9.919128,0.4656067
1398519555674284866,1836049,1398519555245,-0.0028533936,-9.850098,0.41918945
1398519555679259231,1836056,1398519555252,0.053085327,-9.804871,0.36087036
1398519555684355667,1836058,1398519555254,0.013809204,-9.8941345,0.4310913
1398519555689299515,1836066,1398519555262,-0.001663208,-9.917938,0.4477539
1398519555694334915,1836068,1398519555264,-0.008804321,-9.883423,0.51678467
1398519555699370315,1836074,1398519555270,0.045944214,-9.839386,0.45965576
1398519555704405716,1836080,1398519555275,0.056655884,-9.8941345,0.3977661
1398519555709471634,1836087,1398519555283,-0.011184692,-9.86557,0.47750854
1398519555714629104,1836088,1398519555284,0.029281616,-9.8298645,0.41799927
1398519555719633987,1836099,1398519555295,0.026901245,-9.877472,0.41085815
1398519555725066116,1836099,1398519555295,0.02571106,-9.872711,0.4977417
1398519555730193069,1836111,1398519555306,0.009048462,-9.888184,0.4894104
1398519555735503128,1836111,1398519555306,0.022140503,-9.875092,0.41799927
1398519555739653518,1836117,1398519555312,0.048324585,-9.852478,0.40490723
1398519555744688919,1836118,1398519555314,0.024520874,-9.873901,0.4394226
1398519555750060013,1836129,1398519555325,0.029281616,-9.872711,0.45132446
1398519555755309036,1836130,1398519555325,0.07450867,-9.897705,0.49179077
1398519555760008743,1836139,1398519555335,0.023330688,-9.852478,0.43823242
1398519555765440872,1836140,1398519555335,0.04475403,-9.860809,0.40490723
1398519555770110061,1836150,1398519555345,0.080459595,-9.879852,0.40371704
1398519555775511673,1836150,1398519555345,0.029281616,-9.895325,0.44299316
1398519555780058792,1836159,1398519555355,-0.025466919,-9.914368,0.46917725
1398519555785490921,1836161,1398519555356,-0.00642395,-9.850098,0.46917725
1398519555790038040,1836169,1398519555364,0.022140503,-9.814392,0.41799927
1398519555795195511,1836169,1398519555365,0.01737976,-9.915558,0.46679688
1398519555800719192,1836180,1398519555376,0.048324585,-9.895325,0.3989563
1398519555805937698,1836180,1398519555376,0.012619019,-9.888184,0.5144043
1398519555810301712,1836189,1398519555385,0.009048462,-9.872711,0.3918152
1398519555815642288,1836190,1398519555385,0.042373657,-9.948883,0.4060974
1398519555820830276,1836200,1398519555396,0.039993286,-9.882233,0.42871094
1398519555826079300,1836200,1398519555396,0.061416626,-9.858429,0.38824463
1398519555830382278,1836210,1398519555406,-0.018325806,-9.850098,0.45013428
1398519555835753372,1836211,1398519555406,0.05784607,-9.938171,0.46203613
1398519555840422561,1836219,1398519555415,0.06022644,-9.909607,0.40847778
1398519555845702102,1836220,1398519555415,-0.012374878,-9.876282,0.44299316
1398519555851317337,1836231,1398519555426,-4.7302246E-4,-9.86319,0.44299316
1398519555856657913,1836231,1398519555427,0.048324585,-9.858429,0.40133667
1398519555860503128,1836239,1398519555435,0.042373657,-9.859619,0.4965515
1398519555865721634,1836239,1398519555435,-0.0076141357,-9.871521,0.40371704
1398519555871764114,1836251,1398519555447,0.04118347,-9.895325,0.44656372
1398519555877074173,1836251,1398519555447,-0.0028533936,-9.851288,0.44299316
1398519555880644729,1836258,1398519555454,0.010238647,-9.882233,0.3894348
1398519555885680130,1836261,1398519555456,0.0388031,-9.844147,0.42276
1398519555890837601,1836270,1398519555466,0.0054779053,-9.847717,0.3894348
1398519555896239212,1836270,1398519555466,-0.024276733,-9.915558,0.47631836
1398519555901396683,1836281,1398519555477,-0.0052337646,-9.831055,0.41680908
1398519555906706741,1836281,1398519555477,0.030471802,-9.910797,0.46798706
1398519555910918167,1836290,1398519555486,0.011428833,-9.820343,0.4239502
1398519555916258743,1836290,1398519555486,0.054275513,-9.883423,0.4644165
1398519555921538284,1836301,1398519555497,0.05784607,-9.873901,0.4727478
1398519555926756790,1836301,1398519555497,-0.0135650635,-9.882233,0.55963135
1398519555931151321,1836311,1398519555507,0.010238647,-9.840576,0.4727478
1398519555936491897,1836311,1398519555507,-0.001663208,-9.870331,0.41680908
1398519555941191604,1836321,1398519555517,-0.021896362,-9.869141,0.41799927
1398519555946532181,1836321,1398519555517,0.05784607,-9.877472,0.41799927
1398519555951292923,1836331,1398519555526,0.05189514,-9.839386,0.44180298
1398519555956664017,1836331,1398519555527,0.0054779053,-9.834625,0.4156189
1398519555961455276,1836341,1398519555536,0.009048462,-9.860809,0.4406128
1398519555966887405,1836341,1398519555537,0.045944214,-9.839386,0.39419556
1398519555971556595,1836352,1398519555547,-0.0028533936,-9.852478,0.43585205
1398519555976836136,1836352,1398519555548,0.04118347,-9.8810425,0.43704224
1398519555981438809,1836359,1398519555555,0.07093811,-9.859619,0.43347168
1398519555986626798,1836361,1398519555556,0.048324585,-9.935791,0.4560852
1398519555992180997,1836372,1398519555567,0.039993286,-9.854858,0.4144287
1398519555997491055,1836372,1398519555567,0.061416626,-9.902466,0.47988892
1398519556001702481,1836382,1398519555577,0.061416626,-9.902466,0.47988892
1398519556007043057,1836382,1398519555577,0.045944214,-9.878662,0.4477539
1398519556011773282,1836391,1398519555587,0.045944214,-9.878662,0.4477539
1398519556017144376,1836391,1398519555587,-0.001663208,-9.872711,0.42156982
1398519556022332364,1836402,1398519555598,0.053085327,-9.80368,0.49298096
1398519556027795010,1836402,1398519555598,-0.014755249,-9.907227,0.4394226
1398519556031792813,1836411,1398519555607,0.023330688,-9.889374,0.39300537
1398519556037041837,1836411,1398519555607,0.018569946,-9.904846,0.4310913
1398519556042504483,1836422,1398519555617,0.023330688,-9.889374,0.46679688
1398519556047784024,1836422,1398519555618,0.011428833,-9.827484,0.36801147
1398519556052056485,1836431,1398519555627,0.026901245,-9.851288,0.41918945
1398519556057397061,1836431,1398519555627,-0.00642395,-9.878662,0.40490723
1398519556062615567,1836442,1398519555638,-0.024276733,-9.907227,0.39657593
1398519556067834073,1836442,1398519555638,0.07331848,-9.841766,0.45132446
1398519556072198087,1836451,1398519555647,0.019760132,-9.902466,0.5215454
1398519556077538663,1836451,1398519555647,0.031661987,-9.901276,0.41204834
1398519556082146817,1836458,1398519555653,0.026901245,-9.846527,0.43466187
1398519556087182217,1836466,1398519555661,0.0042877197,-9.890564,0.42752075
1398519556092400723,1836466,1398519555662,0.009048462,-9.80249,0.38705444
1398519556098534756,1836478,1398519555673,0.030471802,-9.869141,0.48464966
1398519556103722745,1836478,1398519555674,0.016189575,-9.916748,0.39657593
1398519556107354337,1836485,1398519555680,0.08164978,-9.878662,0.44537354
1398519556112481290,1836486,1398519555682,-0.014755249,-9.851288,0.45370483
1398519556118401700,1836498,1398519555693,0.0019073486,-9.884613,0.42276
1398519556123620206,1836498,1398519555693,0.05189514,-9.86676,0.4310913
1398519556127465421,1836506,1398519555702,0.08879089,-9.909607,0.43585205
1398519556132714444,1836506,1398519555702,0.020950317,-9.838196,0.37872314
1398519556138756924,1836518,1398519555714,0.012619019,-9.8810425,0.54296875
1398519556144036465,1836518,1398519555714,0.03404236,-9.853668,0.47155762
1398519556147607022,1836525,1398519555721,0.050704956,-9.919128,0.4477539
1398519556152672940,1836527,1398519555722,0.013809204,-9.858429,0.42037964
1398519556158776456,1836538,1398519555734,0.054275513,-9.851288,0.44180298
1398519556164055997,1836538,1398519555734,0.026901245,-9.8619995,0.44418335
1398519556167748624,1836545,1398519555741,0.029281616,-9.909607,0.48703003
1398519556172906094,1836547,1398519555743,0.032852173,-9.825104,0.4656067
1398519556178643399,1836558,1398519555754,0.053085327,-9.896515,0.39300537
1398519556183922940,1836558,1398519555754,0.054275513,-9.889374,0.4156189
1398519556187951260,1836567,1398519555762,0.012619019,-9.873901,0.4156189
1398519556193169766,1836567,1398519555763,0.023330688,-9.8941345,0.4882202
1398519556199090176,1836578,1398519555774,0.0388031,-9.820343,0.46798706
1398519556204278165,1836579,1398519555774,0.022140503,-9.816772,0.42276
1398519556208031827,1836586,1398519555781,0.048324585,-9.883423,0.390625
1398519556213219815,1836587,1398519555783,0.035232544,-9.870331,0.39419556
1398519556218835049,1836598,1398519555794,0.06498718,-9.870331,0.45370483
1398519556224053555,1836598,1398519555794,0.03404236,-9.844147,0.4477539
1398519556228264981,1836607,1398519555803,0.019760132,-9.888184,0.42156982
1398519556233575040,1836607,1398519555803,0.022140503,-9.871521,0.46084595
1398519556239098721,1836618,1398519555814,0.01737976,-9.902466,0.42156982
1398519556244317227,1836619,1398519555814,0.035232544,-9.851288,0.42871094
1398519556248345548,1836627,1398519555823,0.035232544,-9.851288,0.42871094
1398519556253564053,1836627,1398519555823,0.013809204,-9.882233,0.37753296
1398519556259453946,1836639,1398519555834,0.06736755,-9.86438,0.4322815
1398519556264641934,1836639,1398519555835,0.04951477,-9.900085,0.47750854
1398519556268487149,1836647,1398519555843,0.04951477,-9.900085,0.47750854
1398519556273705655,1836647,1398519555843,0.012619019,-9.827484,0.46203613
1398519556279748135,1836659,1398519555855,0.032852173,-9.852478,0.45013428
1398519556284997159,1836659,1398519555855,0.029281616,-9.851288,0.4310913
1398519556288598233,1836666,1398519555862,0.029281616,-9.851288,0.4310913
1398519556293633633,1836668,1398519555863,-0.008804321,-9.872711,0.3989563
1398519556299737149,1836679,1398519555875,-0.00642395,-9.891754,0.42276
1398519556305016690,1836679,1398519555875,0.012619019,-9.852478,0.40014648
1398519556308770352,1836686,1398519555882,0.0042877197,-9.86795,0.41680908
1398519556313927823,1836688,1398519555884,0.04118347,-9.878662,0.43466187
1398519556319420987,1836699,1398519555894,0.030471802,-9.853668,0.37634277
1398519556324700528,1836699,1398519555895,0.0019073486,-9.908417,0.42990112
1398519556329003506,1836708,1398519555904,0.03404236,-9.841766,0.46203613
1398519556334405118,1836708,1398519555904,0.029281616,-9.8941345,0.41680908
1398519556339562589,1836719,1398519555914,-0.037368774,-9.876282,0.3834839
1398519556344750577,1836719,1398519555915,0.06260681,-9.882233,0.51916504
1398519556349175626,1836728,1398519555924,0.006668091,-9.821533,0.39538574
1398519556354546719,1836728,1398519555924,0.056655884,-9.908417,0.46679688
1398519556359673673,1836739,1398519555935,0.045944214,-9.898895,0.42514038
1398519556364892178,1836739,1398519555935,0.04118347,-9.885803,0.49893188
1398519556369317227,1836748,1398519555944,0.009048462,-9.888184,0.46798706
1398519556374688321,1836749,1398519555944,-0.0076141357,-9.86557,0.5120239
1398519556379845792,1836759,1398519555955,0.032852173,-9.878662,0.4394226
1398519556385033780,1836759,1398519555955,0.032852173,-9.914368,0.49298096
1398519556389336758,1836766,1398519555962,0.061416626,-9.878662,0.473938
1398519556394341641,1836768,1398519555964,0.037612915,-9.856049,0.41680908
1398519556399499112,1836779,1398519555974,0.042373657,-9.878662,0.41323853
1398519556404870206,1836779,1398519555974,0.016189575,-9.858429,0.44418335
1398519556409569913,1836789,1398519555984,0.007858276,-9.86438,0.45965576
1398519556414971524,1836789,1398519555984,0.043563843,-9.844147,0.41085815
1398519556419640714,1836799,1398519555994,0.0471344,-9.837006,0.46084595
1398519556425072842,1836799,1398519555995,0.037612915,-9.890564,0.42752075
1398519556430169278,1836811,1398519556006,0.07093811,-9.838196,0.4072876
1398519556435448819,1836811,1398519556006,0.024520874,-9.858429,0.41680908
1398519556439690762,1836817,1398519556012,0.037612915,-9.902466,0.4060974
1398519556444695645,1836818,1398519556014,0.0388031,-9.858429,0.39538574
1398519556450066739,1836829,1398519556025,-0.01713562,-9.886993,0.4322815
1398519556455346280,1836830,1398519556025,0.012619019,-9.8810425,0.41323853
1398519556459954434,1836839,1398519556035,0.029281616,-9.86319,0.42037964
1398519556465417081,1836839,1398519556035,0.056655884,-9.8619995,0.46084595
1398519556470147305,1836850,1398519556045,0.06260681,-9.842957,0.4656067
1398519556475457364,1836850,1398519556045,0.018569946,-9.879852,0.4894104
1398519556480065518,1836859,1398519556055,0.02571106,-9.896515,0.40966797
1398519556485528165,1836869,1398519556064,-0.01713562,-9.86795,0.44299316
1398519556490014249,1836869,1398519556065,0.091171265,-9.888184,0.44656372
1398519556495049649,1836870,1398519556065,0.006668091,-9.842957,0.34658813
1398519556500085049,1836875,1398519556071,0.05784607,-9.886993,0.4322815
1398519556505212003,1836880,1398519556076,0.0042877197,-9.869141,0.4060974
1398519556510247403,1836887,1398519556083,0.02571106,-9.846527,0.48345947
1398519556515282803,1836889,1398519556085,-0.0076141357,-9.839386,0.44656372
1398519556520531827,1836898,1398519556093,0.029281616,-9.8619995,0.4406128
1398519556525353604,1836899,1398519556095,0.0471344,-9.86795,0.3977661
1398519556530663663,1836908,1398519556103,0.08641052,-9.854858,0.3894348
1398519556535424405,1836909,1398519556105,0.023330688,-9.851288,0.390625
1398519556540429288,1836917,1398519556113,-0.0028533936,-9.834625,0.4644165
1398519556545495206,1836919,1398519556115,0.06617737,-9.845337,0.42633057
1398519556550835782,1836928,1398519556123,0.029281616,-9.825104,0.47988892
1398519556555566006,1836929,1398519556125,-0.015945435,-9.909607,0.46203613
1398519556560937100,1836938,1398519556134,0.043563843,-9.8619995,0.42633057
1398519556565667325,1836939,1398519556135,0.03642273,-9.86319,0.44418335
1398519556570977383,1836948,1398519556144,0.01499939,-9.86795,0.44418335
1398519556575707608,1836950,1398519556146,0.01499939,-9.86795,0.44418335
1398519556580926114,1836958,1398519556154,0.054275513,-9.886993,0.44180298
1398519556585778409,1836961,1398519556156,0.018569946,-9.891754,0.38824463
1398519556590783292,1836968,1398519556163,0.012619019,-9.869141,0.4322815
1398519556595849210,1836970,1398519556165,0.063797,-9.842957,0.44656372
1398519556601220303,1836978,1398519556174,0.012619019,-9.876282,0.41799927
1398519556605950528,1836980,1398519556175,0.04118347,-9.904846,0.40014648
1398519556611260587,1836988,1398519556184,0.02809143,-9.8298645,0.40252686
1398519556615990811,1836990,1398519556185,0.053085327,-9.833435,0.41204834
1398519556621361905,1836998,1398519556194,-0.00642395,-9.854858,0.4489441
1398519556626092130,1837000,1398519556196,0.007858276,-9.877472,0.4644165
1398519556631249600,1837008,1398519556204,-0.004043579,-9.870331,0.45132446
1398519556636162930,1837011,1398519556207,0.02809143,-9.832245,0.40133667
1398519556641137296,1837018,1398519556214,0.02571106,-9.86557,0.45132446
1398519556646203214,1837020,1398519556216,0.024520874,-9.920319,0.46798706
1398519556651574307,1837029,1398519556224,0.026901245,-9.827484,0.4406128
1398519556656304532,1837030,1398519556226,0.029281616,-9.877472,0.44299316
1398519556661645108,1837039,1398519556234,0.07331848,-9.850098,0.42633057
1398519556666344815,1837040,1398519556236,0.009048462,-9.920319,0.41680908
1398519556671715909,1837049,1398519556244,0.006668091,-9.86795,0.47155762
1398519556676446133,1837051,1398519556246,0.05189514,-9.882233,0.4477539
1398519556681664639,1837059,1398519556254,-0.0076141357,-9.919128,0.3894348
1398519556686516934,1837061,1398519556256,0.045944214,-9.923889,0.42633057
1398519556691826993,1837069,1398519556264,0.009048462,-9.892944,0.47631836
1398519556696587735,1837072,1398519556268,-0.012374878,-9.822723,0.42752075
1398519556701501065,1837075,1398519556271,-0.020706177,-9.916748,0.41680908
1398519556706536465,1837081,1398519556277,0.031661987,-9.844147,0.41085815
1398519556711571866,1837086,1398519556282,0.022140503,-9.86319,0.46084595
1398519556716607266,1837090,1398519556286,0.016189575,-9.845337,0.43585205
1398519556722039395,1837099,1398519556295,0.042373657,-9.841766,0.45489502
1398519556726769620,1837101,1398519556296,0.009048462,-9.851288,0.42156982
1398519556732140714,1837109,1398519556305,-0.044509888,-9.8941345,0.42990112
1398519556736870938,1837111,1398519556307,0.02809143,-9.86795,0.42871094
1398519556742089444,1837119,1398519556315,0.013809204,-9.908417,0.41085815
1398519556746911221,1837121,1398519556317,0.07093811,-9.822723,0.45846558
1398519556752251798,1837129,1398519556325,0.012619019,-9.882233,0.46917725
1398519556757012540,1837131,1398519556327,0.022140503,-9.882233,0.37158203
1398519556762170010,1837139,1398519556335,0.050704956,-9.8810425,0.4072876
1398519556767083340,1837141,1398519556337,0.022140503,-9.825104,0.50250244
1398519556772362881,1837150,1398519556345,0.07331848,-9.878662,0.42990112
1398519556777123624,1837151,1398519556347,0.024520874,-9.813202,0.4965515
1398519556782342130,1837160,1398519556355,0.07807922,-9.848907,0.42990112
1398519556787224942,1837161,1398519556357,-0.0052337646,-9.888184,0.43704224
1398519556792443448,1837170,1398519556365,0.02571106,-9.879852,0.45013428
1398519556797295743,1837171,1398519556367,0.020950317,-9.839386,0.45965576
1398519556802575284,1837181,1398519556377,-0.0052337646,-9.826294,0.37753296
1398519556807366544,1837181,1398519556377,0.06260681,-9.860809,0.4810791
1398519556812615567,1837191,1398519556387,0.045944214,-9.853668,0.43347168
1398519556817437344,1837191,1398519556387,0.018569946,-9.878662,0.46322632
1398519556822747403,1837201,1398519556397,-4.7302246E-4,-9.879852,0.42633057
1398519556827508145,1837201,1398519556397,0.0019073486,-9.901276,0.47155762
1398519556832818204,1837211,1398519556407,0.0042877197,-9.841766,0.47155762
1398519556837548428,1837212,1398519556407,-0.015945435,-9.846527,0.41799927
1398519556842889005,1837220,1398519556416,0.07688904,-9.840576,0.45251465
1398519556847649747,1837222,1398519556417,0.050704956,-9.791779,0.43585205
1398519556852868253,1837232,1398519556427,0.019760132,-9.877472,0.46798706
1398519556857720548,1837232,1398519556427,0.024520874,-9.884613,0.45846558
1398519556863000089,1837241,1398519556437,0.029281616,-9.878662,0.42752075
1398519556867760831,1837242,1398519556437,0.009048462,-9.86795,0.50845337
1398519556873101407,1837251,1398519556447,0.011428833,-9.896515,0.38705444
1398519556877831631,1837252,1398519556447,0.011428833,-9.878662,0.41918945
1398519556882775479,1837258,1398519556454,0.0388031,-9.852478,0.43585205
1398519556887810880,1837263,1398519556459,0.026901245,-9.814392,0.45846558
1398519556892876798,1837270,1398519556465,0.054275513,-9.873901,0.4560852
1398519556897973233,1837273,1398519556469,0.03642273,-9.857239,0.4727478
1398519556902917081,1837278,1398519556474,0.009048462,-9.906036,0.4394226
1398519556907952481,1837282,1398519556478,0.030471802,-9.902466,0.47988892
1398519556912987881,1837287,1398519556483,-0.004043579,-9.831055,0.44537354
1398519556918023282,1837293,1398519556489,0.042373657,-9.844147,0.37634277
1398519556923058682,1837298,1398519556494,0.09831238,-9.835815,0.40371704
1398519556928094083,1837304,1398519556499,0.010238647,-9.885803,0.51083374
1398519556933129483,1837308,1398519556504,0.037612915,-9.86676,0.41680908
1398519556938164883,1837314,1398519556509,0.032852173,-9.850098,0.4477539
1398519556943200284,1837318,1398519556514,0.03642273,-9.891754,0.4060974
1398519556948235684,1837324,1398519556519,-0.0052337646,-9.853668,0.40133667
1398519556953271085,1837331,1398519556526,0.011428833,-9.842957,0.46322632
1398519556958459073,1837333,1398519556528,0.0471344,-9.876282,0.51916504
1398519556964165860,1837344,1398519556539,0.042373657,-9.846527,0.47750854
1398519556969384366,1837344,1398519556539,0.037612915,-9.892944,0.49417114
1398519556973443204,1837352,1398519556548,-0.009994507,-9.876282,0.44537354
1398519556978661710,1837353,1398519556548,0.035232544,-9.876282,0.47036743
1398519556984551602,1837364,1398519556560,0.08641052,-9.857239,0.44418335
1398519556989770108,1837364,1398519556560,0.0054779053,-9.804871,0.3656311
1398519556993554288,1837371,1398519556567,0.026901245,-9.888184,0.4310913
1398519556998742276,1837373,1398519556568,0.030471802,-9.917938,0.44180298
1398519557004906827,1837384,1398519556580,0.035232544,-9.921509,0.52511597
1398519557010186368,1837385,1398519556580,0.042373657,-9.858429,0.44299316
1398519557013695889,1837391,1398519556587,0.022140503,-9.895325,0.5239258
1398519557018731290,1837393,1398519556589,0.0471344,-9.889374,0.46679688
1398519557024804288,1837404,1398519556600,0.054275513,-9.850098,0.3977661
1398519557030083829,1837404,1398519556600,0.059036255,-9.812012,0.4144287
1398519557033868008,1837412,1398519556607,0.02571106,-9.796539,0.42752075
1398519557039025479,1837413,1398519556609,-0.00642395,-9.8941345,0.37158203
1398519557044488126,1837424,1398519556620,-0.0135650635,-9.86676,0.43347168
1398519557049767667,1837424,1398519556620,-0.0076141357,-9.883423,0.45013428
1398519557054131680,1837433,1398519556629,0.022140503,-9.888184,0.47512817
1398519557059502774,1837433,1398519556629,0.02571106,-9.879852,0.4239502
1398519557064690762,1837444,1398519556640,0.02571106,-9.837006,0.45370483
1398519557069970303,1837444,1398519556640,0.035232544,-9.904846,0.49179077
1398519557074273282,1837453,1398519556649,0.02809143,-9.875092,0.44418335
1398519557079613858,1837454,1398519556649,0.07569885,-9.883423,0.42871094
1398519557084771329,1837464,1398519556660,0.101882935,-9.856049,0.46679688
1398519557089989835,1837464,1398519556660,0.04951477,-9.86795,0.38586426
1398519557094384366,1837474,1398519556669,0.007858276,-9.839386,0.4882202
1398519557099755460,1837474,1398519556669,0.01499939,-9.851288,0.47512817
1398519557104943448,1837484,1398519556680,0.043563843,-9.851288,0.42276
1398519557110161954,1837485,1398519556680,0.07450867,-9.911987,0.3977661
1398519557114525967,1837494,1398519556689,0.07450867,-9.911987,0.3977661
1398519557119866544,1837494,1398519556689,-0.001663208,-9.86676,0.42633057
1398519557125176602,1837505,1398519556700,0.019760132,-9.854858,0.4572754
1398519557130395108,1837505,1398519556700,-4.7302246E-4,-9.872711,0.4394226
1398519557134667569,1837514,1398519556709,-4.7302246E-4,-9.872711,0.4394226
1398519557139977628,1837514,1398519556710,-0.018325806,-9.877472,0.390625
1398519557145379239,1837525,1398519556720,-0.019515991,-9.911987,0.3656311
1398519557150567227,1837525,1398519556721,0.042373657,-9.844147,0.4477539
1398519557154839688,1837534,1398519556730,0.0554657,-9.857239,0.41680908
1398519557160180264,1837534,1398519556730,0.0019073486,-9.838196,0.43823242
1398519557165368253,1837545,1398519556740,-0.030227661,-9.86319,0.42633057
1398519557170617276,1837545,1398519556741,0.0054779053,-9.889374,0.4894104
1398519557174950772,1837554,1398519556750,0.009048462,-9.879852,0.39538574
1398519557180321866,1837554,1398519556750,0.013809204,-9.825104,0.42037964
1398519557185479337,1837565,1398519556761,0.0030975342,-9.858429,0.41918945
1398519557190758878,1837565,1398519556761,0.042373657,-9.885803,0.42156982
1398519557195092374,1837574,1398519556770,0.032852173,-9.853668,0.4489441
1398519557200493985,1837575,1398519556770,0.054275513,-9.922699,0.4310913
1398519557205651456,1837585,1398519556781,0.03404236,-9.8619995,0.47988892
1398519557210930997,1837585,1398519556781,0.048324585,-9.879852,0.43585205
1398519557215264493,1837594,1398519556790,0.011428833,-9.852478,0.47631836
1398519557220635587,1837595,1398519556790,0.09236145,-9.889374,0.4310913
1398519557225823575,1837605,1398519556801,0.056655884,-9.886993,0.42633057
1398519557231011563,1837605,1398519556801,0.059036255,-9.892944,0.4406128
1398519557235406094,1837615,1398519556810,-0.004043579,-9.951263,0.43585205
1398519557240746671,1837615,1398519556810,0.0554657,-9.832245,0.4727478
1398519557245965176,1837625,1398519556821,0.009048462,-9.886993,0.40847778
1398519557251183682,1837626,1398519556821,0.018569946,-9.853668,0.47869873
1398519557255547696,1837635,1398519556830,0.0042877197,-9.896515,0.41799927
1398519557260888272,1837635,1398519556830,-0.0028533936,-9.869141,0.38705444
1398519557266106778,1837646,1398519556841,-0.0028533936,-9.86795,0.45846558
1398519557271294766,1837646,1398519556841,0.07093811,-9.850098,0.45965576
1398519557275658780,1837655,1398519556850,0.0019073486,-9.852478,0.47036743
1398519557280999356,1837655,1398519556851,0.04475403,-9.871521,0.47869873
1398519557286309415,1837666,1398519556861,-0.004043579,-9.890564,0.45965576
1398519557291527921,1837666,1398519556861,0.013809204,-9.850098,0.43466187
1398519557295800381,1837675,1398519556871,0.0554657,-9.815582,0.43585205
1398519557301110440,1837675,1398519556871,0.050704956,-9.823914,0.4572754
1398519557306512051,1837686,1398519556882,0.0030975342,-9.842957,0.40490723
1398519557311791592,1837686,1398519556882,0.007858276,-9.909607,0.42633057
1398519557315911465,1837695,1398519556891,0.06855774,-9.9131775,0.47750854
1398519557321191006,1837695,1398519556891,0.010238647,-9.903656,0.4406128
1398519557326684171,1837706,1398519556902,0.02571106,-9.890564,0.48583984
1398519557331963712,1837706,1398519556902,0.045944214,-9.889374,0.43347168
1398519557336022549,1837715,1398519556911,0.03642273,-9.853668,0.40966797
1398519557341271573,1837715,1398519556911,0.050704956,-9.877472,0.4477539
1398519557347100430,1837727,1398519556922,0.045944214,-9.885803,0.4656067
1398519557352379971,1837727,1398519556922,-0.001663208,-9.833435,0.42276
1398519557356103116,1837734,1398519556929,0.07093811,-9.869141,0.41323853
1398519557361291104,1837735,1398519556931,0.018569946,-9.850098,0.39657593
1398519557366173917,1837743,1398519556939,0.054275513,-9.857239,0.37872314
1398519557371209317,1837745,1398519556941,0.01499939,-9.857239,0.43466187
1398519557377526456,1837757,1398519556953,0.019760132,-9.854858,0.39419556
1398519557382714444,1837757,1398519556953,0.03642273,-9.896515,0.42156982
1398519557386346036,1837764,1398519556959,0.03642273,-9.896515,0.42156982
1398519557391472989,1837766,1398519556961,0.0030975342,-9.851288,0.40014648
1398519557397393399,1837777,1398519556972,0.06022644,-9.908417,0.39419556
1398519557402581387,1837777,1398519556973,0.019760132,-9.857239,0.45846558
1398519557406487637,1837786,1398519556981,0.019760132,-9.857239,0.45846558
1398519557411706143,1837786,1398519556981,-0.02784729,-9.896515,0.45370483
1398519557417657071,1837797,1398519556993,0.037612915,-9.86795,0.47869873
1398519557422845059,1837797,1398519556993,-0.00642395,-9.86319,0.3739624
1398519557426598721,1837804,1398519557000,-0.00642395,-9.86319,0.3739624
1398519557431786710,1837806,1398519557002,0.032852173,-9.869141,0.35253906
1398519557437493497,1837817,1398519557013,0.043563843,-9.902466,0.43585205
1398519557442712003,1837817,1398519557013,-0.008804321,-9.882233,0.40252686
1398519557446770840,1837826,1398519557021,0.080459595,-9.889374,0.47036743
1398519557452050381,1837826,1398519557022,0.031661987,-9.848907,0.4322815
1398519557457787686,1837837,1398519557033,-0.004043579,-9.897705,0.48345947
1398519557463067227,1837837,1398519557033,0.07450867,-9.898895,0.45251465
1398519557466881924,1837846,1398519557041,0.035232544,-9.852478,0.46322632
1398519557472069913,1837846,1398519557041,-0.020706177,-9.908417,0.40014648
1398519557478234464,1837858,1398519557053,0.037612915,-9.891754,0.47155762
1398519557483514005,1837858,1398519557053,-0.0076141357,-9.857239,0.4144287
1398519557487023526,1837864,1398519557060,0.0042877197,-9.841766,0.41323853
1398519557492058926,1837866,1398519557062,0.032852173,-9.8619995,0.45846558
1398519557498376065,1837878,1398519557073,0.026901245,-9.847717,0.44180298
1398519557503655606,1837878,1398519557074,-0.0052337646,-9.909607,0.44180298
1398519557507165128,1837884,1398519557080,0.06855774,-9.80368,0.5072632
1398519557512200528,1837886,1398519557082,-0.008804321,-9.858429,0.46679688
1398519557518517667,1837898,1398519557094,-0.02784729,-9.841766,0.45489502
1398519557523736173,1837898,1398519557094,0.031661987,-9.897705,0.45013428
1398519557527306729,1837905,1398519557100,0.06022644,-9.852478,0.43347168
1398519557532342130,1837907,1398519557102,0.09831238,-9.900085,0.45132446
1398519557538445645,1837918,1398519557113,0.013809204,-9.891754,0.48583984
1398519557543633633,1837918,1398519557114,-0.0028533936,-9.86557,0.47512817
1398519557547478848,1837926,1398519557122,0.023330688,-9.854858,0.48345947
1398519557552666837,1837927,1398519557122,-0.025466919,-9.871521,0.44299316
1398519557558739835,1837938,1398519557134,0.035232544,-9.845337,0.43823242
1398519557563958340,1837938,1398519557134,0.0388031,-9.885803,0.44656372
1398519557567620450,1837945,1398519557141,0.039993286,-9.876282,0.506073
1398519557572747403,1837947,1398519557142,0.0054779053,-9.910797,0.390625
1398519557578515225,1837958,1398519557154,0.043563843,-9.841766,0.40133667
1398519557583733731,1837958,1398519557154,0.03642273,-9.854858,0.5632019
1398519557587762051,1837967,1398519557162,0.02571106,-9.86795,0.45965576
1398519557592980557,1837967,1398519557163,0.0030975342,-9.889374,0.41323853
1398519557598809415,1837978,1398519557174,0.039993286,-9.852478,0.44418335
1398519557604088956,1837978,1398519557174,0.030471802,-9.847717,0.4310913
1398519557607903653,1837987,1398519557182,0.007858276,-9.873901,0.49179077
1398519557613061124,1837987,1398519557182,0.048324585,-9.850098,0.40490723
1398519557619225674,1837999,1398519557194,0.06022644,-9.879852,0.45132446
1398519557624505215,1837999,1398519557194,0.063797,-9.869141,0.42037964
1398519557628014737,1838005,1398519557201,0.06022644,-9.897705,0.48583984
1398519557633050137,1838007,1398519557203,0.03404236,-9.914368,0.42156982
1398519557639367276,1838019,1398519557214,0.0042877197,-9.875092,0.390625
1398519557644646817,1838019,1398519557215,0.01499939,-9.839386,0.47869873
1398519557648156339,1838025,1398519557221,0.01499939,-9.839386,0.47869873
1398519557653191739,1838027,1398519557223,0.018569946,-9.882233,0.3977661
1398519557659508878,1838039,1398519557235,0.022140503,-9.873901,0.4560852
1398519557664788419,1838039,1398519557235,0.023330688,-9.857239,0.3989563
1398519557668297940,1838045,1398519557241,0.023330688,-9.857239,0.3989563
1398519557673333340,1838047,1398519557243,0.012619019,-9.838196,0.51797485
1398519557679650479,1838059,1398519557255,0.03404236,-9.814392,0.4560852
1398519557684838467,1838059,1398519557255,0.048324585,-9.8941345,0.42514038
1398519557688470059,1838066,1398519557262,0.048324585,-9.8941345,0.42514038
1398519557693597012,1838068,1398519557263,-0.0052337646,-9.847717,0.43585205
1398519557699486905,1838079,1398519557275,0.08164978,-9.841766,0.41799927
1398519557704674893,1838079,1398519557275,0.022140503,-9.896515,0.4644165
1398519557708611661,1838088,1398519557283,0.022140503,-9.896515,0.4644165
1398519557713830167,1838088,1398519557283,0.030471802,-9.841766,0.43585205
1398519557719811612,1838099,1398519557295,-0.0028533936,-9.890564,0.41799927
1398519557725030118,1838099,1398519557295,0.018569946,-9.86438,0.41680908
1398519557728722745,1838104,1398519557300,0.0388031,-9.900085,0.42514038
1398519557733758145,1838109,1398519557305,0.009048462,-9.833435,0.36206055
1398519557738793546,1838118,1398519557313,0.050704956,-9.853668,0.4560852
1398519557744012051,1838118,1398519557313,0.053085327,-9.882233,0.4394226
1398519557748864346,1838128,1398519557323,0.061416626,-9.895325,0.4477539
1398519557754113370,1838128,1398519557324,0.024520874,-9.854858,0.40252686
1398519557758996182,1838138,1398519557334,-0.001663208,-9.845337,0.45846558
1398519557764214688,1838138,1398519557334,0.013809204,-9.86557,0.47750854
1398519557770104581,1838151,1398519557346,0.019760132,-9.847717,0.42990112
1398519557775384122,1838151,1398519557346,0.035232544,-9.845337,0.45965576
1398519557779107266,1838155,1398519557350,0.0042877197,-9.872711,0.4310913
1398519557784112149,1838159,1398519557355,0.0019073486,-9.86319,0.44537354
1398519557789269620,1838169,1398519557364,0.069747925,-9.901276,0.51678467
1398519557794640714,1838169,1398519557364,0.0030975342,-9.8810425,0.4572754
1398519557799340421,1838179,1398519557374,0.054275513,-9.8619995,0.47155762
1398519557804742032,1838179,1398519557374,0.0030975342,-9.860809,0.46203613
1398519557809441739,1838189,1398519557384,0.010238647,-9.859619,0.40014648
1398519557814812833,1838189,1398519557384,0.018569946,-9.852478,0.3977661
1398519557819970303,1838199,1398519557395,0.012619019,-9.870331,0.43466187
1398519557825188809,1838201,1398519557396,0.007858276,-9.86795,0.45370483
1398519557829430753,1838207,1398519557402,0.031661987,-9.885803,0.41680908
1398519557834466153,1838208,1398519557404,0.01737976,-9.916748,0.4656067
1398519557839684659,1838219,1398519557415,0.02809143,-9.857239,0.44180298
1398519557845116788,1838219,1398519557415,0.05189514,-9.857239,0.49298096
1398519557849969083,1838229,1398519557425,-0.031417847,-9.892944,0.4060974
1398519557855187589,1838230,1398519557425,0.050704956,-9.86319,0.49536133
1398519557859765225,1838239,1398519557435,0.05784607,-9.827484,0.43823242
1398519557865166837,1838239,1398519557435,0.07569885,-9.851288,0.3918152
1398519557870324307,1838251,1398519557446,0.0030975342,-9.851288,0.40847778
1398519557875542813,1838251,1398519557446,0.022140503,-9.917938,0.3739624
1398519557879784756,1838257,1398519557453,0.06855774,-9.900085,0.44418335
1398519557884820157,1838259,1398519557454,0.050704956,-9.903656,0.4406128
1398519557890435391,1838270,1398519557466,0.031661987,-9.890564,0.43823242
1398519557895714932,1838270,1398519557466,0.045944214,-9.916748,0.4477539
1398519557900078946,1838279,1398519557475,0.019760132,-9.911987,0.46203613
1398519557905450040,1838279,1398519557475,0.029281616,-9.901276,0.46917725
1398519557910607510,1838290,1398519557486,7.171631E-4,-9.8619995,0.4239502
1398519557915887051,1838290,1398519557486,0.042373657,-9.856049,0.45013428
1398519557920159512,1838299,1398519557495,0.037612915,-9.902466,0.36206055
1398519557925500089,1838300,1398519557496,0.042373657,-9.878662,0.43704224
1398519557930291348,1838310,1398519557505,-0.0135650635,-9.892944,0.40252686
1398519557935631924,1838310,1398519557505,0.02809143,-9.86557,0.47036743
1398519557940819913,1838321,1398519557517,0.04475403,-9.878662,0.43823242
1398519557946129971,1838321,1398519557517,0.031661987,-9.904846,0.43704224
1398519557950280362,1838327,1398519557523,0.011428833,-9.891754,0.4394226
1398519557955315762,1838329,1398519557525,0.0054779053,-9.916748,0.4310913
1398519557961602383,1838341,1398519557537,0.023330688,-9.857239,0.46084595
1398519557966820889,1838341,1398519557537,-0.004043579,-9.875092,0.3989563
1398519557970452481,1838348,1398519557544,-0.004043579,-9.875092,0.3989563
1398519557975579434,1838351,1398519557546,0.020950317,-9.86676,0.40133667
1398519557980614835,1838360,1398519557556,0.06498718,-9.897705,0.4882202
1398519557985985928,1838360,1398519557556,0.032852173,-9.869141,0.39538574
1398519557991173917,1838371,1398519557566,-0.021896362,-9.891754,0.44537354
1398519557996453458,1838371,1398519557567,7.171631E-4,-9.878662,0.37158203
1398519558000756436,1838380,1398519557576,7.171631E-4,-9.878662,0.37158203
1398519558006066495,1838380,1398519557576,7.171631E-4,-9.873901,0.52749634
1398519558011407071,1838391,1398519557586,0.0471344,-9.877472,0.38705444
1398519558016595059,1838391,1398519557587,0.0042877197,-9.854858,0.45370483
1398519558020928555,1838401,1398519557597,0.006668091,-9.884613,0.42990112
1398519558026269131,1838401,1398519557597,0.08879089,-9.882233,0.3501587
1398519558030907803,1838410,1398519557606,0.035232544,-9.840576,0.42276
1398519558036217862,1838410,1398519557606,0.050704956,-9.859619,0.4656067
1398519558041619473,1838422,1398519557618,0.06022644,-9.838196,0.5120239
1398519558047173673,1838422,1398519557618,0.026901245,-9.851288,0.50131226
1398519558050988370,1838426,1398519557622,0.039993286,-9.832245,0.47036743
1398519558056023770,1838430,1398519557625,0.04475403,-9.86557,0.4394226
1398519558062340909,1838442,1398519557637,0.01499939,-9.850098,0.4644165
1398519558067620450,1838442,1398519557638,0.010238647,-9.820343,0.45489502
1398519558071129971,1838449,1398519557644,0.03642273,-9.856049,0.5048828
1398519558076165372,1838450,1398519557646,0.019760132,-9.879852,0.41204834
1398519558082268887,1838462,1398519557657,0.023330688,-9.835815,0.41680908
1398519558087548428,1838462,1398519557658,0.022140503,-9.852478,0.5144043
1398519558091302090,1838469,1398519557665,0.04475403,-9.873901,0.4572754
1398519558096459561,1838471,1398519557667,0.020950317,-9.871521,0.45489502
1398519558101922208,1838481,1398519557677,0.026901245,-9.853668,0.40252686
1398519558107201749,1838482,1398519557677,0.037612915,-9.882233,0.42990112
1398519558111565762,1838492,1398519557687,0.059036255,-9.821533,0.46203613
1398519558116906339,1838492,1398519557687,0.0388031,-9.910797,0.45489502
1398519558121575528,1838501,1398519557696,0.012619019,-9.877472,0.473938
1398519558126855069,1838501,1398519557697,0.02571106,-9.8619995,0.5144043
1398519558132195645,1838512,1398519557708,0.01737976,-9.8619995,0.46203613
1398519558137566739,1838512,1398519557708,0.04951477,-9.886993,0.37039185
1398519558141656094,1838521,1398519557717,0.035232544,-9.903656,0.4060974
1398519558146874600,1838521,1398519557717,0.012619019,-9.869141,0.42276
1398519558152459317,1838532,1398519557728,0.019760132,-9.876282,0.4394226
1398519558157647305,1838532,1398519557728,0.013809204,-9.908417,0.4072876
1398519558161919766,1838541,1398519557737,0.050704956,-9.857239,0.4322815
1398519558167229825,1838541,1398519557737,0.020950317,-9.900085,0.46917725
1398519558172478848,1838552,1398519557748,-0.0028533936,-9.820343,0.45965576
1398519558177666837,1838552,1398519557748,0.03642273,-9.792969,0.3751526
1398519558182061368,1838561,1398519557757,0.04118347,-9.850098,0.4394226
1398519558187432462,1838562,1398519557757,-0.052841187,-9.884613,0.35134888
1398519558192589932,1838572,1398519557768,0.04475403,-9.858429,0.41085815
1398519558197869473,1838572,1398519557768,0.02571106,-9.840576,0.4894104
1398519558202172452,1838581,1398519557777,0.022140503,-9.86438,0.43347168
1398519558207543546,1838582,1398519557777,0.05189514,-9.839386,0.44180298
1398519558212762051,1838592,1398519557788,0.054275513,-9.817963,0.4406128
1398519558218041592,1838592,1398519557788,0.026901245,-9.86795,0.42752075
1398519558222314053,1838602,1398519557797,0.056655884,-9.831055,0.45132446
1398519558227685147,1838602,1398519557797,0.03404236,-9.883423,0.47512817
1398519558232873135,1838612,1398519557808,0.0019073486,-9.916748,0.43704224
1398519558238152676,1838613,1398519557808,0.04118347,-9.902466,0.42633057
1398519558242486173,1838622,1398519557817,0.0030975342,-9.901276,0.44537354
1398519558247857266,1838622,1398519557818,0.0054779053,-9.8810425,0.44537354
1398519558253014737,1838633,1398519557828,0.043563843,-9.895325,0.44299316
1398519558258263760,1838633,1398519557828,-0.026657104,-9.939362,0.4322815
1398519558262597256,1838642,1398519557837,-0.026657104,-9.939362,0.4322815
1398519558267937833,1838642,1398519557838,-0.00642395,-9.889374,0.37634277
1398519558273339444,1838653,1398519557848,-0.0135650635,-9.911987,0.46917725
1398519558278557950,1838653,1398519557849,-0.042129517,-9.846527,0.4894104
1398519558282738858,1838662,1398519557857,-0.042129517,-9.846527,0.4894104
1398519558287987881,1838662,1398519557858,0.029281616,-9.827484,0.49179077
1398519558293542081,1838673,1398519557869,0.013809204,-9.870331,0.47869873
1398519558298730069,1838673,1398519557869,0.016189575,-9.9131775,0.3977661
1398519558302880460,1838682,1398519557878,7.171631E-4,-9.8810425,0.40966797
1398519558308129483,1838682,1398519557878,0.018569946,-9.839386,0.4156189
1398519558313805753,1838693,1398519557889,-0.019515991,-9.854858,0.42514038
1398519558318993741,1838693,1398519557889,-0.020706177,-9.86676,0.41204834
1398519558322899991,1838702,1398519557897,0.07926941,-9.876282,0.42990112
1398519558328118497,1838702,1398519557898,0.009048462,-9.86676,0.41918945
1398519558334191495,1838714,1398519557909,-0.0052337646,-9.907227,0.43704224
1398519558339471036,1838714,1398519557910,0.05189514,-9.892944,0.47869873
1398519558343041592,1838721,1398519557916,0.006668091,-9.859619,0.41680908
1398519558348107510,1838722,1398519557918,0.016189575,-9.86438,0.4322815
1398519558354211026,1838734,1398519557929,0.04475403,-9.86795,0.43823242
1398519558359490567,1838734,1398519557930,0.04475403,-9.851288,0.4572754
1398519558363183194,1838741,1398519557936,0.0054779053,-9.815582,0.49179077
1398519558368340665,1838743,1398519557938,0.022140503,-9.835815,0.44299316
1398519558373986417,1838754,1398519557949,0.016189575,-9.871521,0.48345947
1398519558379357510,1838754,1398519557949,0.02571106,-9.839386,0.45489502
1398519558383324796,1838763,1398519557958,0.09236145,-9.86676,0.4239502
1398519558388604337,1838763,1398519557958,0.050704956,-9.839386,0.4727478
1398519558394341641,1838774,1398519557970,0.059036255,-9.879852,0.45965576
1398519558399590665,1838774,1398519557970,0.032852173,-9.878662,0.47869873
1398519558403466397,1838782,1398519557978,-0.001663208,-9.876282,0.47036743
1398519558408684903,1838783,1398519557978,0.035232544,-9.828674,0.47155762
1398519558414818936,1838794,1398519557990,0.009048462,-9.890564,0.4322815
1398519558420006924,1838794,1398519557990,-0.0028533936,-9.882233,0.4322815
1398519558423607999,1838801,1398519557997,0.06498718,-9.869141,0.41085815
1398519558428704434,1838803,1398519557998,-0.008804321,-9.835815,0.4977417
1398519558434838467,1838814,1398519558010,0.0471344,-9.916748,0.4810791
1398519558440056973,1838815,1398519558010,-0.019515991,-9.854858,0.40966797
1398519558443749600,1838821,1398519558017,-0.0076141357,-9.935791,0.33944702
1398519558448937589,1838823,1398519558019,0.050704956,-9.902466,0.44418335
1398519558454644376,1838834,1398519558030,0.03404236,-9.908417,0.4322815
1398519558459832364,1838834,1398519558030,0.0019073486,-9.851288,0.39538574
1398519558463921719,1838843,1398519558039,-0.004043579,-9.890564,0.47750854
1398519558469140225,1838843,1398519558039,0.0054779053,-9.890564,0.38467407
1398519558474969083,1838855,1398519558050,0.039993286,-9.872711,0.45132446
1398519558480187589,1838855,1398519558050,0.01499939,-9.86676,0.41918945
1398519558484032803,1838858,1398519558054,0.043563843,-9.877472,0.3406372
1398519558490136319,1838871,1398519558066,0.018569946,-9.9131775,0.40371704
1398519558495415860,1838871,1398519558066,-0.014755249,-9.846527,0.42633057
1398519558499169522,1838875,1398519558070,0.05784607,-9.852478,0.35134888
1398519558504174405,1838879,1398519558075,0.023330688,-9.876282,0.46798706
1398519558509331876,1838889,1398519558084,0.018569946,-9.86557,0.41323853
1398519558514733487,1838889,1398519558084,0.018569946,-9.879852,0.4239502
1398519558519433194,1838899,1398519558095,0.050704956,-9.879852,0.3977661
1398519558524865323,1838899,1398519558095,0.012619019,-9.86438,0.47036743
1398519558529473477,1838909,1398519558105,0.009048462,-9.877472,0.44299316
1398519558534936124,1838909,1398519558105,0.06498718,-9.828674,0.46322632
1398519558539941006,1838921,1398519558116,-0.009994507,-9.8619995,0.4810791
1398519558545251065,1838921,1398519558116,-0.018325806,-9.888184,0.4810791
1398519558549493008,1838927,1398519558122,-0.018325806,-9.888184,0.4810791
1398519558554528409,1838928,1398519558124,0.011428833,-9.850098,0.40966797
1398519558559960538,1838939,1398519558135,-0.00642395,-9.871521,0.5132141
1398519558565209561,1838940,1398519558135,0.020950317,-9.895325,0.390625
1398519558569756680,1838949,1398519558145,0.020950317,-9.895325,0.390625
1398519558575158292,1838949,1398519558145,7.171631E-4,-9.872711,0.49179077
1398519558580315762,1838960,1398519558156,0.024520874,-9.873901,0.43585205
1398519558585534268,1838960,1398519558156,0.03404236,-9.857239,0.40133667
1398519558589928799,1838969,1398519558165,-0.004043579,-9.842957,0.4072876
1398519558595269376,1838969,1398519558165,0.048324585,-9.859619,0.46679688
1398519558599969083,1838979,1398519558175,0.06855774,-9.840576,0.42156982
1398519558605248624,1838979,1398519558175,0.01499939,-9.842957,0.4477539
1398519558610558682,1838990,1398519558186,0.012619019,-9.848907,0.42633057
1398519558615777188,1838990,1398519558186,0.016189575,-9.879852,0.44180298
1398519558620049649,1838999,1398519558195,0.09474182,-9.856049,0.4644165
1398519558625298673,1838999,1398519558195,-0.0028533936,-9.884613,0.39419556
1398519558630791837,1839011,1398519558206,0.01499939,-9.885803,0.43704224
1398519558636071378,1839011,1398519558206,0.029281616,-9.883423,0.45132446
1398519558640130215,1839019,1398519558215,0.029281616,-9.859619,0.37277222
1398519558645409756,1839019,1398519558215,0.011428833,-9.839386,0.44656372
1398519558650323087,1839030,1398519558225,0.06022644,-9.828674,0.54177856
1398519558655724698,1839030,1398519558226,-0.021896362,-9.86676,0.42990112
1398519558660882169,1839041,1398519558237,0.031661987,-9.903656,0.4644165
1398519558666192227,1839041,1398519558237,0.010238647,-9.86319,0.41323853
1398519558670342618,1839049,1398519558244,0.013809204,-9.873901,0.43823242
1398519558675561124,1839049,1398519558245,-0.0135650635,-9.909607,0.44656372
1398519558681634122,1839061,1398519558257,0.022140503,-9.923889,0.40371704
1398519558686944180,1839061,1398519558257,0.012619019,-9.872711,0.45846558
1398519558690514737,1839068,1398519558264,-0.004043579,-9.859619,0.46084595
1398519558695550137,1839071,1398519558266,0.020950317,-9.857239,0.3894348
1398519558700677090,1839080,1398519558276,0.016189575,-9.7977295,0.49179077
1398519558706048184,1839080,1398519558276,0.010238647,-9.871521,0.41323853
1398519558711205655,1839091,1398519558287,0.023330688,-9.86795,0.40490723
1398519558716515714,1839091,1398519558287,0.02809143,-9.856049,0.4239502
1398519558720788174,1839100,1398519558296,0.01737976,-9.900085,0.47631836
1398519558726189786,1839100,1398519558296,0.031661987,-9.873901,0.4656067
1398519558731377774,1839111,1398519558307,0.03642273,-9.857239,0.39419556
1398519558736626798,1839111,1398519558307,0.026901245,-9.890564,0.39657593
1398519558740960294,1839121,1398519558317,0.03642273,-9.850098,0.39657593
1398519558746300870,1839121,1398519558317,0.012619019,-9.846527,0.42752075
1398519558751000577,1839131,1398519558326,0.029281616,-9.909607,0.45013428
1398519558756402188,1839131,1398519558327,0.0388031,-9.911987,0.39657593
1398519558761193448,1839141,1398519558336,0.031661987,-9.886993,0.43585205
1398519558766595059,1839141,1398519558337,0.024520874,-9.869141,0.42037964
1398519558771233731,1839151,1398519558346,0.048324585,-9.92746,0.39300537
1398519558776696378,1839151,1398519558347,0.009048462,-9.888184,0.4560852
1398519558781396085,1839161,1398519558357,0.022140503,-9.946503,0.4060974
1398519558786706143,1839161,1398519558357,0.03404236,-9.878662,0.48703003
1398519558791466885,1839171,1398519558367,0.07093811,-9.79892,0.42752075
1398519558796899014,1839171,1398519558367,0.06022644,-9.858429,0.40490723
1398519558801598721,1839181,1398519558377,0.061416626,-9.840576,0.4144287
1398519558806878262,1839181,1398519558377,0.02571106,-9.8298645,0.4489441
1398519558811516934,1839191,1398519558387,0.011428833,-9.831055,0.33587646
1398519558816979581,1839191,1398519558387,-0.030227661,-9.8941345,0.3894348
1398519558821770840,1839201,1398519558397,0.012619019,-9.889374,0.4489441
1398519558827080899,1839202,1398519558397,0.01499939,-9.884613,0.43585205
1398519558831628018,1839211,1398519558407,0.0388031,-9.871521,0.5215454
1398519558837060147,1839211,1398519558407,-0.018325806,-9.886993,0.38586426
1398519558842065030,1839222,1398519558417,-0.018325806,-9.886993,0.38586426
1398519558847344571,1839222,1398519558417,0.037612915,-9.92746,0.4656067
1398519558851739102,1839231,1398519558427,0.037612915,-9.92746,0.4656067
1398519558857110196,1839231,1398519558427,-0.01713562,-9.845337,0.4572754
1398519558862298184,1839242,1398519558437,7.171631E-4,-9.844147,0.47155762
1398519558867516690,1839242,1398519558438,0.06260681,-9.816772,0.37277222
1398519558871880704,1839251,1398519558447,-0.01713562,-9.904846,0.5048828
1398519558877251798,1839251,1398519558447,0.048324585,-9.906036,0.4572754
1398519558882439786,1839262,1398519558458,0.007858276,-9.86438,0.4727478
1398519558887658292,1839262,1398519558458,0.012619019,-9.827484,0.42156982
1398519558892022305,1839271,1398519558467,0.01737976,-9.828674,0.4882202
1398519558897393399,1839271,1398519558467,0.05784607,-9.902466,0.42633057
1398519558902581387,1839282,1398519558478,0.050704956,-9.850098,0.5144043
1398519558907799893,1839282,1398519558478,0.039993286,-9.831055,0.46084595
1398519558912163907,1839292,1398519558487,0.022140503,-9.906036,0.4560852
1398519558917535001,1839292,1398519558487,-0.020706177,-9.840576,0.44656372
1398519558922722989,1839302,1398519558498,0.006668091,-9.86557,0.45489502
1398519558928033048,1839303,1398519558498,0.012619019,-9.883423,0.43466187
1398519558932336026,1839312,1398519558507,7.171631E-4,-9.891754,0.40371704
1398519558937707120,1839312,1398519558507,0.030471802,-9.86676,0.4144287
1398519558942864590,1839323,1398519558519,0.03404236,-9.853668,0.46084595
1398519558947961026,1839323,1398519558519,0.018569946,-9.885803,0.4072876
1398519558952325040,1839328,1398519558523,0.048324585,-9.858429,0.3894348
1398519558957360440,1839333,1398519558528,0.08403015,-9.826294,0.46798706
1398519558962395840,1839338,1398519558533,-0.012374878,-9.884613,0.39419556
1398519558967431241,1839343,1398519558538,-0.004043579,-9.856049,0.4156189
1398519558972466641,1839348,1398519558543,0.0388031,-9.819153,0.44299316
1398519558977502042,1839353,1398519558549,0.050704956,-9.885803,0.47750854
1398519558982537442,1839362,1398519558557,0.030471802,-9.883423,0.49417114
1398519558987816983,1839362,1398519558558,0.0471344,-9.86676,0.40966797
1398519558993523770,1839373,1398519558569,0.018569946,-9.860809,0.35372925
1398519558998742276,1839373,1398519558569,0.030471802,-9.860809,0.48345947
1398519559002740079,1839382,1398519558577,0.032852173,-9.873901,0.38586426
1398519559007897549,1839382,1398519558578,0.020950317,-9.911987,0.4656067
1398519559013756924,1839393,1398519558589,0.037612915,-9.859619,0.40014648
1398519559018975430,1839394,1398519558589,0.009048462,-9.940552,0.4965515
1398519559022820645,1839402,1398519558597,0.016189575,-9.856049,0.5001221
1398519559028039151,1839402,1398519558598,0.0471344,-9.892944,0.40014648
1398519559034142667,1839414,1398519558609,-0.009994507,-9.875092,0.4322815
1398519559039361173,1839414,1398519558610,0.018569946,-9.840576,0.45251465
1398519559042962247,1839421,1398519558616,0.07450867,-9.878662,0.390625
1398519559048028165,1839422,1398519558618,0.035232544,-9.835815,0.44299316
1398519559054162198,1839434,1398519558629,-0.029037476,-9.876282,0.473938
1398519559059380704,1839434,1398519558629,0.030471802,-9.850098,0.50250244
1398519559063134366,1839441,1398519558637,0.029281616,-9.842957,0.47512817
1398519559068291837,1839443,1398519558638,0.039993286,-9.898895,0.47036743
1398519559073785001,1839453,1398519558649,0.02809143,-9.819153,0.41204834
1398519559079064542,1839454,1398519558649,-0.011184692,-9.891754,0.45251465
1398519559083367520,1839463,1398519558658,0.007858276,-9.80368,0.42514038
1398519559088738614,1839463,1398519558658,0.063797,-9.870331,0.4239502
1398519559093957120,1839474,1398519558669,0.01737976,-9.847717,0.45489502
1398519559099236661,1839474,1398519558669,0.06260681,-9.879852,0.4322815
1398519559103478604,1839483,1398519558678,0.01499939,-9.847717,0.45965576
1398519559108849698,1839483,1398519558679,0.01737976,-9.817963,0.5132141
1398519559114129239,1839494,1398519558689,0.020950317,-9.879852,0.4144287
1398519559119439298,1839494,1398519558690,-0.02784729,-9.848907,0.45370483
1398519559123650723,1839503,1398519558699,-0.02784729,-9.848907,0.45370483
1398519559129021817,1839503,1398519558699,0.01737976,-9.901276,0.43585205
1398519559134209805,1839514,1398519558709,0.04118347,-9.878662,0.473938
1398519559139519864,1839514,1398519558710,0.04118347,-9.892944,0.52630615
1398519559143792325,1839523,1398519558719,0.04118347,-9.892944,0.52630615
1398519559149132901,1839523,1398519558719,0.04475403,-9.886993,0.42037964
1398519559154473477,1839534,1398519558730,7.171631E-4,-9.859619,0.42871094
1398519559159691983,1839534,1398519558730,0.009048462,-9.933411,0.4644165
1398519559163964444,1839543,1398519558739,0.029281616,-9.846527,0.36920166
1398519559169274503,1839543,1398519558739,0.035232544,-9.8810425,0.42871094
1398519559174615079,1839555,1398519558751,0.04118347,-9.882233,0.34420776
1398519559179833585,1839555,1398519558751,0.020950317,-9.871521,0.42514038
1398519559184338277,1839561,1398519558757,0.061416626,-9.871521,0.4394226
1398519559189343160,1839563,1398519558759,0.024520874,-9.828674,0.4310913
1398519559195660299,1839575,1398519558770,0.056655884,-9.904846,0.41323853
1398519559200878805,1839575,1398519558771,0.024520874,-9.898895,0.3656311
1398519559204479879,1839582,1398519558777,0.09236145,-9.885803,0.43347168
1398519559209545797,1839583,1398519558779,0.013809204,-9.876282,0.47036743
1398519559215649312,1839595,1398519558791,0.010238647,-9.851288,0.47988892
1398519559220928853,1839595,1398519558791,0.009048462,-9.809631,0.4477539
1398519559224590963,1839602,1398519558798,0.031661987,-9.898895,0.4906006
1398519559229748433,1839604,1398519558799,0.007858276,-9.8619995,0.36801147
1398519559235485738,1839615,1398519558810,0.045944214,-9.858429,0.46322632
1398519559240795797,1839615,1398519558811,-0.001663208,-9.875092,0.5144043
1398519559244763082,1839624,1398519558819,0.059036255,-9.911987,0.45489502
1398519559249951070,1839624,1398519558819,0.04118347,-9.821533,0.4882202
1398519559255901998,1839635,1398519558831,-0.00642395,-9.869141,0.49893188
1398519559261212057,1839635,1398519558831,0.024520874,-9.854858,0.45489502
1398519559264904683,1839642,1398519558838,0.01499939,-9.86438,0.46322632
1398519559270031637,1839644,1398519558840,0.0388031,-9.883423,0.46917725
1398519559275677389,1839655,1398519558851,0.06736755,-9.86438,0.45489502
1398519559280987447,1839655,1398519558851,0.02809143,-9.80011,0.45013428
1398519559285046285,1839659,1398519558855,0.010238647,-9.851288,0.42633057
1398519559291058248,1839671,1398519558867,0.022140503,-9.884613,0.39419556
1398519559296276754,1839671,1398519558867,0.04475403,-9.86795,0.44418335
1398519559300121969,1839675,1398519558871,0.013809204,-9.919128,0.45132446
1398519559305157369,1839680,1398519558876,0.013809204,-9.856049,0.43466187
1398519559310314840,1839689,1398519558885,0.080459595,-9.933411,0.41918945
1398519559315655416,1839689,1398519558885,0.06498718,-9.844147,0.4072876
1398519559320965475,1839701,1398519558897,0.018569946,-9.852478,0.42752075
1398519559326153463,1839701,1398519558897,0.03404236,-9.820343,0.42514038
1398519559330364889,1839707,1398519558903,0.056655884,-9.896515,0.44180298
1398519559335369771,1839709,1398519558905,0.029281616,-9.891754,0.42156982
1398519559341686910,1839721,1398519558917,0.056655884,-9.884613,0.49179077
1398519559346874898,1839721,1398519558917,0.007858276,-9.92746,0.41085815
1398519559350506490,1839728,1398519558923,0.010238647,-9.875092,0.38467407
1398519559355633443,1839731,1398519558926,-0.0052337646,-9.844147,0.45251465
1398519559360668844,1839740,1398519558935,0.029281616,-9.816772,0.473938
1398519559366070455,1839740,1398519558936,0.0388031,-9.848907,0.48464966
1398519559371197408,1839751,1398519558946,0.031661987,-9.877472,0.39538574
1398519559376507467,1839751,1398519558947,0.02571106,-9.870331,0.3834839
1398519559380688375,1839760,1398519558955,0.031661987,-9.885803,0.51678467
1398519559385906881,1839760,1398519558955,0.006668091,-9.827484,0.47036743
1398519559391827291,1839771,1398519558967,0.023330688,-9.871521,0.40014648
1398519559397106832,1839771,1398519558967,0.042373657,-9.892944,0.40966797
1398519559400860494,1839778,1398519558974,0.042373657,-9.892944,0.40966797
1398519559406017965,1839781,1398519558977,0.02571106,-9.835815,0.4822693
1398519559410900777,1839790,1398519558985,-0.008804321,-9.86795,0.48464966
1398519559416210836,1839790,1398519558986,0.04118347,-9.839386,0.42990112
1398519559421887105,1839802,1398519558998,0.032852173,-9.903656,0.45965576
1398519559427502340,1839802,1398519558998,-0.009994507,-9.844147,0.40847778
1398519559431042379,1839807,1398519559002,-0.009994507,-9.844147,0.40847778
1398519559436077779,1839810,1398519559005,0.04475403,-9.86795,0.4882202
1398519559442394918,1839822,1398519559017,0.012619019,-9.92746,0.41799927
1398519559447582906,1839822,1398519559017,0.022140503,-9.896515,0.46203613
1398519559451214498,1839829,1398519559024,0.056655884,-9.877472,0.46203613
1398519559456341451,1839830,1398519559026,0.029281616,-9.888184,0.5001221
1398519559462048238,1839841,1398519559037,0.02571106,-9.859619,0.41680908
1398519559467236226,1839841,1398519559037,-0.001663208,-9.841766,0.473938
1398519559471447652,1839852,1398519559047,0.020950317,-9.878662,0.42037964
1398519559476696676,1839852,1398519559047,0.007858276,-9.847717,0.44299316
1398519559481426900,1839859,1398519559055,-0.004043579,-9.860809,0.5155945
1398519559486614889,1839860,1398519559056,-0.004043579,-9.856049,0.43704224
1398519559492718404,1839872,1398519559068,-0.032608032,-9.884613,0.47155762
1398519559497936910,1839872,1398519559068,0.05189514,-9.873901,0.40847778
1398519559501568502,1839879,1398519559074,0.0471344,-9.847717,0.38705444
1398519559506634420,1839880,1398519559076,0.011428833,-9.903656,0.5036926
1398519559512890523,1839892,1398519559088,0.030471802,-9.915558,0.4822693
1398519559518170064,1839892,1398519559088,-0.0028533936,-9.869141,0.4810791
1398519559521679586,1839899,1398519559094,0.020950317,-9.860809,0.4477539
1398519559526714986,1839900,1398519559096,0.032852173,-9.844147,0.3894348
1398519559533032125,1839912,1398519559108,0.02809143,-9.847717,0.41918945
1398519559538311666,1839913,1398519559108,-0.015945435,-9.813202,0.47036743
1398519559541821187,1839919,1398519559115,0.03404236,-9.816772,0.4322815
1398519559546856588,1839921,1398519559117,0.0554657,-9.844147,0.42156982
1398519559552929586,1839933,1398519559129,0.043563843,-9.846527,0.4394226
1398519559558087057,1839933,1398519559129,0.03404236,-9.8941345,0.37158203
1398519559561962789,1839937,1398519559133,0.037612915,-9.86319,0.42514038
1398519559566998189,1839941,1398519559137,0.043563843,-9.884613,0.45965576
1398519559572979635,1839952,1398519559148,0.018569946,-9.86795,0.46322632
1398519559578167623,1839952,1398519559148,0.035232544,-9.8619995,0.41680908
1398519559582104391,1839957,1398519559153,0.037612915,-9.890564,0.4644165
1398519559587139791,1839961,1398519559157,0.039993286,-9.876282,0.48703003
1398519559593273824,1839973,1398519559168,0.018569946,-9.885803,0.5239258
1398519559598461812,1839973,1398519559168,0.059036255,-9.840576,0.46679688
1398519559602245992,1839981,1398519559177,0.042373657,-9.877472,0.4310913
1398519559607433980,1839982,1398519559177,7.171631E-4,-9.823914,0.4810791
1398519559612896627,1839992,1398519559188,0.0554657,-9.821533,0.45489502
1398519559618084615,1839992,1398519559188,-0.004043579,-9.856049,0.42752075
1398519559622509664,1840002,1398519559198,0.048324585,-9.848907,0.38467407
1398519559628094381,1840002,1398519559198,0.04951477,-9.86319,0.4239502
1398519559632641500,1840012,1398519559208,0.02571106,-9.903656,0.4394226
1398519559638195699,1840012,1398519559208,0.053085327,-9.851288,0.4060974
1398519559642712301,1840022,1398519559218,0.02809143,-9.847717,0.4406128
1398519559648113912,1840022,1398519559218,0.032852173,-9.896515,0.50250244
1398519559653149312,1840032,1398519559228,-0.0135650635,-9.882233,0.45846558
1398519559658367818,1840033,1398519559228,0.010238647,-9.834625,0.506073
1398519559662792867,1840042,1398519559237,0.06736755,-9.914368,0.43704224
1398519559668194478,1840042,1398519559238,0.010238647,-9.846527,0.44656372
1398519559673351949,1840053,1398519559248,0.0019073486,-9.840576,0.45013428
1398519559678631490,1840053,1398519559248,0.02571106,-9.92984,0.43466187
1398519559682934469,1840062,1398519559258,0.02571106,-9.92984,0.43466187
1398519559688305562,1840062,1398519559258,0.0554657,-9.889374,0.45489502
1398519559693524068,1840073,1398519559268,0.03642273,-9.871521,0.42276
1398519559698803609,1840073,1398519559269,0.023330688,-9.845337,0.44299316
1398519559703076070,1840082,1398519559278,0.023330688,-9.845337,0.44299316
1398519559708447164,1840082,1398519559278,0.0054779053,-9.86795,0.4882202
1398519559713635152,1840093,1398519559289,0.016189575,-9.886993,0.44418335
1398519559718914693,1840093,1398519559289,0.010238647,-9.892944,0.39538574
1398519559723217672,1840102,1398519559298,0.010238647,-9.892944,0.39538574
1398519559728588766,1840102,1398519559298,0.0042877197,-9.872711,0.44180298
1398519559733746236,1840113,1398519559309,0.042373657,-9.889374,0.506073
1398519559738964742,1840113,1398519559309,0.04118347,-9.8013,0.3977661
1398519559743359273,1840122,1398519559318,0.05189514,-9.845337,0.45846558
1398519559748699850,1840123,1398519559318,0.037612915,-9.851288,0.46203613
1398519559753918355,1840133,1398519559329,0.06736755,-9.872711,0.45132446
1398519559759136861,1840133,1398519559329,0.042373657,-9.854858,0.5036926
1398519559763500875,1840143,1398519559338,0.019760132,-9.907227,0.4477539
1398519559768841451,1840143,1398519559338,0.026901245,-9.838196,0.46203613
1398519559774151510,1840153,1398519559349,0.035232544,-9.850098,0.51797485
1398519559779339498,1840154,1398519559349,0.043563843,-9.892944,0.40490723
1398519559783672994,1840163,1398519559358,-0.0028533936,-9.884613,0.45965576
1398519559789013570,1840163,1398519559358,-0.04689026,-9.852478,0.48345947
1398519559794201558,1840173,1398519559369,0.01737976,-9.910797,0.46322632
1398519559799389547,1840174,1398519559369,0.061416626,-9.815582,0.44180298
1398519559803814596,1840183,1398519559379,0.029281616,-9.873901,0.37158203
1398519559809185689,1840183,1398519559379,-4.7302246E-4,-9.86676,0.4644165
1398519559814343160,1840194,1398519559389,-0.015945435,-9.854858,0.40847778
1398519559819622701,1840194,1398519559389,0.080459595,-9.86319,0.41085815
1398519559823956197,1840203,1398519559399,0.043563843,-9.882233,0.4977417
1398519559829327291,1840203,1398519559399,0.026901245,-9.876282,0.42752075
1398519559834484762,1840214,1398519559409,0.019760132,-9.895325,0.4477539
1398519559839764303,1840214,1398519559410,-0.0028533936,-9.852478,0.45013428
1398519559844067281,1840223,1398519559419,0.019760132,-9.833435,0.49179077
1398519559849438375,1840223,1398519559419,0.010238647,-9.825104,0.39300537
1398519559854626363,1840234,1398519559430,0.06617737,-9.910797,0.3834839
1398519559859875387,1840234,1398519559430,-0.012374878,-9.860809,0.41918945
1398519559864208883,1840243,1398519559439,-0.0076141357,-9.837006,0.46203613
1398519559869579976,1840243,1398519559439,0.03642273,-9.870331,0.390625
1398519559874737447,1840254,1398519559450,0.053085327,-9.872711,0.44656372
1398519559879986471,1840254,1398519559450,0.02809143,-9.860809,0.40966797
1398519559884350484,1840263,1398519559459,0.0019073486,-9.860809,0.40490723
1398519559889721578,1840264,1398519559459,-0.02784729,-9.853668,0.43585205
1398519559894909566,1840274,1398519559470,0.018569946,-9.871521,0.4810791
1398519559900097555,1840274,1398519559470,0.024520874,-9.908417,0.42514038
1398519559904522603,1840284,1398519559479,0.06617737,-9.853668,0.37991333
1398519559909863180,1840284,1398519559479,0.030471802,-9.8810425,0.41323853
1398519559915081685,1840294,1398519559490,0.013809204,-9.907227,0.42276
1398519559920269674,1840295,1398519559490,0.05189514,-9.856049,0.390625
1398519559924664205,1840304,1398519559499,0.018569946,-9.871521,0.46917725
1398519559930004781,1840304,1398519559499,-0.009994507,-9.892944,0.4656067
1398519559935223287,1840315,1398519559510,0.020950317,-9.885803,0.4322815
1398519559940441793,1840315,1398519559510,0.030471802,-9.860809,0.44418335
1398519559944653219,1840321,1398519559516,0.019760132,-9.871521,0.46203613
1398519559949688619,1840326,1398519559521,0.006668091,-9.86438,0.45251465
1398519559954724019,1840330,1398519559525,0.02809143,-9.833435,0.47750854
1398519559959881490,1840339,1398519559535,0.019760132,-9.851288,0.40371704
1398519559965283101,1840339,1398519559535,-0.0052337646,-9.920319,0.44299316
1398519559970379537,1840350,1398519559545,0.02571106,-9.875092,0.35134888
1398519559975689596,1840350,1398519559546,0.0054779053,-9.827484,0.4477539
1398519559980053609,1840359,1398519559555,0.0054779053,-9.827484,0.4477539
1398519559985424703,1840359,1398519559555,0.012619019,-9.870331,0.3739624
1398519559990582174,1840371,1398519559567,0.012619019,-9.870331,0.3739624
1398519559995892232,1840371,1398519559567,-0.004043579,-9.820343,0.45489502
1398519560000073141,1840377,1398519559573,-0.004043579,-9.820343,0.45489502
1398519560005078023,1840379,1398519559574,0.063797,-9.857239,0.45489502
1398519560010723775,1840391,1398519559586,0.061416626,-9.854858,0.40966797
1398519560016033834,1840391,1398519559587,0.07569885,-9.858429,0.39300537
1398519560020214742,1840397,1398519559593,-0.0028533936,-9.850098,0.42037964
1398519560025219625,1840399,1398519559594,7.171631E-4,-9.890564,0.3894348
1398519560031079000,1840411,1398519559606,0.030471802,-9.917938,0.4560852
1398519560036328023,1840411,1398519559606,0.032852173,-9.859619,0.48464966
1398519560040325826,1840419,1398519559615,0.0554657,-9.873901,0.4489441
1398519560045574850,1840420,1398519559615,0.0471344,-9.833435,0.48583984
1398519560050549215,1840430,1398519559625,0.054275513,-9.8941345,0.43347168
1398519560055889791,1840430,1398519559625,0.009048462,-9.871521,0.42871094
1398519560061077779,1840441,1398519559637,-0.015945435,-9.876282,0.45965576
1398519560066326803,1840441,1398519559637,0.02809143,-9.838196,0.4156189
1398519560070538228,1840448,1398519559644,0.026901245,-9.92984,0.4310913
1398519560075726217,1840449,1398519559645,0.016189575,-9.873901,0.39300537
1398519560081890767,1840461,1398519559657,0.007858276,-9.848907,0.4477539
1398519560087109273,1840461,1398519559657,-0.019515991,-9.896515,0.49417114
1398519560090679830,1840468,1398519559664,0.018569946,-9.806061,0.36444092
1398519560095745748,1840471,1398519559666,0.022140503,-9.871521,0.47036743
1398519560100872701,1840480,1398519559676,0.019760132,-9.878662,0.43347168
1398519560106274312,1840480,1398519559676,-0.012374878,-9.854858,0.40490723
1398519560111431783,1840491,1398519559686,0.039993286,-9.835815,0.5239258
1398519560116741842,1840491,1398519559687,0.026901245,-9.845337,0.44299316
1398519560121014303,1840501,1398519559696,0.056655884,-9.860809,0.47750854
1398519560126446432,1840501,1398519559697,0.091171265,-9.80011,0.41799927
1398519560131085103,1840510,1398519559706,0.0471344,-9.885803,0.41323853
1398519560136486715,1840510,1398519559706,0.039993286,-9.890564,0.45489502
1398519560141644185,1840521,1398519559717,0.02809143,-9.825104,0.4156189
1398519560147076314,1840521,1398519559717,0.009048462,-9.895325,0.3572998
1398519560151135152,1840531,1398519559727,0.061416626,-9.856049,0.40490723
1398519560156414693,1840531,1398519559727,0.039993286,-9.847717,0.35968018
1398519560161297506,1840541,1398519559736,0.0054779053,-9.858429,0.46203613
1398519560166699117,1840541,1398519559737,-0.014755249,-9.889374,0.40847778
1398519560171398824,1840551,1398519559747,0.012619019,-9.804871,0.47750854
1398519560176800435,1840551,1398519559747,0.030471802,-9.86795,0.49298096
1398519560181530660,1840561,1398519559756,0.04951477,-9.886993,0.42633057
1398519560186962789,1840561,1398519559757,0.059036255,-9.870331,0.42871094
1398519560191693014,1840571,1398519559767,-0.012374878,-9.9131775,0.3918152
1398519560196942037,1840571,1398519559767,0.006668091,-9.911987,0.38824463
1398519560201458639,1840587,1398519559782,0.009048462,-9.8298645,0.41918945
1398519560206494039,1840587,1398519559783,0.026901245,-9.834625,0.4072876
1398519560211529439,1840587,1398519559783,0.050704956,-9.860809,0.43585205
1398519560216564840,1840626,1398519559821,0.026901245,-9.851288,0.42514038
1398519560221813863,1840626,1398519559821,-0.04093933,-9.86319,0.4894104
1398519560226666158,1840626,1398519559821,0.0042877197,-9.8298645,0.37753296
1398519560231671041,1840626,1398519559822,0.031661987,-9.902466,0.45489502
1398519560236706441,1840626,1398519559822,0.0388031,-9.879852,0.4239502
1398519560241741842,1840626,1398519559822,-0.020706177,-9.851288,0.43585205
1398519560246777242,1840627,1398519559822,0.104263306,-9.856049,0.42752075
1398519560251812642,1840627,1398519559822,-0.03617859,-9.857239,0.43585205
1398519560256848043,1840665,1398519559861,-0.0028533936,-9.888184,0.41204834
1398519560261883443,1840665,1398519559861,0.03404236,-9.839386,0.42633057
1398519560266827291,1840665,1398519559861,-0.0052337646,-9.846527,0.3989563
1398519560271862691,1840665,1398519559861,-0.0052337646,-9.877472,0.44299316
1398519560276898092,1840665,1398519559861,0.07331848,-9.860809,0.46084595
1398519560281933492,1840665,1398519559861,0.039993286,-9.848907,0.42276
1398519560286968892,1840665,1398519559861,0.010238647,-9.876282,0.45013428
1398519560292004293,1840665,1398519559861,0.04118347,-9.846527,0.4322815
1398519560297039693,1840685,1398519559880,-0.008804321,-9.884613,0.49298096
1398519560302075094,1840685,1398519559880,-4.7302246E-4,-9.871521,0.41680908
1398519560307110494,1840685,1398519559880,-0.037368774,-9.910797,0.41204834
1398519560312145894,1840685,1398519559881,0.04951477,-9.860809,0.37872314
1398519560317181295,1840690,1398519559886,0.022140503,-9.886993,0.4322815
1398519560322216695,1840695,1398519559891,0.023330688,-9.883423,0.44180298
1398519560327252096,1840700,1398519559896,0.032852173,-9.870331,0.42156982
1398519560332287496,1840705,1398519559901,-0.0052337646,-9.879852,0.41799927
1398519560337322896,1840710,1398519559906,0.016189575,-9.846527,0.4822693
1398519560342358297,1840715,1398519559911,-0.0052337646,-9.875092,0.4489441
1398519560347393697,1840720,1398519559916,7.171631E-4,-9.838196,0.45251465
1398519560352429098,1840725,1398519559921,0.03642273,-9.821533,0.43585205
1398519560357464498,1840730,1398519559926,0.007858276,-9.860809,0.4489441
1398519560362499898,1840735,1398519559931,0.0471344,-9.86319,0.44418335
1398519560367535299,1840740,1398519559936,-0.012374878,-9.906036,0.44180298
1398519560372570699,1840746,1398519559941,0.050704956,-9.827484,0.4560852
1398519560377606100,1840751,1398519559946,0.013809204,-9.860809,0.43823242
1398519560382641500,1840756,1398519559951,0.048324585,-9.93222,0.44299316
1398519560387676900,1840761,1398519559956,0.035232544,-9.844147,0.46322632
1398519560392712301,1840766,1398519559961,-0.008804321,-9.897705,0.5072632
1398519560397747701,1840771,1398519559966,0.018569946,-9.844147,0.48703003
1398519560402783101,1840776,1398519559971,0.042373657,-9.891754,0.43704224
1398519560407818502,1840781,1398519559976,0.024520874,-9.851288,0.40133667
1398519560412853902,1840786,1398519559981,0.013809204,-9.853668,0.3501587
1398519560417889303,1840791,1398519559986,0.018569946,-9.870331,0.40847778
1398519560422924703,1840796,1398519559991,-0.015945435,-9.851288,0.43823242
1398519560427960103,1840801,1398519559997,0.045944214,-9.854858,0.4656067
1398519560432995504,1840806,1398519560002,-0.015945435,-9.854858,0.4477539
1398519560438030904,1840811,1398519560007,0.07569885,-9.872711,0.38586426
1398519560443066305,1840816,1398519560012,0.054275513,-9.922699,0.44418335
1398519560448101705,1840821,1398519560017,-4.7302246E-4,-9.883423,0.4394226
1398519560453137105,1840826,1398519560022,0.0471344,-9.857239,0.35849
1398519560458172506,1840831,1398519560027,0.006668091,-9.914368,0.40966797
1398519560463207906,1840836,1398519560032,0.01737976,-9.889374,0.4489441
1398519560468243307,1840841,1398519560037,0.024520874,-9.841766,0.45846558
1398519560473278707,1840846,1398519560042,0.013809204,-9.870331,0.40014648
1398519560478314107,1840852,1398519560047,0.045944214,-9.882233,0.5048828
1398519560483349508,1840857,1398519560052,0.056655884,-9.877472,0.38586426
1398519560488384908,1840862,1398519560057,0.012619019,-9.842957,0.42752075
1398519560493420308,1840867,1398519560062,0.0388031,-9.839386,0.44537354
1398519560498455709,1840872,1398519560067,0.013809204,-9.883423,0.39419556
1398519560503491109,1840877,1398519560072,0.042373657,-9.850098,0.4394226
1398519560508526510,1840884,1398519560079,0.030471802,-9.858429,0.4489441
1398519560513561910,1840890,1398519560086,0.016189575,-9.853668,0.47750854
1398519560518688863,1840896,1398519560092,0.048324585,-9.853668,0.44418335
1398519560523724264,1840897,1398519560093,0.026901245,-9.882233,0.42990112
1398519560528759664,1840905,1398519560100,0.035232544,-9.8619995,0.45489502
1398519560533795064,1840909,1398519560104,0.08998108,-9.870331,0.46679688
1398519560538830465,1840916,1398519560111,0.006668091,-9.86795,0.42990112
1398519560543957418,1840919,1398519560114,0.061416626,-9.853668,0.48345947
1398519560548901266,1840926,1398519560121,0.029281616,-9.882233,0.51678467
1398519560554028219,1840929,1398519560125,0.0019073486,-9.854858,0.48583984
1398519560558972066,1840934,1398519560130,0.006668091,-9.907227,0.42633057
1398519560564007467,1840939,1398519560135,0.0054779053,-9.888184,0.43704224
1398519560569073385,1840946,1398519560142,0.02809143,-9.854858,0.44299316
1398519560574169820,1840949,1398519560145,0.063797,-9.847717,0.390625
1398519560579113668,1840956,1398519560152,0.069747925,-9.847717,0.4489441
1398519560584240621,1840959,1398519560155,0.063797,-9.9453125,0.49179077
1398519560589245504,1840966,1398519560162,0.022140503,-9.854858,0.38110352
1398519560594311422,1840969,1398519560165,0.03642273,-9.851288,0.45846558
1398519560599316305,1840976,1398519560172,-0.015945435,-9.847717,0.36444092
1398519560604412740,1840978,1398519560174,0.063797,-9.837006,0.4394226
1398519560609326070,1840985,1398519560180,0.01499939,-9.888184,0.41204834
1398519560614361471,1840989,1398519560185,0.06736755,-9.86438,0.4977417
1398519560619457906,1840996,1398519560192,-0.001663208,-9.826294,0.47155762
1398519560624523824,1840998,1398519560194,-0.011184692,-9.885803,0.42990112
1398519560629528707,1841007,1398519560202,0.0030975342,-9.859619,0.43347168
1398519560634625142,1841008,1398519560204,0.04475403,-9.806061,0.4656067
1398519560639538473,1841014,1398519560210,0.0554657,-9.885803,0.37753296
1398519560644573873,1841020,1398519560216,-0.014755249,-9.884613,0.43347168
1398519560649639791,1841027,1398519560223,0.0054779053,-9.846527,0.46322632
1398519560654797262,1841029,1398519560224,0.050704956,-9.847717,0.41323853
1398519560659680074,1841038,1398519560233,0.06260681,-9.884613,0.4477539
1398519560664868062,1841039,1398519560234,0.024520874,-9.886993,0.46084595
1398519560670117086,1841049,1398519560245,0.022140503,-9.854858,0.4406128
1398519560675335592,1841050,1398519560245,-0.008804321,-9.882233,0.3894348
1398519560679974264,1841059,1398519560255,0.063797,-9.873901,0.46917725
1398519560685345357,1841059,1398519560255,-0.051651,-9.901276,0.46798706
1398519560690502828,1841070,1398519560266,0.03642273,-9.896515,0.30969238
1398519560695782369,1841070,1398519560266,0.06022644,-9.857239,0.40490723
1398519560700115865,1841079,1398519560275,0.04475403,-9.840576,0.47750854
1398519560705456441,1841079,1398519560275,0.02571106,-9.857239,0.40490723
1398519560710156148,1841089,1398519560285,0.039993286,-9.891754,0.40371704
1398519560715496725,1841089,1398519560285,0.03404236,-9.876282,0.39538574
1398519560720715230,1841101,1398519560296,0.016189575,-9.877472,0.506073
1398519560725964254,1841101,1398519560297,0.035232544,-9.885803,0.47155762
1398519560730175680,1841107,1398519560303,-4.7302246E-4,-9.890564,0.40252686
1398519560735211080,1841109,1398519560305,0.0471344,-9.848907,0.45132446
1398519560741223043,1841121,1398519560316,0.032852173,-9.885803,0.4239502
1398519560746502584,1841121,1398519560316,0.020950317,-9.846527,0.45965576
1398519560750347799,1841128,1398519560324,-0.030227661,-9.8810425,0.42752075
1398519560755535787,1841132,1398519560327,0.018569946,-9.844147,0.51797485
1398519560760388082,1841136,1398519560331,0.059036255,-9.870331,0.46203613
1398519560765423482,1841141,1398519560336,0.03404236,-9.891754,0.4560852
1398519560770580953,1841150,1398519560345,-0.008804321,-9.878662,0.41323853
1398519560775952047,1841150,1398519560346,-0.009994507,-9.879852,0.4310913
1398519560781109517,1841162,1398519560357,0.07807922,-9.885803,0.40966797
1398519560786328023,1841162,1398519560358,0.0388031,-9.8810425,0.4394226
1398519560790717073,1841166,1398519560361,-0.009994507,-9.921509,0.4906006
1398519560795813508,1841175,1398519560370,0.0042877197,-9.886993,0.4322815
1398519560801123567,1841175,1398519560370,0.01499939,-9.885803,0.47631836
1398519560806647249,1841186,1398519560382,0.02809143,-9.888184,0.44418335
1398519560811865754,1841186,1398519560382,-4.7302246E-4,-9.854858,0.41918945
1398519560815924592,1841195,1398519560390,0.012619019,-9.873901,0.47988892
1398519560821112581,1841195,1398519560390,0.037612915,-9.879852,0.3751526
1398519560827094026,1841206,1398519560402,0.03404236,-9.890564,0.39538574
1398519560832312532,1841207,1398519560402,0.07093811,-9.901276,0.4560852
1398519560836035676,1841214,1398519560409,0.07093811,-9.901276,0.4560852
1398519560841193147,1841215,1398519560411,0.03642273,-9.856049,0.38467407
1398519560846686311,1841226,1398519560422,0.04475403,-9.896515,0.43704224
1398519560851965852,1841226,1398519560422,0.07331848,-9.8298645,0.39419556
1398519560856268831,1841235,1398519560431,0.07331848,-9.8298645,0.39419556
1398519560861639924,1841236,1398519560431,0.009048462,-9.871521,0.40133667
1398519560866858430,1841246,1398519560442,0.019760132,-9.895325,0.52511597
1398519560872137971,1841246,1398519560442,0.039993286,-9.859619,0.46917725
1398519560876440950,1841256,1398519560451,-0.0028533936,-9.8941345,0.42871094
1398519560881812044,1841256,1398519560451,0.024520874,-9.825104,0.44656372
1398519560886389680,1841261,1398519560456,0.0471344,-9.86319,0.43466187
1398519560892004915,1841271,1398519560467,0.023330688,-9.838196,0.45965576
1398519560897253938,1841272,1398519560467,0.030471802,-9.92984,0.5072632
1398519560901587434,1841282,1398519560477,0.05189514,-9.891754,0.47512817
1398519560906958528,1841282,1398519560477,0.023330688,-9.860809,0.46917725
1398519560911566682,1841291,1398519560487,0.045944214,-9.884613,0.39300537
1398519560916907258,1841291,1398519560487,0.06498718,-9.882233,0.46084595
1398519560922095247,1841302,1398519560498,0.059036255,-9.871521,0.47869873
1398519560927588411,1841302,1398519560498,-0.012374878,-9.851288,0.44299316
1398519560931708284,1841311,1398519560506,0.009048462,-9.845337,0.39419556
1398519560936896272,1841311,1398519560507,0.0030975342,-9.891754,0.42990112
1398519560942419954,1841322,1398519560518,0.0388031,-9.842957,0.43466187
1398519560947760530,1841322,1398519560518,0.05189514,-9.850098,0.40847778
1398519560951819368,1841331,1398519560527,0.018569946,-9.895325,0.473938
1398519560957007356,1841332,1398519560527,0.02571106,-9.815582,0.45132446
1398519560962164827,1841342,1398519560538,0.0471344,-9.92627,0.5132141
1398519560967932649,1841342,1398519560538,0.037612915,-9.841766,0.45132446
1398519560972022004,1841351,1398519560547,-0.0076141357,-9.906036,0.4977417
1398519560977301546,1841351,1398519560547,0.07093811,-9.872711,0.40847778
1398519560982947297,1841362,1398519560558,0.050704956,-9.895325,0.4322815
1398519560988104768,1841362,1398519560558,0.02571106,-9.860809,0.46322632
1398519560992224641,1841371,1398519560567,0.053085327,-9.870331,0.4822693
1398519560997534700,1841371,1398519560567,0.03642273,-9.8619995,0.45965576
1398519561002783723,1841382,1398519560578,0.020950317,-9.860809,0.3894348
1398519561008063264,1841382,1398519560578,0.022140503,-9.86438,0.47750854
1398519561012396760,1841392,1398519560587,0.04475403,-9.846527,0.42633057
1398519561017767854,1841392,1398519560587,0.026901245,-9.839386,0.4156189
1398519561022925325,1841402,1398519560598,0.06855774,-9.858429,0.46798706
1398519561028204866,1841403,1398519560598,0.02809143,-9.882233,0.46798706
1398519561032507844,1841412,1398519560607,0.030471802,-9.8619995,0.4644165
1398519561037848421,1841412,1398519560607,-0.015945435,-9.884613,0.4239502
1398519561043066926,1841422,1398519560618,0.0554657,-9.876282,0.42156982
1398519561048346467,1841423,1398519560618,0.013809204,-9.897705,0.44656372
1398519561052527376,1841428,1398519560623,0.0554657,-9.832245,0.41918945
1398519561057562776,1841431,1398519560627,0.026901245,-9.856049,0.42871094
1398519561063879915,1841442,1398519560638,0.037612915,-9.897705,0.4727478
1398519561068365999,1841442,1398519560638,0.0019073486,-9.910797,0.47036743
1398519561072668977,1841448,1398519560643,0.016189575,-9.903656,0.41085815
1398519561077704378,1841453,1398519560649,0.020950317,-9.897705,0.46084595
1398519561082739778,1841458,1398519560653,0.035232544,-9.8619995,0.43823242
1398519561087775178,1841463,1398519560659,0.026901245,-9.846527,0.47036743
1398519561092810579,1841472,1398519560667,0.04475403,-9.870331,0.50845337
1398519561098059602,1841472,1398519560667,0.023330688,-9.804871,0.46322632
1398519561104071565,1841483,1398519560679,0.0471344,-9.871521,0.4406128
1398519561109259553,1841484,1398519560679,0.03404236,-9.897705,0.4322815
1398519561112982698,1841490,1398519560686,0.03404236,-9.897705,0.4322815
1398519561118140169,1841492,1398519560688,-4.7302246E-4,-9.86676,0.42871094
1398519561123755403,1841503,1398519560699,0.0042877197,-9.86557,0.37158203
1398519561128943391,1841503,1398519560699,-0.00642395,-9.900085,0.473938
1398519561133246370,1841512,1398519560708,-0.00642395,-9.900085,0.473938
1398519561138617463,1841513,1398519560708,0.019760132,-9.895325,0.3751526
1398519561143805452,1841523,1398519560719,0.029281616,-9.882233,0.45846558
1398519561149054475,1841523,1398519560719,0.007858276,-9.854858,0.45013428
1398519561153357454,1841532,1398519560728,0.007858276,-9.854858,0.45013428
1398519561158728547,1841533,1398519560728,-0.02784729,-9.806061,0.35491943
1398519561163916536,1841543,1398519560739,-0.00642395,-9.841766,0.46322632
1398519561169196077,1841543,1398519560739,0.059036255,-9.856049,0.39657593
1398519561173499055,1841553,1398519560748,0.039993286,-9.847717,0.45965576
1398519561178870149,1841553,1398519560748,0.037612915,-9.86319,0.41918945
1398519561184058137,1841563,1398519560759,0.029281616,-9.884613,0.40371704
1398519561189307161,1841564,1398519560759,-0.0135650635,-9.840576,0.46798706
1398519561193640657,1841573,1398519560768,0.007858276,-9.900085,0.50845337
1398519561199042268,1841573,1398519560769,0.07807922,-9.860809,0.4644165
1398519561204199739,1841584,1398519560779,0.009048462,-9.915558,0.45370483
1398519561209387727,1841584,1398519560779,0.009048462,-9.857239,0.4906006
1398519561213812776,1841593,1398519560788,0.011428833,-9.844147,0.45846558
1398519561219153352,1841593,1398519560789,0.01737976,-9.816772,0.41323853
1398519561224371858,1841604,1398519560799,-0.0135650635,-9.840576,0.47512817
1398519561229559846,1841604,1398519560799,0.029281616,-9.842957,0.506073
1398519561233954378,1841613,1398519560809,0.007858276,-9.878662,0.42514038
1398519561239294954,1841613,1398519560809,0.030471802,-9.889374,0.42276
1398519561244513460,1841624,1398519560819,-4.7302246E-4,-9.858429,0.4406128
1398519561249701448,1841624,1398519560820,0.026901245,-9.858429,0.47631836
1398519561254095979,1841633,1398519560829,0.053085327,-9.869141,0.4477539
1398519561259436555,1841633,1398519560829,0.032852173,-9.888184,0.5048828
1398519561264685579,1841644,1398519560840,0.0019073486,-9.86676,0.4965515
1398519561269873567,1841644,1398519560840,0.024520874,-9.86676,0.45965576
1398519561274237581,1841653,1398519560849,0.013809204,-9.908417,0.4144287
1398519561279578157,1841653,1398519560849,-0.0135650635,-9.8619995,0.48345947
1398519561284766145,1841664,1398519560860,0.007858276,-9.847717,0.46084595
1398519561290045686,1841664,1398519560860,0.042373657,-9.816772,0.44299316
1398519561294348665,1841673,1398519560869,0.032852173,-9.8810425,0.41799927
1398519561299750276,1841674,1398519560869,-0.011184692,-9.845337,0.47036743
1398519561304907747,1841684,1398519560880,0.0030975342,-9.882233,0.43823242
1398519561310156770,1841684,1398519560880,0.05189514,-9.8619995,0.40490723
1398519561314490266,1841694,1398519560889,0.054275513,-9.903656,0.45846558
1398519561319861360,1841694,1398519560889,0.029281616,-9.813202,0.42156982
1398519561325018831,1841704,1398519560900,0.039993286,-9.859619,0.41323853
1398519561330298372,1841705,1398519560900,0.07450867,-9.859619,0.47631836
1398519561334631868,1841714,1398519560909,0.03642273,-9.841766,0.45846558
1398519561340002962,1841714,1398519560909,0.0019073486,-9.920319,0.42276
1398519561345160432,1841725,1398519560920,0.0471344,-9.86676,0.3989563
1398519561350439973,1841725,1398519560920,0.020950317,-9.858429,0.40014648
1398519561354773469,1841734,1398519560929,0.022140503,-9.860809,0.47631836
1398519561360114046,1841734,1398519560930,0.035232544,-9.888184,0.4144287
1398519561365454622,1841745,1398519560940,0.006668091,-9.869141,0.42037964
1398519561370642610,1841745,1398519560941,0.07569885,-9.858429,0.43704224
1398519561374945588,1841754,1398519560950,0.0042877197,-9.906036,0.4656067
1398519561380286165,1841754,1398519560950,0.0030975342,-9.815582,0.51083374
1398519561385474153,1841765,1398519560960,0.026901245,-9.873901,0.45251465
1398519561390662141,1841765,1398519560961,0.016189575,-9.877472,0.4560852
1398519561395087190,1841774,1398519560970,-0.004043579,-9.832245,0.41918945
1398519561400458284,1841774,1398519560970,0.019760132,-9.8941345,0.40252686
1398519561405646272,1841785,1398519560981,0.02809143,-9.851288,0.473938
1398519561410834260,1841785,1398519560981,0.03642273,-9.925079,0.4322815
1398519561415228792,1841794,1398519560990,0.03642273,-9.925079,0.4322815
1398519561420569368,1841794,1398519560990,0.019760132,-9.86676,0.44180298
1398519561425787874,1841805,1398519561001,0.03642273,-9.93222,0.47869873
1398519561431067415,1841805,1398519561001,-0.030227661,-9.911987,0.4477539
1398519561435370393,1841815,1398519561010,-0.030227661,-9.911987,0.4477539
1398519561440741487,1841815,1398519561010,0.007858276,-9.834625,0.4406128
1398519561445929475,1841825,1398519561021,0.054275513,-9.879852,0.49893188
1398519561451178499,1841826,1398519561021,-0.0028533936,-9.86557,0.45846558
1398519561455481477,1841835,1398519561030,0.0471344,-9.897705,0.44299316
1398519561460852571,1841835,1398519561030,0.0030975342,-9.86676,0.40966797
1398519561466040559,1841845,1398519561041,0.056655884,-9.822723,0.4727478
1398519561471289583,1841846,1398519561041,0.048324585,-9.832245,0.3822937
1398519561475623079,1841855,1398519561050,0.06498718,-9.886993,0.48583984
1398519561481024690,1841855,1398519561051,0.03642273,-9.890564,0.47750854
1398519561486151643,1841866,1398519561061,-0.024276733,-9.877472,0.43347168
1398519561491431184,1841866,1398519561061,0.0042877197,-9.917938,0.4394226
1398519561495764680,1841875,1398519561070,-0.011184692,-9.851288,0.39419556
1398519561501105256,1841875,1398519561071,0.045944214,-9.86676,0.4965515
1398519561506415315,1841886,1398519561081,0.018569946,-9.86319,0.3989563
1398519561511633821,1841886,1398519561082,0.02809143,-9.834625,0.46322632
1398519561515875764,1841895,1398519561091,0.019760132,-9.86438,0.43823242
1398519561521216340,1841895,1398519561091,0.01737976,-9.8619995,0.41799927
1398519561526648469,1841906,1398519561102,0.01737976,-9.907227,0.4144287
1398519561531866975,1841906,1398519561102,0.018569946,-9.852478,0.42514038
1398519561535956331,1841915,1398519561110,0.0054779053,-9.871521,0.47512817
1398519561541205354,1841915,1398519561111,0.020950317,-9.901276,0.4560852
1398519561547064729,1841926,1398519561122,0.006668091,-9.842957,0.35134888
1398519561552252717,1841927,1398519561122,0.05784607,-9.859619,0.35134888
1398519561556067415,1841934,1398519561129,0.0019073486,-9.86438,0.40847778
1398519561561255403,1841936,1398519561131,0.01737976,-9.876282,0.3822937
1398519561566718049,1841946,1398519561142,0.023330688,-9.906036,0.45251465
1398519561571936555,1841946,1398519561142,0.039993286,-9.835815,0.3977661
1398519561576331087,1841956,1398519561151,0.0054779053,-9.846527,0.49893188
1398519561581732698,1841956,1398519561151,0.0054779053,-9.791779,0.4560852
1398519561586859651,1841966,1398519561162,0.013809204,-9.914368,0.42752075
1398519561592139192,1841966,1398519561162,0.03404236,-9.898895,0.5155945
1398519561596503206,1841976,1398519561171,0.05189514,-9.889374,0.49179077
1398519561601874299,1841976,1398519561171,0.06498718,-9.895325,0.36206055
1398519561607062288,1841987,1398519561182,0.042373657,-9.890564,0.43704224
1398519561612311311,1841987,1398519561182,0.045944214,-9.886993,0.47750854
1398519561616614290,1841996,1398519561191,0.03642273,-9.831055,0.49893188
1398519561621985383,1841996,1398519561191,0.031661987,-9.917938,0.41680908
1398519561627203889,1842007,1398519561202,0.009048462,-9.850098,0.41085815
1398519561632452913,1842007,1398519561202,0.02809143,-9.846527,0.473938
1398519561636755891,1842016,1398519561211,0.019760132,-9.883423,0.4322815
1398519561642126985,1842016,1398519561212,0.03404236,-9.892944,0.4144287
1398519561646735139,1842032,1398519561228,0.04118347,-9.8619995,0.44537354
1398519561651740022,1842032,1398519561228,0.037612915,-9.858429,0.48703003
1398519561656775422,1842033,1398519561228,0.03642273,-9.910797,0.43585205
1398519561661810823,1842036,1398519561232,-0.020706177,-9.869141,0.39657593
1398519561666846223,1842043,1398519561238,0.013809204,-9.872711,0.44537354
1398519561671973176,1842046,1398519561242,0.06260681,-9.844147,0.40252686
1398519561676947542,1842052,1398519561247,0.031661987,-9.860809,0.4310913
1398519561682013460,1842060,1398519561255,0.006668091,-9.9453125,0.44537354
1398519561687079378,1842061,1398519561257,0.04475403,-9.876282,0.42037964
1398519561692297883,1842069,1398519561265,-0.01713562,-9.821533,0.4394226
1398519561697150178,1842072,1398519561268,0.024520874,-9.841766,0.45370483
1398519561702094026,1842118,1398519561313,0.022140503,-9.898895,0.4810791
1398519561707129426,1842118,1398519561313,-0.026657104,-9.897705,0.4394226
1398519561712195344,1842118,1398519561314,0.032852173,-9.857239,0.46203613
1398519561717200227,1842118,1398519561314,0.01737976,-9.86795,0.5239258
1398519561722235628,1842118,1398519561314,0.032852173,-9.841766,0.4572754
1398519561727301546,1842119,1398519561314,0.013809204,-9.886993,0.48464966
1398519561732306428,1842119,1398519561314,0.011428833,-9.848907,0.48345947
1398519561737341829,1842119,1398519561315,0.048324585,-9.876282,0.42514038
1398519561742377229,1842119,1398519561315,0.050704956,-9.842957,0.4489441
1398519561747412629,1842123,1398519561318,0.07450867,-9.8810425,0.4144287
1398519561752509065,1842131,1398519561327,0.030471802,-9.853668,0.46917725
1398519561757574983,1842132,1398519561327,0.043563843,-9.8619995,0.4965515
1398519561762915559,1842141,1398519561337,0.026901245,-9.86319,0.4144287
1398519561767645784,1842142,1398519561337,0.0030975342,-9.871521,0.40966797
1398519561772986360,1842151,1398519561347,0.006668091,-9.875092,0.37277222
1398519561777716585,1842152,1398519561347,0.032852173,-9.851288,0.4560852
1398519561783057161,1842161,1398519561357,0.06022644,-9.86676,0.47036743
1398519561787787385,1842162,1398519561357,0.045944214,-9.86795,0.4882202
1398519561793158479,1842170,1398519561366,0.030471802,-9.890564,0.46679688
1398519561797858186,1842172,1398519561368,0.012619019,-9.827484,0.48345947
1398519561803076692,1842182,1398519561377,-0.031417847,-9.8810425,0.48703003
1398519561807959504,1842182,1398519561378,0.026901245,-9.842957,0.40252686
1398519561813239046,1842190,1398519561386,0.0030975342,-9.796539,0.51083374
1398519561818030305,1842192,1398519561388,-0.014755249,-9.845337,0.45251465
1398519561823248811,1842200,1398519561396,0.02571106,-9.901276,0.4489441
1398519561828101106,1842202,1398519561398,0.010238647,-9.86319,0.3894348
1398519561833380647,1842211,1398519561406,0.042373657,-9.847717,0.46203613
1398519561838171907,1842212,1398519561408,0.019760132,-9.888184,0.47155762
1398519561843390413,1842220,1398519561416,0.023330688,-9.857239,0.41085815
1398519561848242708,1842222,1398519561418,-0.012374878,-9.896515,0.473938
1398519561853552766,1842231,1398519561426,0.01737976,-9.884613,0.5048828
1398519561858313508,1842232,1398519561428,0.007858276,-9.909607,0.48464966
1398519561863593049,1842244,1398519561439,0.04475403,-9.86557,0.46322632
1398519561868353792,1842244,1398519561439,0.07450867,-9.890564,0.4406128
1398519561873297639,1842252,1398519561448,0.013809204,-9.796539,0.45489502
1398519561878333040,1842253,1398519561449,0.0042877197,-9.859619,0.37634277
1398519561883368440,1842257,1398519561453,0.056655884,-9.875092,0.43823242
1398519561888403840,1842264,1398519561460,0.059036255,-9.917938,0.390625
1398519561893439241,1842269,1398519561464,0.032852173,-9.841766,0.4322815
1398519561898474641,1842276,1398519561471,-0.020706177,-9.906036,0.44299316
1398519561903510042,1842279,1398519561474,0.023330688,-9.842957,0.4406128
1398519561908606477,1842286,1398519561481,0.04475403,-9.828674,0.39657593
1398519561913672395,1842289,1398519561484,0.042373657,-9.86557,0.37634277
1398519561918677278,1842296,1398519561491,0.0030975342,-9.886993,0.3656311
1398519561923743196,1842299,1398519561494,0.045944214,-9.821533,0.38705444
1398519561928748079,1842306,1398519561501,0.031661987,-9.890564,0.3894348
1398519561933813997,1842309,1398519561505,0.016189575,-9.886993,0.41323853
1398519561938818879,1842316,1398519561511,0.042373657,-9.852478,0.44418335
1398519561943915315,1842319,1398519561515,0.029281616,-9.86319,0.3668213
1398519561948828645,1842324,1398519561520,-0.0076141357,-9.835815,0.43704224
1398519561953864046,1842329,1398519561525,0.043563843,-9.906036,0.3977661
1398519561958899446,1842336,1398519561531,-0.034988403,-9.854858,0.49536133
1398519561963995881,1842339,1398519561535,0.013809204,-9.883423,0.4310913
1398519561968970247,1842346,1398519561542,0.045944214,-9.859619,0.4477539
1398519561974097200,1842349,1398519561545,0.01737976,-9.812012,0.41085815
1398519561979071565,1842356,1398519561552,0.05784607,-9.828674,0.43704224
1398519561984168001,1842359,1398519561555,0.007858276,-9.885803,0.38467407
1398519561989172883,1842366,1398519561562,0.024520874,-9.875092,0.3489685
1398519561994238801,1842369,1398519561565,-0.025466919,-9.895325,0.41799927
1398519561999182649,1842375,1398519561571,0.01737976,-9.871521,0.49179077
1398519562004218049,1842379,1398519561575,-0.00642395,-9.86438,0.48583984
1398519562009314485,1842386,1398519561582,0.039993286,-9.857239,0.4882202
1398519562014380403,1842388,1398519561584,0.030471802,-9.872711,0.43466187
1398519562019385286,1842396,1398519561592,0.045944214,-9.841766,0.38824463
1398519562024481721,1842398,1398519561594,0.039993286,-9.890564,0.36801147
1398519562029456087,1842407,1398519561602,0.082839966,-9.826294,0.44299316
1398519562034552522,1842410,1398519561605,0.056655884,-9.877472,0.35253906
1398519562039496370,1842416,1398519561612,-0.0076141357,-9.839386,0.42633057
1398519562044592805,1842421,1398519561616,0.024520874,-9.9131775,0.44299316
1398519562049536653,1842427,1398519561622,0.072128296,-9.839386,0.42633057
1398519562054572053,1842428,1398519561624,0.013809204,-9.851288,0.41918945
1398519562059729524,1842437,1398519561632,0.06617737,-9.873901,0.4477539
1398519562064764924,1842439,1398519561634,0.054275513,-9.8619995,0.42514038
1398519562069830842,1842447,1398519561642,0.006668091,-9.897705,0.4310913
1398519562074805208,1842449,1398519561644,0.06498718,-9.857239,0.3894348
1398519562079749055,1842455,1398519561650,0.061416626,-9.876282,0.39419556
1398519562084784456,1842461,1398519561656,-0.009994507,-9.898895,0.41799927
1398519562089819856,1842467,1398519561662,0.01737976,-9.856049,0.46203613
1398519562094855256,1842471,1398519561667,7.171631E-4,-9.883423,0.42633057
1398519562099890657,1842477,1398519561673,0.056655884,-9.851288,0.45132446
1398519562104926057,1842479,1398519561674,0.050704956,-9.827484,0.43704224
1398519562110571809,1842490,1398519561686,0.019760132,-9.840576,0.42990112
1398519562115759797,1842490,1398519561686,0.024520874,-9.907227,0.4322815
1398519562120184846,1842499,1398519561695,0.06617737,-9.848907,0.44537354
1398519562125525422,1842500,1398519561695,0.035232544,-9.846527,0.4072876
1398519562130713411,1842510,1398519561706,-0.0135650635,-9.93222,0.46917725
1398519562135931917,1842510,1398519561706,0.02809143,-9.877472,0.40966797
1398519562140326448,1842519,1398519561715,0.024520874,-9.86795,0.46203613
1398519562145667024,1842521,1398519561716,0.019760132,-9.840576,0.4394226
1398519562150305696,1842529,1398519561725,-0.018325806,-9.895325,0.42514038
1398519562155554719,1842530,1398519561725,0.011428833,-9.850098,0.40133667
1398519562161139436,1842541,1398519561736,0.043563843,-9.9131775,0.44418335
1398519562166480012,1842541,1398519561737,0.037612915,-9.828674,0.4144287
1398519562170386262,1842549,1398519561745,-0.00642395,-9.890564,0.46798706
1398519562175635286,1842549,1398519561745,0.019760132,-9.8619995,0.4322815
1398519562181616731,1842561,1398519561757,-0.031417847,-9.832245,0.45132446
1398519562186896272,1842561,1398519561757,0.050704956,-9.906036,0.4727478
1398519562190558381,1842568,1398519561764,0.04951477,-9.86557,0.45013428
1398519562195685335,1842571,1398519561766,0.037612915,-9.888184,0.40490723
1398519562200690217,1842580,1398519561776,0.039993286,-9.885803,0.4560852
1398519562206061311,1842580,1398519561776,0.054275513,-9.86557,0.46203613
1398519562211310335,1842591,1398519561787,0.07093811,-9.86319,0.47988892
1398519562216650911,1842591,1398519561787,0.007858276,-9.86676,0.48703003
1398519562220801301,1842600,1398519561796,0.039993286,-9.907227,0.4144287
1398519562226111360,1842600,1398519561796,-0.0135650635,-9.877472,0.44299316
1398519562231543489,1842611,1398519561807,0.009048462,-9.896515,0.46679688
1398519562236792512,1842611,1398519561807,0.018569946,-9.841766,0.4489441
1398519562240973421,1842621,1398519561817,-0.008804321,-9.845337,0.42871094
1398519562246252962,1842621,1398519561817,0.006668091,-9.883423,0.49536133
1398519562251074739,1842631,1398519561826,0.032852173,-9.870331,0.40966797
1398519562256476350,1842631,1398519561827,0.012619019,-9.879852,0.42871094
1398519562261176057,1842641,1398519561836,0.009048462,-9.854858,0.4394226
1398519562266608186,1842641,1398519561837,0.06260681,-9.854858,0.44299316
1398519562271216340,1842651,1398519561847,0.053085327,-9.878662,0.3989563
1398519562276678987,1842651,1398519561847,-0.015945435,-9.828674,0.3918152
1398519562281317659,1842661,1398519561856,-0.015945435,-9.828674,0.3918152
1398519562286688753,1842661,1398519561856,0.04475403,-9.86795,0.4965515
1398519562291846223,1842671,1398519561867,0.031661987,-9.86319,0.42276
1398519562297034212,1842671,1398519561867,-0.0076141357,-9.857239,0.42752075
1398519562301428743,1842681,1398519561877,-0.0076141357,-9.857239,0.42752075
1398519562306799837,1842682,1398519561877,-0.009994507,-9.817963,0.41085815
1398519562311499544,1842691,1398519561887,0.05189514,-9.876282,0.37991333
1398519562316840120,1842691,1398519561887,0.056655884,-9.891754,0.38586426
1398519562321967073,1842702,1398519561897,0.0019073486,-9.848907,0.3751526
1398519562327429719,1842702,1398519561898,0.063797,-9.846527,0.3894348
1398519562331549592,1842711,1398519561907,0.054275513,-9.852478,0.45489502
1398519562336798616,1842711,1398519561907,0.042373657,-9.900085,0.4560852
1398519562342169710,1842722,1398519561917,0.022140503,-9.857239,0.41323853
1398519562347449251,1842722,1398519561917,0.045944214,-9.922699,0.42752075
1398519562351813264,1842731,1398519561927,0.0042877197,-9.886993,0.40252686
1398519562357184358,1842731,1398519561927,0.012619019,-9.807251,0.47036743
1398519562361761995,1842738,1398519561934,0.010238647,-9.834625,0.4239502
1398519562366766878,1842742,1398519561938,0.01499939,-9.838196,0.3918152
1398519562371832796,1842752,1398519561947,-0.001663208,-9.884613,0.38467407
1398519562377081819,1842752,1398519561948,0.0554657,-9.919128,0.4489441
1398519562382025667,1842762,1398519561958,0.0471344,-9.846527,0.41085815
1398519562387824006,1842762,1398519561958,0.05189514,-9.936981,0.42276
1398519562392096467,1842771,1398519561967,0.04475403,-9.897705,0.38824463
1398519562397467561,1842772,1398519561967,0.05189514,-9.896515,0.46917725
1398519562402625032,1842782,1398519561978,0.08522034,-9.8619995,0.44180298
1398519562407843538,1842782,1398519561978,0.013809204,-9.845337,0.43585205
1398519562412207551,1842791,1398519561987,0.020950317,-9.8619995,0.4489441
1398519562417548128,1842792,1398519561987,0.05784607,-9.853668,0.473938
1398519562422888704,1842802,1398519561998,0.01499939,-9.892944,0.40966797
1398519562428076692,1842802,1398519561998,0.023330688,-9.857239,0.4489441
1398519562432379671,1842812,1398519562007,0.019760132,-9.904846,0.45370483
1398519562437720247,1842812,1398519562007,-0.015945435,-9.883423,0.4239502
1398519562442908235,1842822,1398519562018,-0.0076141357,-9.852478,0.4322815
1398519562448096223,1842823,1398519562018,0.006668091,-9.896515,0.49179077
1398519562452490754,1842832,1398519562027,0.039993286,-9.834625,0.48583984
1398519562457831331,1842832,1398519562027,0.0030975342,-9.8810425,0.44299316
1398519562463171907,1842843,1398519562038,-0.001663208,-9.871521,0.41085815
1398519562468451448,1842843,1398519562038,0.006668091,-9.896515,0.4656067
1398519562472632356,1842852,1398519562047,0.019760132,-9.86795,0.43585205
1398519562477942415,1842852,1398519562048,-0.00642395,-9.8810425,0.4489441
1398519562483313508,1842863,1398519562058,0.059036255,-9.902466,0.44180298
1398519562488593049,1842863,1398519562059,0.0471344,-9.825104,0.47512817
1398519562492712922,1842872,1398519562067,-0.023086548,-9.900085,0.42633057
1398519562497992463,1842872,1398519562068,0.011428833,-9.884613,0.40014648
1398519562503821321,1842883,1398519562079,0.035232544,-9.854858,0.47036743
1398519562509100862,1842884,1398519562079,0.020950317,-9.876282,0.35372925
1398519562512793489,1842890,1398519562086,-0.0052337646,-9.900085,0.4144287
1398519562517981477,1842892,1398519562088,0.0030975342,-9.86557,0.4239502
1398519562523596712,1842903,1398519562099,0.0054779053,-9.884613,0.41323853
1398519562528876253,1842903,1398519562099,0.039993286,-9.854858,0.44180298
1398519562532965608,1842912,1398519562108,0.016189575,-9.886993,0.41680908
1398519562538214631,1842912,1398519562108,-0.015945435,-9.934601,0.3834839
1398519562544135042,1842924,1398519562119,0.029281616,-9.847717,0.43466187
1398519562549353547,1842924,1398519562119,0.0388031,-9.839386,0.4310913
1398519562553076692,1842931,1398519562126,0.0388031,-9.839386,0.4310913
1398519562558264680,1842933,1398519562128,0.030471802,-9.892944,0.47155762
1398519562563849397,1842943,1398519562139,0.029281616,-9.879852,0.46679688
1398519562569067903,1842943,1398519562139,-0.012374878,-9.86676,0.48464966
1398519562573370881,1842953,1398519562148,-0.012374878,-9.86676,0.48464966
1398519562578680940,1842953,1398519562148,0.045944214,-9.869141,0.44537354
1398519562583899446,1842963,1398519562159,0.08998108,-9.86676,0.473938
1398519562589117952,1842964,1398519562159,0.013809204,-9.848907,0.4656067
1398519562593481965,1842973,1398519562168,0.031661987,-9.848907,0.4060974
1398519562598822542,1842973,1398519562168,0.007858276,-9.852478,0.43823242
1398519562604132600,1842984,1398519562179,0.019760132,-9.86319,0.41204834
1398519562609412141,1842984,1398519562179,-0.042129517,-9.876282,0.47512817
1398519562613623567,1842993,1398519562188,0.04475403,-9.876282,0.42633057
1398519562618964143,1842993,1398519562189,0.032852173,-9.86557,0.473938
1398519562624182649,1843004,1398519562199,0.06022644,-9.902466,0.3894348
1398519562629462190,1843004,1398519562199,0.007858276,-9.879852,0.45132446
1398519562633765169,1843013,1398519562209,0.06736755,-9.86438,0.48703003
1398519562639136262,1843013,1398519562209,0.07926941,-9.8810425,0.42990112
1398519562644324251,1843024,1398519562219,0.035232544,-9.842957,0.44180298
1398519562649573274,1843024,1398519562220,0.022140503,-9.8619995,0.46798706
1398519562653906770,1843033,1398519562229,0.016189575,-9.879852,0.4572754
1398519562659277864,1843033,1398519562229,0.020950317,-9.860809,0.37277222
1398519562664465852,1843044,1398519562240,0.01737976,-9.889374,0.41799927
1398519562669714876,1843044,1398519562240,-0.029037476,-9.839386,0.3894348
1398519562674048372,1843053,1398519562249,0.012619019,-9.879852,0.4644165
1398519562679388948,1843053,1398519562249,0.0030975342,-9.875092,0.40371704
1398519562684699006,1843064,1398519562260,-0.033798218,-9.86319,0.3918152
1398519562689886995,1843064,1398519562260,0.03404236,-9.882233,0.4322815
1398519562694220491,1843073,1398519562269,0.012619019,-9.925079,0.44656372
1398519562699561067,1843074,1398519562269,0.059036255,-9.885803,0.3918152
1398519562704810090,1843084,1398519562280,0.023330688,-9.891754,0.4810791
1398519562710028596,1843084,1398519562280,0.039993286,-9.819153,0.41085815
1398519562714331575,1843094,1398519562289,0.006668091,-9.896515,0.41323853
1398519562719672151,1843094,1398519562289,0.009048462,-9.900085,0.45965576
1398519562725043245,1843105,1398519562300,-0.020706177,-9.875092,0.44537354
1398519562730231233,1843105,1398519562300,-0.0052337646,-9.86676,0.40133667
1398519562734503694,1843114,1398519562309,0.037612915,-9.876282,0.45846558
1398519562739783235,1843114,1398519562309,0.03642273,-9.8619995,0.37753296
1398519562745062776,1843125,1398519562320,0.031661987,-9.86557,0.40966797
1398519562750281282,1843125,1398519562320,0.020950317,-9.847717,0.4406128
1398519562754614778,1843134,1398519562329,0.039993286,-9.889374,0.39419556
1398519562760016389,1843134,1398519562330,0.04118347,-9.888184,0.38705444
1398519562765173860,1843145,1398519562340,-0.008804321,-9.8810425,0.52749634
1398519562770422883,1843145,1398519562340,0.030471802,-9.844147,0.4572754
1398519562774756379,1843154,1398519562350,0.029281616,-9.852478,0.37991333
1398519562780127473,1843154,1398519562350,-0.015945435,-9.826294,0.4072876
1398519562785315462,1843165,1398519562360,0.01499939,-9.857239,0.48464966
1398519562790564485,1843165,1398519562361,0.0054779053,-9.852478,0.43704224
1398519562794897981,1843174,1398519562370,0.02809143,-9.8941345,0.4477539
1398519562800269075,1843174,1398519562370,-0.026657104,-9.869141,0.45013428
1398519562805426546,1843185,1398519562381,0.02809143,-9.841766,0.37158203
1398519562810706087,1843185,1398519562381,0.054275513,-9.869141,0.48583984
1398519562815039583,1843194,1398519562390,0.0030975342,-9.846527,0.4322815
1398519562820410676,1843194,1398519562390,0.0030975342,-9.854858,0.43466187
1398519562825598665,1843205,1398519562401,0.018569946,-9.892944,0.42514038
1398519562830786653,1843205,1398519562401,0.048324585,-9.875092,0.42633057
1398519562835211702,1843214,1398519562410,0.031661987,-9.860809,0.50250244
1398519562840582796,1843215,1398519562410,0.010238647,-9.854858,0.4572754
1398519562845740266,1843225,1398519562421,0.045944214,-9.850098,0.4239502
1398519562850928254,1843225,1398519562421,0.019760132,-9.903656,0.3894348
1398519562855353303,1843235,1398519562430,0.019760132,-9.903656,0.3894348
1398519562860724397,1843235,1398519562430,-0.048080444,-9.826294,0.43347168
1398519562865881868,1843245,1398519562441,-0.014755249,-9.870331,0.4060974
1398519562871069856,1843246,1398519562441,0.026901245,-9.851288,0.45489502
1398519562875494905,1843255,1398519562450,-0.0076141357,-9.890564,0.4810791
1398519562880865999,1843255,1398519562450,0.009048462,-9.901276,0.42633057
1398519562886023469,1843266,1398519562461,0.029281616,-9.886993,0.42514038
1398519562891211458,1843266,1398519562461,0.0054779053,-9.890564,0.45846558
1398519562895636506,1843275,1398519562471,-0.011184692,-9.8810425,0.43347168
1398519562901007600,1843275,1398519562471,0.029281616,-9.833435,0.5120239
1398519562906195588,1843286,1398519562481,0.0388031,-9.948883,0.46798706
1398519562911444612,1843286,1398519562482,0.011428833,-9.86795,0.4822693
1398519562915747590,1843295,1398519562491,0.022140503,-9.889374,0.46798706
1398519562921118684,1843295,1398519562491,0.04951477,-9.878662,0.45489502
1398519562926306672,1843306,1398519562501,0.04118347,-9.842957,0.44299316
1398519562931586213,1843306,1398519562502,7.171631E-4,-9.885803,0.47036743
1398519562935889192,1843315,1398519562511,-0.011184692,-9.859619,0.3834839
1398519562941290803,1843315,1398519562511,-0.0052337646,-9.86319,0.4394226
1398519562945837922,1843322,1398519562518,0.02571106,-9.890564,0.46203613
1398519562950873323,1843328,1398519562524,0.042373657,-9.882233,0.4310913
1398519562955908723,1843330,1398519562525,-0.0028533936,-9.857239,0.39657593
1398519562962225862,1843342,1398519562538,0.012619019,-9.838196,0.41085815
1398519562967627473,1843342,1398519562538,-0.011184692,-9.882233,0.3977661
1398519562971045442,1843348,1398519562544,0.0030975342,-9.79892,0.48464966
1398519562976050325,1843350,1398519562546,0.012619019,-9.858429,0.4144287
1398519562982367463,1843362,1398519562557,0.072128296,-9.908417,0.37753296
1398519562987585969,1843362,1398519562558,7.171631E-4,-9.835815,0.40847778
1398519562991187044,1843369,1398519562564,0.04475403,-9.86795,0.44418335
1398519562996252962,1843370,1398519562566,0.006668091,-9.885803,0.4060974
1398519563002325960,1843382,1398519562577,0.037612915,-9.860809,0.47036743
1398519563007544465,1843382,1398519562578,0.04475403,-9.871521,0.3739624
1398519563011328645,1843389,1398519562585,0.029281616,-9.827484,0.4477539
1398519563016486116,1843391,1398519562587,0.0388031,-9.839386,0.4977417
1398519563021643587,1843401,1398519562597,0.072128296,-9.8619995,0.42633057
1398519563027075715,1843401,1398519562597,0.03404236,-9.8298645,0.42156982
1398519563031683870,1843411,1398519562607,0.050704956,-9.903656,0.43347168
1398519563037085481,1843411,1398519562607,0.0388031,-9.8941345,0.47750854
1398519563041846223,1843422,1398519562617,0.024520874,-9.883423,0.49417114
1398519563047430940,1843422,1398519562618,0.032852173,-9.825104,0.45489502
1398519563051611848,1843426,1398519562621,-0.026657104,-9.870331,0.43704224
1398519563057745881,1843437,1398519562633,0.06736755,-9.8298645,0.45370483
1398519563062994905,1843437,1398519562633,-0.029037476,-9.873901,0.4239502
1398519563066687532,1843444,1398519562640,0.01737976,-9.844147,0.41799927
1398519563071845003,1843446,1398519562642,-0.03617859,-9.890564,0.39657593
1398519563077521272,1843457,1398519562653,0.048324585,-9.842957,0.52630615
1398519563082800813,1843457,1398519562653,0.045944214,-9.8810425,0.4060974
1398519563086890169,1843466,1398519562662,0.029281616,-9.882233,0.46322632
1398519563092200227,1843466,1398519562662,0.02809143,-9.908417,0.4239502
1398519563097754426,1843477,1398519562673,0.0030975342,-9.837006,0.50250244
1398519563103033967,1843477,1398519562673,0.023330688,-9.828674,0.40371704
1398519563106970735,1843486,1398519562682,0.023330688,-9.828674,0.40371704
1398519563112219758,1843486,1398519562682,0.043563843,-9.841766,0.40252686
1398519563117987581,1843498,1398519562693,0.016189575,-9.900085,0.53463745
1398519563123206087,1843498,1398519562693,7.171631E-4,-9.907227,0.50964355
1398519563127112337,1843506,1398519562702,7.171631E-4,-9.907227,0.50964355
1398519563132361360,1843506,1398519562702,0.054275513,-9.897705,0.45251465
1398519563138403840,1843518,1398519562714,0.07093811,-9.851288,0.48703003
1398519563143591829,1843518,1398519562714,0.06617737,-9.848907,0.41085815
1398519563147284456,1843525,1398519562720,0.06617737,-9.848907,0.41085815
1398519563152411409,1843527,1398519562722,0.031661987,-9.846527,0.4156189
1398519563158179231,1843538,1398519562733,0.053085327,-9.888184,0.44299316
1398519563163367219,1843538,1398519562733,-0.03617859,-9.877472,0.47750854
1398519563167426057,1843547,1398519562742,0.039993286,-9.8941345,0.42633057
1398519563172614046,1843547,1398519562742,0.06736755,-9.857239,0.51083374
1398519563178534456,1843558,1398519562754,0.02809143,-9.834625,0.36801147
1398519563183722444,1843558,1398519562754,0.042373657,-9.872711,0.4156189
1398519563187567659,1843567,1398519562762,0.080459595,-9.838196,0.43466187
1398519563192755647,1843567,1398519562762,0.006668091,-9.873901,0.46917725
1398519563198859163,1843578,1398519562774,-0.008804321,-9.871521,0.45965576
1398519563204138704,1843579,1398519562774,0.06498718,-9.909607,0.44180298
1398519563207678743,1843585,1398519562781,0.043563843,-9.870331,0.4156189
1398519563212714143,1843587,1398519562783,0.048324585,-9.86676,0.45013428
1398519563218817659,1843598,1398519562794,0.0042877197,-9.906036,0.41204834
1398519563224097200,1843599,1398519562794,0.01499939,-9.847717,0.4560852
1398519563227850862,1843606,1398519562801,0.023330688,-9.900085,0.42990112
1398519563233038850,1843607,1398519562802,0.020950317,-9.854858,0.47869873
1398519563239172883,1843619,1398519562814,0.01737976,-9.858429,0.3989563
1398519563244452424,1843619,1398519562815,-0.001663208,-9.907227,0.42990112
1398519563247961946,1843625,1398519562821,0.082839966,-9.869141,0.43585205
1398519563252997346,1843627,1398519562823,0.007858276,-9.877472,0.4644165
1398519563259314485,1843639,1398519562835,0.032852173,-9.908417,0.40133667
1398519563264594026,1843639,1398519562835,0.03404236,-9.901276,0.41799927
1398519563268103547,1843645,1398519562841,0.045944214,-9.826294,0.41799927
1398519563273138948,1843647,1398519562843,0.0388031,-9.900085,0.5310669
1398519563279456087,1843659,1398519562855,0.06260681,-9.840576,0.46679688
1398519563284644075,1843659,1398519562855,0.006668091,-9.885803,0.45013428
1398519563288275667,1843662,1398519562858,0.01499939,-9.895325,0.4239502
1398519563294562288,1843673,1398519562868,0.032852173,-9.884613,0.48703003
1398519563298590608,1843673,1398519562868,0.0388031,-9.882233,0.42990112
1398519563303351350,1843679,1398519562874,0.01499939,-9.916748,0.42514038
1398519563308386751,1843686,1398519562881,0.043563843,-9.883423,0.41323853
1398519563313422151,1843689,1398519562884,0.010238647,-9.8810425,0.35849
1398519563318457551,1843696,1398519562892,0.053085327,-9.86676,0.39419556
1398519563323492952,1843698,1398519562893,0.05784607,-9.845337,0.3918152
1398519563329626985,1843709,1398519562905,0.024520874,-9.879852,0.42156982
1398519563334814973,1843709,1398519562905,0.059036255,-9.851288,0.46798706
1398519563338629671,1843717,1398519562912,0.039993286,-9.876282,0.42156982
1398519563343787141,1843718,1398519562913,0.01499939,-9.841766,0.45370483
1398519563349951692,1843731,1398519562926,0.032852173,-9.872711,0.41204834
1398519563355231233,1843731,1398519562926,7.171631E-4,-9.933411,0.37634277
1398519563358740754,1843734,1398519562929,0.043563843,-9.860809,0.4894104
1398519563363776155,1843739,1398519562935,0.0054779053,-9.8619995,0.40252686
1398519563368811555,1843748,1398519562944,-0.011184692,-9.857239,0.39538574
1398519563374060579,1843748,1398519562944,0.032852173,-9.854858,0.43823242
1398519563378912874,1843758,1398519562954,0.02809143,-9.900085,0.45013428
1398519563384161897,1843758,1398519562954,0.04118347,-9.882233,0.3894348
1398519563389014192,1843768,1398519562964,0.045944214,-9.8810425,0.52630615
1398519563394293733,1843768,1398519562964,-0.024276733,-9.904846,0.34539795
1398519563400031038,1843781,1398519562976,7.171631E-4,-9.884613,0.4572754
1398519563405310579,1843781,1398519562976,0.018569946,-9.8810425,0.46322632
1398519563409094758,1843785,1398519562980,0.018569946,-9.8810425,0.46322632
1398519563414130159,1843789,1398519562985,0.010238647,-9.86557,0.47750854
1398519563419287629,1843799,1398519562994,0.009048462,-9.859619,0.41085815
1398519563424628206,1843799,1398519562994,0.012619019,-9.851288,0.46084595
1398519563429388948,1843809,1398519563004,0.012619019,-9.851288,0.46084595
1398519563434760042,1843809,1398519563004,0.06260681,-9.831055,0.43704224
1398519563439459749,1843819,1398519563014,0.06260681,-9.831055,0.43704224
1398519563444830842,1843819,1398519563015,0.063797,-9.833435,0.44299316
1398519563449988313,1843830,1398519563026,0.023330688,-9.896515,0.3751526
1398519563455206819,1843831,1398519563026,7.171631E-4,-9.835815,0.41799927
1398519563459448762,1843837,1398519563032,0.013809204,-9.86795,0.51797485
1398519563464484163,1843838,1398519563034,0.009048462,-9.883423,0.40133667
1398519563469794221,1843849,1398519563045,0.039993286,-9.854858,0.44656372
1398519563475226350,1843850,1398519563045,0.054275513,-9.86438,0.45370483
1398519563479773469,1843859,1398519563055,0.0054779053,-9.903656,0.473938
1398519563485175081,1843859,1398519563055,0.026901245,-9.940552,0.41918945
1398519563490057893,1843870,1398519563065,0.018569946,-9.86438,0.42514038
1398519563495337434,1843870,1398519563065,0.023330688,-9.914368,0.4572754
1398519563499884553,1843879,1398519563075,0.030471802,-9.875092,0.45489502
1398519563505286165,1843880,1398519563075,-0.0135650635,-9.854858,0.39657593
1398519563509833284,1843889,1398519563085,0.011428833,-9.888184,0.43823242
1398519563515051790,1843889,1398519563085,-0.0135650635,-9.8941345,0.40371704
1398519563520575471,1843901,1398519563096,0.035232544,-9.889374,0.41680908
1398519563525855012,1843901,1398519563097,0.059036255,-9.841766,0.41799927
1398519563529944368,1843907,1398519563103,0.016189575,-9.86676,0.4560852
1398519563534979768,1843909,1398519563104,0.02809143,-9.869141,0.43704224
1398519563540869661,1843921,1398519563116,0.0042877197,-9.879852,0.43823242
1398519563546118684,1843921,1398519563116,0.039993286,-9.871521,0.37753296
1398519563550085969,1843929,1398519563125,0.03404236,-9.848907,0.49893188
1398519563555334993,1843929,1398519563125,0.02571106,-9.885803,0.41799927
1398519563560309358,1843940,1398519563135,0.04475403,-9.882233,0.4060974
1398519563565680452,1843940,1398519563135,-0.039749146,-9.903656,0.43466187
1398519563570837922,1843951,1398519563146,0.02571106,-9.889374,0.3977661
1398519563576056428,1843951,1398519563147,0.069747925,-9.8619995,0.41085815
1398519563580328889,1843959,1398519563155,0.02571106,-9.860809,0.47750854
1398519563585486360,1843959,1398519563155,0.024520874,-9.86319,0.4572754
1398519563591559358,1843971,1398519563167,0.045944214,-9.919128,0.40847778
1398519563596747346,1843971,1398519563167,0.04951477,-9.828674,0.4322815
1398519563600439973,1843978,1398519563174,0.029281616,-9.8810425,0.44180298
1398519563605597444,1843981,1398519563176,0.022140503,-9.901276,0.4656067
1398519563610632844,1843990,1398519563186,0.020950317,-9.875092,0.39300537
1398519563615973421,1843990,1398519563186,0.0471344,-9.870331,0.44418335
1398519563621222444,1844001,1398519563196,0.016189575,-9.848907,0.37277222
1398519563626440950,1844001,1398519563197,0.06855774,-9.872711,0.4560852
1398519563630774446,1844010,1398519563206,0.04475403,-9.902466,0.4310913
1398519563636176057,1844010,1398519563206,0.043563843,-9.888184,0.40966797
1398519563641333528,1844021,1398519563217,0.059036255,-9.858429,0.44418335
1398519563646613069,1844021,1398519563217,0.06022644,-9.848907,0.49893188
1398519563650946565,1844031,1398519563227,0.043563843,-9.916748,0.41918945
1398519563656317659,1844031,1398519563227,-0.055221558,-9.902466,0.45489502
1398519563660986848,1844041,1398519563236,0.07093811,-9.831055,0.3834839
1398519563666296907,1844041,1398519563237,0.01499939,-9.856049,0.40847778
1398519563671088167,1844051,1398519563246,0.037612915,-9.832245,0.41204834
1398519563676489778,1844051,1398519563247,0.04951477,-9.885803,0.49179077
1398519563681128450,1844061,1398519563257,0.01499939,-9.871521,0.47869873
1398519563686560579,1844061,1398519563257,0.0019073486,-9.850098,0.47869873
1398519563691260286,1844071,1398519563266,0.05784607,-9.871521,0.4144287
1398519563696692415,1844071,1398519563267,0.05784607,-9.909607,0.41799927
1398519563701453157,1844081,1398519563277,0.04118347,-9.851288,0.4477539
1398519563706763215,1844081,1398519563277,0.011428833,-9.895325,0.46203613
1398519563711401887,1844091,1398519563287,0.011428833,-9.895325,0.46203613
1398519563716864534,1844091,1398519563287,0.022140503,-9.903656,0.43704224
1398519563721564241,1844101,1398519563297,0.022140503,-9.903656,0.43704224
1398519563726965852,1844101,1398519563297,0.053085327,-9.902466,0.45370483
1398519563731757112,1844111,1398519563307,0.026901245,-9.832245,0.42514038
1398519563736975618,1844111,1398519563307,0.0054779053,-9.860809,0.4144287
1398519563741644807,1844121,1398519563317,-0.025466919,-9.858429,0.4072876
1398519563747046419,1844121,1398519563317,0.011428833,-9.878662,0.4060974
1398519563751929231,1844131,1398519563327,0.03404236,-9.895325,0.4810791
1398519563757147737,1844132,1398519563327,0.009048462,-9.883423,0.38467407
1398519563761694856,1844141,1398519563337,-0.004043579,-9.878662,0.42156982
1398519563767096467,1844141,1398519563337,0.0554657,-9.884613,0.42752075
1398519563772253938,1844152,1398519563347,0.020950317,-9.851288,0.37991333
1398519563777472444,1844152,1398519563348,0.029281616,-9.86795,0.45489502
1398519563781836458,1844161,1398519563357,0.011428833,-9.853668,0.47155762
1398519563787238069,1844161,1398519563357,0.0554657,-9.853668,0.38586426
1398519563792395540,1844172,1398519563368,0.029281616,-9.844147,0.43823242
1398519563797644563,1844172,1398519563368,0.06498718,-9.842957,0.35372925
1398519563801978059,1844181,1398519563377,0.03404236,-9.853668,0.43466187
1398519563807349153,1844181,1398519563377,0.07807922,-9.870331,0.41323853
1398519563812537141,1844192,1398519563388,0.022140503,-9.872711,0.38705444
1398519563817786165,1844192,1398519563388,0.030471802,-9.825104,0.4322815
1398519563822119661,1844201,1398519563397,0.030471802,-9.871521,0.3977661
1398519563827490754,1844202,1398519563397,0.03642273,-9.869141,0.48583984
1398519563832678743,1844212,1398519563408,0.0388031,-9.858429,0.47036743
1398519563837958284,1844212,1398519563408,0.01499939,-9.885803,0.49536133
1398519563842261262,1844222,1398519563417,-0.00642395,-9.858429,0.47631836
1398519563847632356,1844222,1398519563417,0.029281616,-9.86795,0.36444092
1398519563852820344,1844232,1398519563428,0.04118347,-9.925079,0.47036743
1398519563858008333,1844233,1398519563428,0.043563843,-9.878662,0.42633057
1398519563862402864,1844242,1398519563437,0.0554657,-9.879852,0.5048828
1398519563867743440,1844242,1398519563437,-4.7302246E-4,-9.901276,0.49417114
1398519563873084016,1844253,1398519563448,0.019760132,-9.921509,0.45013428
1398519563878272004,1844253,1398519563448,-0.014755249,-9.840576,0.42633057
1398519563882513948,1844262,1398519563457,0.06736755,-9.86438,0.46203613
1398519563887824006,1844262,1398519563458,0.045944214,-9.883423,0.3739624
1398519563893256135,1844273,1398519563468,0.019760132,-9.888184,0.4156189
1398519563898474641,1844273,1398519563469,0.011428833,-9.916748,0.4310913
1398519563902655549,1844282,1398519563477,0.037612915,-9.878662,0.4239502
1398519563907904573,1844282,1398519563478,0.043563843,-9.86319,0.45251465
1398519563913611360,1844293,1398519563489,0.01499939,-9.838196,0.40490723
1398519563918799348,1844293,1398519563489,0.022140503,-9.876282,0.45251465
1398519563922736116,1844302,1398519563498,0.063797,-9.860809,0.4656067
1398519563927954622,1844302,1398519563498,0.048324585,-9.832245,0.48583984
1398519563933783479,1844313,1398519563509,0.0388031,-9.854858,0.45846558
1398519563939063020,1844314,1398519563509,0.02571106,-9.808441,0.45965576
1398519563942847200,1844318,1398519563514,0.013809204,-9.906036,0.40371704
1398519563947882600,1844322,1398519563518,0.032852173,-9.895325,0.48345947
1398519563954199739,1844332,1398519563528,0.024520874,-9.870331,0.4489441
1398519563958319612,1844333,1398519563528,0.03642273,-9.919128,0.4560852
1398519563962988801,1844338,1398519563534,0.0471344,-9.854858,0.50964355
1398519563968024202,1844344,1398519563540,0.020950317,-9.888184,0.47036743
1398519563973059602,1844348,1398519563544,-0.018325806,-9.878662,0.41323853
1398519563978095003,1844356,1398519563551,0.026901245,-9.891754,0.4406128
1398519563983130403,1844357,1398519563553,-0.042129517,-9.860809,0.38705444
1398519563989447542,1844371,1398519563567,0.030471802,-9.810822,0.42156982
1398519563994757600,1844371,1398519563567,0.0054779053,-9.795349,0.3977661
1398519563998591350,1844372,1398519563568,0.0054779053,-9.795349,0.3977661
1398519564004908489,1844383,1398519563578,0.023330688,-9.896515,0.46322632
1398519564008997844,1844383,1398519563578,0.01737976,-9.903656,0.3834839
1398519564013697551,1844389,1398519563584,0.01737976,-9.903656,0.3834839
1398519564018732952,1844396,1398519563592,0.035232544,-9.877472,0.42514038
1398519564023798870,1844398,1398519563593,0.048324585,-9.872711,0.46679688
1398519564028803752,1844406,1398519563602,-0.029037476,-9.8619995,0.45132446
1398519564033930706,1844408,1398519563603,-0.004043579,-9.882233,0.43585205
1398519564040003704,1844419,1398519563615,0.06617737,-9.889374,0.44299316
1398519564045222209,1844419,1398519563615,0.031661987,-9.872711,0.4394226
1398519564048945354,1844424,1398519563620,0.03404236,-9.871521,0.43823242
1398519564053980754,1844429,1398519563625,0.0019073486,-9.841766,0.4656067
1398519564059016155,1844438,1398519563632,0.03642273,-9.823914,0.37991333
1398519564064234661,1844438,1398519563633,0.023330688,-9.875092,0.4322815
1398519564069086956,1844448,1398519563643,0.04951477,-9.850098,0.44656372
1398519564074335979,1844448,1398519563644,0.020950317,-9.873901,0.5001221
1398519564079218792,1844458,1398519563654,0.039993286,-9.888184,0.41085815
1398519564084467815,1844458,1398519563654,0.05189514,-9.844147,0.36801147
1398519564089259075,1844463,1398519563659,0.010238647,-9.844147,0.47750854
1398519564094294475,1844471,1398519563666,0.02571106,-9.888184,0.41085815
1398519564099299358,1844553,1398519563749,0.01737976,-9.942932,0.4406128
1398519564104334758,1844553,1398519563749,0.01737976,-9.86319,0.3977661
1398519564109400676,1844553,1398519563749,0.04951477,-9.854858,0.40847778
1398519564114405559,1844553,1398519563749,0.035232544,-9.870331,0.42514038
1398519564119440959,1844553,1398519563749,0.0388031,-9.841766,0.42037964
1398519564124476360,1844553,1398519563749,0.02571106,-9.856049,0.45251465
1398519564129511760,1844554,1398519563749,0.06736755,-9.850098,0.40490723
1398519564134547161,1844554,1398519563749,0.016189575,-9.850098,0.3751526
1398519564139582561,1844554,1398519563749,0.063797,-9.925079,0.4977417
1398519564144617961,1844554,1398519563749,0.031661987,-9.869141,0.4572754
1398519564149653362,1844554,1398519563749,0.031661987,-9.895325,0.45846558
1398519564154597209,1844554,1398519563749,0.022140503,-9.876282,0.3739624
1398519564184809612,1844558,1398519563753,0.023330688,-9.871521,0.51916504
1398519564189845012,1844563,1398519563758,0.029281616,-9.878662,0.43466187
1398519564194880413,1844568,1398519563763,0.02571106,-9.8619995,0.4072876
1398519564199915813,1844575,1398519563770,0.0388031,-9.822723,0.38586426
1398519564204951213,1844578,1398519563773,0.006668091,-9.853668,0.4310913
1398519564209986614,1844583,1398519563779,0.03404236,-9.851288,0.44180298
1398519564215022014,1844588,1398519563784,0.0471344,-9.903656,0.42871094
1398519564220057415,1844593,1398519563789,0.0019073486,-9.897705,0.45132446
1398519564225092815,1844598,1398519563794,0.037612915,-9.897705,0.40252686
1398519564230128215,1844603,1398519563799,0.012619019,-9.8810425,0.46203613
1398519564235163616,1844608,1398519563804,0.06260681,-9.884613,0.44418335
1398519564240199016,1844613,1398519563809,0.05189514,-9.821533,0.44299316
1398519564245234417,1844618,1398519563814,0.035232544,-9.847717,0.3822937
1398519564250269817,1844623,1398519563819,0.04951477,-9.86795,0.4977417
1398519564255305217,1844628,1398519563824,-0.042129517,-9.898895,0.51678467
1398519564260340618,1844633,1398519563829,0.0388031,-9.858429,0.42156982
1398519564265376018,1844638,1398519563834,0.006668091,-9.819153,0.43347168
1398519564270411418,1844643,1398519563839,0.04951477,-9.9453125,0.45013428
1398519564275446819,1844648,1398519563844,0.042373657,-9.835815,0.35491943
1398519564280482219,1844653,1398519563849,-0.001663208,-9.872711,0.44180298
1398519564285517620,1844658,1398519563854,0.029281616,-9.859619,0.47036743
1398519564290553020,1844663,1398519563859,0.069747925,-9.879852,0.49298096
1398519564295588420,1844668,1398519563864,-0.04927063,-9.869141,0.45370483
1398519564300623821,1844674,1398519563869,0.02571106,-9.876282,0.45846558
1398519564305659221,1844679,1398519563874,0.032852173,-9.847717,0.42514038
1398519564310694622,1844684,1398519563879,0.04475403,-9.845337,0.42156982
1398519564315730022,1844689,1398519563884,0.016189575,-9.841766,0.45370483
1398519564320765422,1844694,1398519563889,0.035232544,-9.922699,0.39657593
1398519564325800823,1844699,1398519563894,0.050704956,-9.840576,0.41204834
1398519564330836223,1844704,1398519563899,0.042373657,-9.819153,0.43585205
1398519564335871624,1844709,1398519563904,0.023330688,-9.773926,0.43704224
1398519564340907024,1844714,1398519563909,0.010238647,-9.921509,0.45489502
1398519564345942424,1844719,1398519563914,0.026901245,-9.891754,0.4406128
1398519564350977825,1844724,1398519563920,0.06022644,-9.835815,0.4894104
1398519564356013225,1844729,1398519563925,0.042373657,-9.858429,0.45251465
1398519564361048625,1844734,1398519563930,0.08403015,-9.872711,0.3739624
1398519564366084026,1844739,1398519563935,0.026901245,-9.915558,0.4156189
1398519564371119426,1844744,1398519563940,0.009048462,-9.879852,0.42633057
1398519564376154827,1844749,1398519563945,-0.054031372,-9.86676,0.4644165
1398519564381190227,1844754,1398519563950,-0.004043579,-9.871521,0.35253906
1398519564386225627,1844759,1398519563955,0.024520874,-9.911987,0.48464966
1398519564391261028,1844764,1398519563960,-0.004043579,-9.796539,0.43585205
1398519564396296428,1844769,1398519563965,0.042373657,-9.875092,0.4310913
1398519564401331829,1844774,1398519563970,0.056655884,-9.8619995,0.4477539
1398519564406367229,1844779,1398519563975,0.059036255,-9.873901,0.41323853
1398519564411402629,1844784,1398519563980,0.02571106,-9.853668,0.44299316
1398519564416438030,1844789,1398519563985,0.01499939,-9.852478,0.4072876
1398519564421473430,1844794,1398519563990,0.02809143,-9.856049,0.3977661
1398519564426508831,1844799,1398519563995,0.010238647,-9.8619995,0.44537354
1398519564431544231,1844804,1398519564000,-0.030227661,-9.833435,0.45251465
1398519564436579631,1844810,1398519564005,0.10783386,-9.819153,0.41799927
1398519564441615032,1844815,1398519564010,0.006668091,-9.882233,0.37039185
1398519564446650432,1844820,1398519564015,0.012619019,-9.9131775,0.42871094
1398519564451685833,1844825,1398519564020,0.0054779053,-9.870331,0.4822693
1398519564456721233,1844830,1398519564025,0.029281616,-9.840576,0.45132446
1398519564461756633,1844835,1398519564030,0.037612915,-9.8941345,0.44537354
1398519564466792034,1844840,1398519564035,-0.00642395,-9.844147,0.41918945
1398519564471827434,1844845,1398519564040,-0.009994507,-9.890564,0.43704224
1398519564476862834,1844850,1398519564045,0.009048462,-9.817963,0.35610962
1398519564481898235,1844855,1398519564050,0.01499939,-9.834625,0.43585205
1398519564486933635,1844860,1398519564055,0.022140503,-9.854858,0.4310913
1398519564491969036,1844865,1398519564060,0.031661987,-9.86557,0.4072876
1398519564497004436,1844874,1398519564069,-0.014755249,-9.822723,0.45251465
1398519564502039836,1844877,1398519564072,0.029281616,-9.908417,0.47036743
1398519564507075237,1844881,1398519564076,0.05784607,-9.845337,0.41680908
1398519564513483928,1844889,1398519564084,-0.001663208,-9.835815,0.4144287
1398519564517176555,1844891,1398519564086,0.05189514,-9.86676,0.4144287
1398519564523554729,1844901,1398519564097,0.0554657,-9.847717,0.44180298
1398519564527888225,1844901,1398519564097,0.050704956,-9.86319,0.4489441
1398519564533228801,1844911,1398519564107,0.03404236,-9.838196,0.37634277
1398519564537836956,1844911,1398519564107,0.016189575,-9.835815,0.45013428
1398519564543452190,1844922,1398519564117,0.042373657,-9.844147,0.4239502
1398519564547816204,1844922,1398519564117,0.026901245,-9.856049,0.46917725
1398519564553339885,1844931,1398519564127,0.012619019,-9.852478,0.37753296
1398519564557887004,1844931,1398519564127,0.020950317,-9.8619995,0.5036926
1398519564563593792,1844941,1398519564137,0.042373657,-9.837006,0.4656067
1398519564567896770,1844941,1398519564137,0.042373657,-9.837006,0.4656067
1398519564573725627,1844951,1398519564147,0.045944214,-9.883423,0.4477539
1398519564577906536,1844951,1398519564147,0.0019073486,-9.904846,0.44537354
1398519564583887981,1844961,1398519564157,0.020950317,-9.875092,0.4810791
1398519564587946819,1844961,1398519564157,0.0388031,-9.838196,0.4810791
1398519564594019817,1844972,1398519564167,0.04118347,-9.906036,0.42990112
1398519564598017620,1844972,1398519564167,0.07688904,-9.86438,0.4394226
1398519564603876995,1844981,1398519564177,-0.025466919,-9.857239,0.47869873
1398519564608179973,1844981,1398519564177,0.06498718,-9.883423,0.4156189
1398519564614191936,1844991,1398519564187,0.08164978,-9.838196,0.45013428
1398519564618250774,1844991,1398519564187,0.035232544,-9.890564,0.40847778
1398519564624262737,1845003,1398519564199,0.054275513,-9.875092,0.43823242
1398519564628291057,1845004,1398519564199,-0.012374878,-9.919128,0.473938
1398519564633021282,1845007,1398519564203,0.03642273,-9.870331,0.45370483
1398519564638087200,1845013,1398519564209,0.019760132,-9.812012,0.43823242
1398519564643122600,1845018,1398519564214,0.013809204,-9.884613,0.4810791
1398519564648158000,1845022,1398519564218,0.013809204,-9.850098,0.45370483
1398519564654139446,1845032,1398519564228,0.03404236,-9.8619995,0.42990112
1398519564658503459,1845033,1398519564228,0.032852173,-9.834625,0.43704224
1398519564663264202,1845038,1398519564234,0.02571106,-9.878662,0.42871094
1398519564668299602,1845044,1398519564240,0.042373657,-9.856049,0.4072876
1398519564673335002,1845048,1398519564244,0.020950317,-9.860809,0.42990112
1398519564678370403,1845054,1398519564250,0.059036255,-9.879852,0.40371704
1398519564683405803,1845061,1398519564256,0.01499939,-9.86676,0.4560852
1398519564688563274,1845063,1398519564258,-0.0076141357,-9.92984,0.40252686
1398519564694331096,1845074,1398519564269,0.08760071,-9.885803,0.45846558
1398519564699610637,1845074,1398519564269,0.020950317,-9.885803,0.46322632
1398519564703577922,1845082,1398519564278,0.006668091,-9.835815,0.3918152
1398519564708765911,1845083,1398519564278,0.012619019,-9.875092,0.3751526
1398519564714808391,1845094,1398519564290,0.019760132,-9.901276,0.4977417
1398519564720087932,1845094,1398519564290,0.02809143,-9.871521,0.49298096
1398519564723719524,1845101,1398519564297,0.023330688,-9.857239,0.44418335
1398519564728846477,1845103,1398519564299,0.016189575,-9.920319,0.4239502
1398519564734522747,1845114,1398519564309,0.020950317,-9.873901,0.3822937
1398519564739832805,1845114,1398519564310,0.039993286,-9.8941345,0.4965515
1398519564743891643,1845123,1398519564318,0.037612915,-9.870331,0.49893188
1398519564749110149,1845123,1398519564318,0.04118347,-9.851288,0.3822937
1398519564755030559,1845134,1398519564330,0.11021423,-9.922699,0.44180298
1398519564760249065,1845135,1398519564330,0.06260681,-9.882233,0.44656372
1398519564764002727,1845142,1398519564337,-0.0076141357,-9.869141,0.4310913
1398519564769160198,1845143,1398519564339,0.020950317,-9.852478,0.46917725
1398519564774653362,1845154,1398519564350,0.053085327,-9.891754,0.36920166
1398519564779871868,1845154,1398519564350,0.031661987,-9.877472,0.4727478
1398519564784235881,1845163,1398519564359,0.063797,-9.839386,0.4727478
1398519564789606975,1845163,1398519564359,0.020950317,-9.86319,0.49417114
1398519564794794963,1845174,1398519564370,0.023330688,-9.877472,0.37277222
1398519564800013469,1845174,1398519564370,7.171631E-4,-9.942932,0.4406128
1398519564804408000,1845183,1398519564379,-4.7302246E-4,-9.859619,0.4322815
1398519564809748577,1845184,1398519564379,0.042373657,-9.908417,0.4572754
1398519564814967083,1845194,1398519564390,0.0042877197,-9.886993,0.4060974
1398519564820246624,1845195,1398519564390,0.007858276,-9.8298645,0.47988892
1398519564824549602,1845204,1398519564399,0.037612915,-9.891754,0.4727478
1398519564829890178,1845204,1398519564399,0.048324585,-9.872711,0.3989563
1398519564835108684,1845215,1398519564410,-0.011184692,-9.839386,0.4560852
1398519564840388225,1845215,1398519564410,0.0030975342,-9.8619995,0.45370483
1398519564844691204,1845224,1398519564419,0.0030975342,-9.8619995,0.45370483
1398519564850062297,1845224,1398519564420,0.0019073486,-9.870331,0.48464966
1398519564855219768,1845235,1398519564430,0.042373657,-9.882233,0.36920166
1398519564860651897,1845235,1398519564431,0.050704956,-9.906036,0.4560852
1398519564864710735,1845244,1398519564439,0.050704956,-9.906036,0.4560852
1398519564869990276,1845244,1398519564439,0.03404236,-9.837006,0.42156982
1398519564875819133,1845255,1398519564451,0.06736755,-9.875092,0.42871094
1398519564881129192,1845255,1398519564451,0.03404236,-9.891754,0.55010986
1398519564884852336,1845262,1398519564458,-0.011184692,-9.902466,0.40490723
1398519564890009807,1845264,1398519564460,0.019760132,-9.859619,0.45489502
1398519564895533489,1845275,1398519564470,0.032852173,-9.808441,0.38824463
1398519564900751995,1845275,1398519564471,0.029281616,-9.869141,0.41323853
1398519564905116008,1845284,1398519564480,0.016189575,-9.882233,0.42990112
1398519564910456584,1845284,1398519564480,0.030471802,-9.886993,0.5048828
1398519564915675090,1845295,1398519564491,0.039993286,-9.8619995,0.4394226
1398519564920893596,1845295,1398519564491,-0.029037476,-9.883423,0.4310913
1398519564925257610,1845304,1398519564500,0.0471344,-9.80368,0.46203613
1398519564930598186,1845304,1398519564500,0.037612915,-9.888184,0.3894348
1398519564935847209,1845315,1398519564511,0.04475403,-9.888184,0.49536133
1398519564941065715,1845315,1398519564511,-0.030227661,-9.879852,0.43585205
1398519564945277141,1845321,1398519564517,-0.030227661,-9.884613,0.45132446
1398519564950282024,1845327,1398519564523,-0.026657104,-9.850098,0.43347168
1398519564955317424,1845329,1398519564525,0.019760132,-9.845337,0.5227356
1398519564961481975,1845341,1398519564537,-0.0076141357,-9.896515,0.42990112
1398519564966761516,1845341,1398519564537,0.010238647,-9.86319,0.42633057
1398519564970423625,1845348,1398519564543,-0.008804321,-9.871521,0.44656372
1398519564975520061,1845349,1398519564545,0.02571106,-9.826294,0.35968018
1398519564981745647,1845361,1398519564557,0.04118347,-9.86438,0.39419556
1398519564987025188,1845361,1398519564557,0.032852173,-9.8619995,0.3977661
1398519564990565227,1845368,1398519564564,0.010238647,-9.86319,0.41918945
1398519564995600627,1845371,1398519564566,0.05189514,-9.840576,0.42037964
1398519565000758098,1845380,1398519564576,-0.019515991,-9.872711,0.45370483
1398519565006159709,1845380,1398519564576,0.032852173,-9.847717,0.38705444
1398519565011317180,1845391,1398519564586,0.053085327,-9.854858,0.43823242
1398519565016627239,1845391,1398519564587,0.012619019,-9.86438,0.38586426
1398519565020899700,1845400,1398519564596,0.019760132,-9.817963,0.46917725
1398519565026270793,1845400,1398519564596,0.011428833,-9.883423,0.37991333
1398519565031489299,1845411,1398519564606,0.026901245,-9.845337,0.42156982
1398519565036707805,1845411,1398519564607,0.0471344,-9.890564,0.5155945
1398519565041041301,1845421,1398519564617,0.039993286,-9.822723,0.4977417
1398519565046381877,1845421,1398519564617,-0.004043579,-9.898895,0.36444092
1398519565051142620,1845431,1398519564626,0.011428833,-9.8941345,0.40252686
1398519565056513713,1845431,1398519564627,0.043563843,-9.860809,0.4156189
1398519565061213420,1845441,1398519564637,0.04118347,-9.850098,0.4656067
1398519565066645549,1845441,1398519564637,0.0554657,-9.871521,0.45846558
1398519565071253704,1845451,1398519564647,0.011428833,-9.879852,0.5298767
1398519565076685833,1845451,1398519564647,0.032852173,-9.869141,0.5048828
1398519565081324504,1845461,1398519564656,0.010238647,-9.822723,0.45965576
1398519565086726116,1845461,1398519564657,0.023330688,-9.86319,0.39657593
1398519565091578411,1845471,1398519564666,0.050704956,-9.835815,0.4489441
1398519565096980022,1845471,1398519564667,0.03404236,-9.819153,0.42990112
1398519565101649211,1845481,1398519564676,0.009048462,-9.852478,0.4239502
1398519565107050823,1845481,1398519564677,0.050704956,-9.886993,0.42871094
1398519565111689495,1845491,1398519564687,0.012619019,-9.8298645,0.43466187
1398519565116969036,1845491,1398519564687,0.018569946,-9.86557,0.43704224
1398519565121760295,1845501,1398519564697,0.007858276,-9.872711,0.49536133
1398519565127192424,1845501,1398519564697,0.013809204,-9.909607,0.5036926
1398519565131892131,1845511,1398519564707,-0.00642395,-9.8941345,0.41323853
1398519565137171672,1845511,1398519564707,-0.00642395,-9.890564,0.47750854
1398519565141840862,1845521,1398519564717,-0.00642395,-9.890564,0.47750854
1398519565147272991,1845521,1398519564717,0.018569946,-9.941742,0.4489441
1398519565152155803,1845532,1398519564727,0.006668091,-9.889374,0.43823242
1398519565157404827,1845532,1398519564727,0.009048462,-9.908417,0.42514038
1398519565161921428,1845541,1398519564737,0.009048462,-9.908417,0.42514038
1398519565167323040,1845541,1398519564737,0.032852173,-9.841766,0.42276
1398519565172388958,1845552,1398519564747,0.037612915,-9.890564,0.5132141
1398519565177637981,1845552,1398519564748,0.043563843,-9.8810425,0.40847778
1398519565182032512,1845561,1398519564757,0.031661987,-9.883423,0.4310913
1398519565187373088,1845561,1398519564757,0.024520874,-9.872711,0.42990112
1398519565192713665,1845572,1398519564768,0.024520874,-9.873901,0.42514038
1398519565197901653,1845572,1398519564768,0.024520874,-9.835815,0.37753296
1398519565202204631,1845581,1398519564777,0.010238647,-9.873901,0.4560852
1398519565207514690,1845581,1398519564777,0.043563843,-9.848907,0.45965576
1398519565212122844,1845591,1398519564787,0.01499939,-9.857239,0.47869873
1398519565217158245,1845592,1398519564787,0.0042877197,-9.854858,0.41323853
1398519565222193645,1845631,1398519564827,0.010238647,-9.876282,0.45251465
1398519565227229045,1845631,1398519564827,0.029281616,-9.903656,0.3977661
1398519565232264446,1845632,1398519564827,-0.0028533936,-9.832245,0.42037964
1398519565237299846,1845632,1398519564827,-0.014755249,-9.877472,0.41204834
1398519565242335247,1845632,1398519564827,0.06260681,-9.92627,0.46679688
1398519565247370647,1845632,1398519564828,0.023330688,-9.8941345,0.45013428
1398519565252619670,1845632,1398519564828,0.019760132,-9.884613,0.41085815
1398519565257441448,1845632,1398519564828,0.0471344,-9.8810425,0.4394226
1398519565262476848,1845679,1398519564875,0.006668091,-9.872711,0.37277222
1398519565267542766,1845680,1398519564875,0.006668091,-9.850098,0.4560852
1398519565272547649,1845680,1398519564875,0.029281616,-9.873901,0.4822693
1398519565277460979,1845680,1398519564875,0.054275513,-9.8619995,0.47631836
1398519565282526897,1845680,1398519564875,7.171631E-4,-9.852478,0.4560852
1398519565287562297,1845680,1398519564875,-0.001663208,-9.847717,0.46798706
1398519565292597698,1845680,1398519564875,0.019760132,-9.900085,0.40490723
1398519565297633098,1845680,1398519564875,0.02571106,-9.847717,0.42633057
1398519565302668499,1845680,1398519564876,0.039993286,-9.896515,0.46203613
1398519565307703899,1845704,1398519564900,0.037612915,-9.890564,0.42752075
1398519565312739299,1845704,1398519564900,0.01737976,-9.895325,0.41799927
1398519565317774700,1845704,1398519564900,0.045944214,-9.870331,0.47869873
1398519565322810100,1845704,1398519564900,0.039993286,-9.871521,0.4322815
1398519565327845500,1845704,1398519564900,0.04118347,-9.856049,0.44537354
1398519565332880901,1845708,1398519564903,0.02809143,-9.870331,0.390625
1398519565337916301,1845713,1398519564908,0.012619019,-9.892944,0.39657593
1398519565342951702,1845717,1398519564913,0.0019073486,-9.8941345,0.5155945
1398519565347987102,1845723,1398519564918,0.07926941,-9.8941345,0.4072876
1398519565353358196,1845731,1398519564927,0.05784607,-9.821533,0.39419556
1398519565358210491,1845731,1398519564927,0.03404236,-9.878662,0.50131226
1398519565363642620,1845742,1398519564937,0.0042877197,-9.897705,0.3656311
1398519565368281292,1845742,1398519564937,0.061416626,-9.853668,0.40490723
1398519565373713420,1845752,1398519564947,0.0471344,-9.885803,0.51083374
1398519565378382610,1845752,1398519564947,0.03404236,-9.826294,0.43585205
1398519565383784221,1845762,1398519564957,0.029281616,-9.840576,0.47750854
1398519565388453411,1845762,1398519564957,0.026901245,-9.858429,0.4656067
1398519565393855022,1845772,1398519564967,0.012619019,-9.846527,0.44180298
1398519565398524211,1845772,1398519564967,0.072128296,-9.885803,0.42037964
1398519565403925823,1845782,1398519564977,0.0042877197,-9.907227,0.43347168
1398519565408595012,1845782,1398519564977,-0.0052337646,-9.86795,0.46798706
1398519565413996624,1845792,1398519564987,0.016189575,-9.871521,0.45251465
1398519565418665813,1845792,1398519564987,0.022140503,-9.841766,0.45013428
1398519565424067424,1845802,1398519564998,-0.02784729,-9.876282,0.42990112
1398519565428736614,1845802,1398519564998,0.04118347,-9.872711,0.45013428
1398519565434138225,1845812,1398519565008,-0.01713562,-9.884613,0.43704224
1398519565438807415,1845812,1398519565008,-0.01713562,-9.884613,0.43704224
1398519565444209026,1845822,1398519565018,0.082839966,-9.834625,0.47988892
1398519565448878215,1845822,1398519565018,-0.020706177,-9.86557,0.48703003
1398519565454279827,1845832,1398519565028,0.07569885,-9.825104,0.38110352
1398519565458887981,1845832,1398519565028,0.0471344,-9.885803,0.4822693
1398519565463801311,1845838,1398519565034,0.0471344,-9.872711,0.48703003
1398519565468836711,1845844,1398519565039,0.007858276,-9.879852,0.49179077
1398519565473902629,1845847,1398519565043,0.016189575,-9.895325,0.48583984
1398519565478938030,1845856,1398519565052,0.061416626,-9.834625,0.48583984
1398519565484034465,1845857,1398519565053,-0.0052337646,-9.847717,0.41204834
1398519565489008831,1845866,1398519565062,0.0019073486,-9.832245,0.47988892
1398519565494105266,1845868,1398519565063,0.011428833,-9.847717,0.43466187
1398519565499598430,1845877,1398519565073,0.039993286,-9.876282,0.45370483
1398519565504206584,1845877,1398519565073,0.0030975342,-9.885803,0.45965576
1398519565509699749,1845887,1398519565083,0.013809204,-9.890564,0.47036743
1398519565514307903,1845888,1398519565083,0.063797,-9.897705,0.5144043
1398519565519770549,1845897,1398519565093,-0.021896362,-9.869141,0.46798706
1398519565524348186,1845898,1398519565093,0.03642273,-9.8941345,0.45132446
1398519565529841350,1845908,1398519565103,0.043563843,-9.86795,0.37277222
1398519565534449504,1845908,1398519565103,0.020950317,-9.915558,0.47869873
1398519565539912151,1845918,1398519565113,0.02809143,-9.86557,0.35849
1398519565544520305,1845918,1398519565113,0.013809204,-9.921509,0.43823242
1398519565549982952,1845928,1398519565123,0.04475403,-9.856049,0.4060974
1398519565554591106,1845928,1398519565123,-0.039749146,-9.902466,0.45251465
1398519565560053752,1845938,1398519565133,-0.0028533936,-9.86319,0.3894348
1398519565564661907,1845938,1398519565133,0.007858276,-9.886993,0.44299316
1398519565570124553,1845948,1398519565143,0.04475403,-9.890564,0.4060974
1398519565574732708,1845948,1398519565144,0.01737976,-9.879852,0.4656067
1398519565580195354,1845958,1398519565153,0.072128296,-9.8941345,0.43704224
1398519565584803508,1845958,1398519565154,0.018569946,-9.878662,0.47512817
1398519565590266155,1845968,1398519565164,0.03642273,-9.907227,0.40252686
1398519565594874309,1845968,1398519565164,0.042373657,-9.817963,0.40847778
1398519565600336956,1845978,1398519565174,0.026901245,-9.831055,0.42037964
1398519565604945110,1845978,1398519565174,0.030471802,-9.847717,0.4406128
1398519565610463478,1845988,1398519565184,0.030471802,-9.879852,0.45132446
1398519565615102150,1845988,1398519565184,0.026901245,-9.831055,0.43466187
1398519565620564796,1845998,1398519565194,0.032852173,-9.8619995,0.4322815
1398519565625172950,1845998,1398519565194,-0.011184692,-9.852478,0.45489502
1398519565630635597,1846008,1398519565204,-0.012374878,-9.891754,0.44656372
1398519565635243751,1846008,1398519565204,0.02809143,-9.870331,0.45370483
1398519565640706398,1846018,1398519565214,0.01499939,-9.879852,0.39538574
1398519565645284034,1846018,1398519565214,0.0042877197,-9.885803,0.4322815
1398519565650777198,1846028,1398519565224,0.019760132,-9.835815,0.47512817
1398519565655385353,1846029,1398519565224,0.006668091,-9.832245,0.3822937
1398519565660847999,1846038,1398519565234,0.01499939,-9.86319,0.46203613
1398519565665456154,1846039,1398519565234,-0.01713562,-9.86676,0.41680908
1398519565670369484,1846045,1398519565241,0.04951477,-9.859619,0.43704224
1398519565675404884,1846049,1398519565245,0.019760132,-9.907227,0.3989563
1398519565681355812,1846057,1398519565253,0.026901245,-9.877472,0.43585205
1398519565685689308,1846059,1398519565255,0.024520874,-9.885803,0.4060974
1398519565690694191,1846070,1398519565265,-4.7302246E-4,-9.873901,0.47155762
1398519565696095802,1846070,1398519565266,0.050704956,-9.852478,0.39538574
1398519565701253273,1846081,1398519565276,0.018569946,-9.875092,0.4322815
1398519565706563331,1846081,1398519565276,0.0471344,-9.870331,0.41918945
1398519565710835792,1846091,1398519565287,0.0471344,-9.870331,0.41918945
1398519565716176368,1846091,1398519565287,0.023330688,-9.871521,0.4239502
1398519565720815040,1846100,1398519565295,0.0030975342,-9.823914,0.43347168
1398519565726003029,1846100,1398519565296,-0.023086548,-9.844147,0.40133667
1398519565731679298,1846112,1398519565308,0.045944214,-9.857239,0.48464966
1398519565737355568,1846112,1398519565308,0.04951477,-9.86557,0.42633057
1398519565740926124,1846117,1398519565312,0.04951477,-9.86557,0.42633057
1398519565745961525,1846120,1398519565315,0.010238647,-9.877472,0.4572754
1398519565752278663,1846132,1398519565327,0.0388031,-9.826294,0.42037964
1398519565757588722,1846132,1398519565327,0.03404236,-9.891754,0.47155762
1398519565761067726,1846138,1398519565334,0.009048462,-9.856049,0.47036743
1398519565766103126,1846141,1398519565336,-0.01713562,-9.898895,0.45489502
1398519565771413185,1846151,1398519565346,0.026901245,-9.900085,0.4072876
1398519565776875831,1846151,1398519565347,0.03642273,-9.889374,0.38586426
1398519565781331398,1846161,1398519565356,0.016189575,-9.859619,0.43347168
1398519565786733009,1846161,1398519565357,0.0471344,-9.900085,0.46917725
1398519565791493751,1846171,1398519565366,-4.7302246E-4,-9.86438,0.44418335
1398519565796925880,1846171,1398519565367,0.006668091,-9.86676,0.41918945
1398519565801656105,1846181,1398519565377,0.06855774,-9.853668,0.40371704
1398519565806905128,1846181,1398519565377,0.01737976,-9.844147,0.41918945
1398519565811726906,1846191,1398519565387,0.04118347,-9.872711,0.44418335
1398519565817128517,1846191,1398519565387,0.06736755,-9.845337,0.4560852
1398519565821797706,1846201,1398519565397,0.042373657,-9.851288,0.4906006
1398519565827046730,1846201,1398519565397,0.06617737,-9.831055,0.46203613
1398519565831837989,1846211,1398519565407,0.07926941,-9.857239,0.43823242
1398519565837239601,1846211,1398519565407,0.06498718,-9.86557,0.37753296
1398519565841939308,1846221,1398519565417,0.03642273,-9.834625,0.44299316
1398519565847371437,1846221,1398519565417,0.054275513,-9.873901,0.42037964
1398519565852010109,1846231,1398519565427,0.032852173,-9.8619995,0.4572754
1398519565857320167,1846232,1398519565427,0.04475403,-9.906036,0.5036926
1398519565861958839,1846241,1398519565437,0.007858276,-9.882233,0.3834839
1398519565867421486,1846242,1398519565437,0.019760132,-9.86557,0.39300537
1398519565872151710,1846252,1398519565447,0.06022644,-9.835815,0.42514038
1398519565877461769,1846252,1398519565447,0.029281616,-9.842957,0.45846558
1398519565882130958,1846261,1398519565457,0.026901245,-9.842957,0.47155762
1398519565887593605,1846262,1398519565457,0.054275513,-9.890564,0.39300537
1398519565892415382,1846272,1398519565467,-0.01713562,-9.856049,0.47750854
1398519565897694923,1846272,1398519565468,0.048324585,-9.897705,0.48703003
1398519565902211525,1846281,1398519565477,0.03642273,-9.839386,0.4560852
1398519565907643654,1846282,1398519565477,0.04475403,-9.870331,0.4822693
1398519565912648536,1846292,1398519565488,0.02571106,-9.8298645,0.3822937
1398519565917958595,1846292,1398519565488,0.030471802,-9.86319,0.42037964
1398519565922353126,1846301,1398519565497,-0.011184692,-9.873901,0.4906006
1398519565927693702,1846302,1398519565497,0.035232544,-9.869141,0.46322632
1398519565932881691,1846312,1398519565508,0.01499939,-9.92865,0.44180298
1398519565938100197,1846312,1398519565508,0.019760132,-9.869141,0.35372925
1398519565942342140,1846317,1398519565513,0.054275513,-9.875092,0.45013428
1398519565947377540,1846321,1398519565517,-0.008804321,-9.877472,0.40252686
1398519565953511573,1846332,1398519565528,0.04475403,-9.8013,0.45251465
1398519565958302833,1846332,1398519565528,0.020950317,-9.810822,0.40847778
1398519565962483741,1846338,1398519565533,0.053085327,-9.891754,0.36325073
1398519565967519142,1846343,1398519565538,-4.7302246E-4,-9.904846,0.45965576
1398519565972554542,1846348,1398519565543,0.031661987,-9.873901,0.4572754
1398519565977589943,1846353,1398519565548,0.010238647,-9.884613,0.3656311
1398519565982747413,1846362,1398519565557,0.06617737,-9.911987,0.36325073
1398519565988118507,1846362,1398519565558,0.04475403,-9.898895,0.40252686
1398519565993337013,1846373,1398519565568,0.04118347,-9.883423,0.4156189
1398519565998647072,1846373,1398519565568,0.03642273,-9.848907,0.42276
1398519566002919532,1846382,1398519565578,0.03642273,-9.848907,0.42276
1398519566008260109,1846382,1398519565578,-0.0052337646,-9.847717,0.49179077
1398519566013478614,1846393,1398519565588,0.012619019,-9.86319,0.473938
1398519566018758156,1846393,1398519565589,0.0042877197,-9.844147,0.40133667
1398519566023061134,1846402,1398519565598,0.0042877197,-9.844147,0.40133667
1398519566028432228,1846402,1398519565598,0.050704956,-9.817963,0.4406128
1398519566033589698,1846413,1398519565609,0.07807922,-9.876282,0.42276
1398519566039021827,1846413,1398519565609,0.030471802,-9.838196,0.43347168
1398519566043080665,1846422,1398519565618,0.007858276,-9.876282,0.50131226
1398519566048329689,1846422,1398519565618,0.006668091,-9.851288,0.39538574
1398519566054189064,1846434,1398519565629,-0.011184692,-9.852478,0.3739624
1398519566059468605,1846434,1398519565629,0.0471344,-9.872711,0.47631836
1398519566063191749,1846441,1398519565636,0.05784607,-9.892944,0.41204834
1398519566068379738,1846442,1398519565638,0.0030975342,-9.877472,0.4394226
1398519566074056007,1846453,1398519565649,0.045944214,-9.879852,0.42276
1398519566079274513,1846454,1398519565649,0.0471344,-9.844147,0.42990112
1398519566083363868,1846462,1398519565658,0.019760132,-9.838196,0.3668213
1398519566088582374,1846462,1398519565658,0.06736755,-9.854858,0.4156189
1398519566094502784,1846474,1398519565669,0.0388031,-9.869141,0.40966797
1398519566099721290,1846474,1398519565670,0.029281616,-9.891754,0.45370483
1398519566103505470,1846481,1398519565677,0.02809143,-9.891754,0.44180298
1398519566108693458,1846482,1398519565678,0.0019073486,-9.902466,0.42871094
1398519566114827491,1846494,1398519565690,0.019760132,-9.846527,0.4239502
1398519566120045997,1846494,1398519565690,0.022140503,-9.889374,0.46203613
1398519566123616554,1846501,1398519565697,7.171631E-4,-9.845337,0.43704224
1398519566128682472,1846503,1398519565698,0.029281616,-9.814392,0.4489441
1398519566134785988,1846514,1398519565710,0.010238647,-9.877472,0.36206055
1398519566140004493,1846514,1398519565710,0.024520874,-9.877472,0.45965576
1398519566143788673,1846522,1398519565717,0.050704956,-9.895325,0.37872314
1398519566148946144,1846523,1398519565719,0.035232544,-9.853668,0.44656372
1398519566154408790,1846534,1398519565729,-4.7302246E-4,-9.839386,0.4644165
1398519566159718849,1846534,1398519565730,0.012619019,-9.813202,0.4906006
1398519566164052345,1846543,1398519565739,0.009048462,-9.900085,0.40966797
1398519566169423439,1846543,1398519565739,0.0030975342,-9.838196,0.40490723
1398519566174580909,1846554,1398519565750,0.01737976,-9.848907,0.4727478
1398519566179890968,1846554,1398519565750,0.045944214,-9.877472,0.4727478
1398519566184193947,1846563,1398519565759,0.03404236,-9.848907,0.3572998
1398519566189565040,1846564,1398519565759,0.04951477,-9.8810425,0.37634277
1398519566194722511,1846574,1398519565770,0.06260681,-9.888184,0.43823242
1398519566200032570,1846574,1398519565770,0.007858276,-9.915558,0.48345947
1398519566204335548,1846584,1398519565779,0.0030975342,-9.885803,0.4072876
1398519566209706642,1846584,1398519565779,0.045944214,-9.902466,0.4572754
1398519566214864113,1846594,1398519565790,0.035232544,-9.870331,0.42752075
1398519566220113136,1846594,1398519565790,0.0054779053,-9.8941345,0.47155762
1398519566224446632,1846604,1398519565799,0.009048462,-9.858429,0.4489441
1398519566229787208,1846604,1398519565799,0.018569946,-9.886993,0.45489502
1398519566235005714,1846614,1398519565810,0.012619019,-9.883423,0.42752075
1398519566240224220,1846615,1398519565810,0.024520874,-9.860809,0.44656372
1398519566244588234,1846624,1398519565819,0.0019073486,-9.903656,0.3918152
1398519566249928810,1846624,1398519565819,0.029281616,-9.86557,0.40014648
1398519566255147316,1846635,1398519565830,0.02571106,-9.903656,0.39300537
1398519566260365822,1846635,1398519565830,0.072128296,-9.878662,0.46203613
1398519566264760353,1846644,1398519565839,0.0054779053,-9.879852,0.4394226
1398519566270131447,1846644,1398519565840,-0.001663208,-9.850098,0.4572754
1398519566275288917,1846655,1398519565850,0.04475403,-9.842957,0.4727478
1398519566280507423,1846655,1398519565850,-0.0076141357,-9.902466,0.43466187
1398519566284871437,1846664,1398519565860,-0.0076141357,-9.902466,0.43466187
1398519566290273048,1846664,1398519565860,-0.001663208,-9.871521,0.4489441
1398519566295400001,1846675,1398519565870,0.009048462,-9.853668,0.45846558
1398519566300710060,1846675,1398519565871,0.030471802,-9.891754,0.4072876
1398519566305043556,1846684,1398519565880,0.030471802,-9.891754,0.4072876
1398519566310414650,1846684,1398519565880,0.02809143,-9.889374,0.43466187
1398519566315572120,1846695,1398519565891,0.06260681,-9.904846,0.4965515
1398519566320882179,1846695,1398519565891,0.0054779053,-9.839386,0.32873535
1398519566325185157,1846704,1398519565900,0.045944214,-9.8941345,0.40014648
1398519566330556251,1846705,1398519565900,0.026901245,-9.86438,0.38110352
1398519566335713722,1846715,1398519565911,0.01499939,-9.86319,0.42037964
1398519566341023781,1846715,1398519565911,0.0054779053,-9.895325,0.44656372
1398519566345326759,1846724,1398519565920,0.031661987,-9.890564,0.46798706
1398519566350697853,1846725,1398519565920,0.030471802,-9.877472,0.43823242
1398519566355885841,1846735,1398519565931,0.012619019,-9.886993,0.46679688
1398519566361165382,1846735,1398519565931,0.0030975342,-9.850098,0.39657593
1398519566365437843,1846745,1398519565940,0.048324585,-9.896515,0.43704224
1398519566370778419,1846745,1398519565940,0.006668091,-9.857239,0.42752075
1398519566376118995,1846756,1398519565951,0.054275513,-9.889374,0.4560852
1398519566381337501,1846756,1398519565951,0.035232544,-9.822723,0.43585205
1398519566385609962,1846765,1398519565960,0.024520874,-9.869141,0.3989563
1398519566390950538,1846765,1398519565960,0.08164978,-9.854858,0.43347168
1398519566396138527,1846776,1398519565971,0.026901245,-9.860809,0.37158203
1398519566401357032,1846776,1398519565971,0.037612915,-9.86795,0.42037964
1398519566405721046,1846785,1398519565980,0.02571106,-9.892944,0.42752075
1398519566411061622,1846785,1398519565981,-0.019515991,-9.902466,0.45489502
1398519566416280128,1846796,1398519565991,0.019760132,-9.853668,0.47750854
1398519566421498634,1846796,1398519565991,0.054275513,-9.834625,0.4560852
1398519566425862648,1846805,1398519566001,0.03404236,-9.883423,0.43466187
1398519566431233741,1846805,1398519566001,0.023330688,-9.892944,0.41918945
1398519566436452247,1846816,1398519566011,0.01737976,-9.871521,0.49417114
1398519566441731788,1846816,1398519566012,0.053085327,-9.847717,0.3918152
1398519566446034767,1846825,1398519566021,0.016189575,-9.853668,0.4965515
1398519566451375343,1846825,1398519566021,0.02571106,-9.858429,0.47036743
1398519566456563331,1846836,1398519566032,0.032852173,-9.907227,0.4477539
1398519566461873390,1846836,1398519566032,0.026901245,-9.839386,0.40490723
1398519566466176368,1846845,1398519566041,0.039993286,-9.853668,0.42752075
1398519566471547462,1846846,1398519566041,0.023330688,-9.879852,0.4977417
1398519566476704933,1846856,1398519566052,0.031661987,-9.828674,0.4572754
1398519566482014991,1846856,1398519566052,0.018569946,-9.908417,0.47155762
1398519566486195900,1846862,1398519566057,0.011428833,-9.8941345,0.45132446
1398519566491200782,1846869,1398519566065,0.0471344,-9.847717,0.4406128
1398519566496388771,1846871,1398519566067,0.059036255,-9.870331,0.39419556
1398519566501546241,1846881,1398519566077,0.04475403,-9.889374,0.38467407
1398519566507008888,1846881,1398519566077,0.024520874,-9.86795,0.4572754
1398519566511525489,1846891,1398519566087,0.022140503,-9.856049,0.5048828
1398519566516988136,1846891,1398519566087,0.012619019,-9.845337,0.37039185
1398519566521748878,1846901,1398519566097,0.045944214,-9.869141,0.41680908
1398519566526997902,1846901,1398519566097,0.03404236,-9.869141,0.40014648
1398519566531667091,1846911,1398519566107,0.03404236,-9.877472,0.38467407
1398519566537068702,1846911,1398519566107,0.05189514,-9.807251,0.4072876
1398519566541951515,1846921,1398519566117,0.050704956,-9.86676,0.4572754
1398519566547170021,1846921,1398519566117,0.019760132,-9.860809,0.41799927
1398519566551839210,1846931,1398519566127,0.019760132,-9.842957,0.35849
1398519566557271339,1846931,1398519566127,0.018569946,-9.842957,0.42990112
1398519566561971046,1846941,1398519566137,0.05784607,-9.854858,0.45013428
1398519566567372657,1846941,1398519566137,0.04475403,-9.885803,0.47631836
1398519566572041847,1846951,1398519566147,0.024520874,-9.873901,0.40371704
1398519566577473976,1846952,1398519566147,0.013809204,-9.840576,0.47512817
1398519566582204200,1846962,1398519566157,0.013809204,-9.840576,0.47512817
1398519566587483741,1846962,1398519566157,-0.0028533936,-9.846527,0.45489502
1398519566592030861,1846971,1398519566167,-0.0028533936,-9.846527,0.45489502
1398519566597493507,1846972,1398519566167,-0.0052337646,-9.889374,0.40490723
1398519566602467872,1846982,1398519566177,0.053085327,-9.900085,0.36087036
1398519566607716896,1846982,1398519566178,0.03642273,-9.8941345,0.4072876
1398519566612172462,1846991,1398519566187,0.04118347,-9.839386,0.42990112
1398519566617574073,1846992,1398519566187,0.011428833,-9.891754,0.4322815
1398519566622731544,1847002,1398519566198,0.043563843,-9.875092,0.42276
1398519566628133156,1847002,1398519566198,0.01737976,-9.907227,0.4310913
1398519566632222511,1847011,1398519566207,0.0554657,-9.901276,0.37277222
1398519566637502052,1847011,1398519566207,0.032852173,-9.832245,0.5072632
1398519566643300392,1847023,1398519566218,7.171631E-4,-9.857239,0.44180298
1398519566648579933,1847023,1398519566219,0.053085327,-9.831055,0.45013428
1398519566652364113,1847031,1398519566227,0.06260681,-9.879852,0.4156189
1398519566657521583,1847032,1398519566227,0.016189575,-9.885803,0.44299316
1398519566663258888,1847042,1398519566238,0.032852173,-9.848907,0.4394226
1398519566668111183,1847042,1398519566238,0.09236145,-9.852478,0.47988892
1398519566672597267,1847052,1398519566248,0.01499939,-9.853668,0.46203613
1398519566678120948,1847052,1398519566248,-4.7302246E-4,-9.875092,0.48583984
1398519566683003761,1847062,1398519566258,-0.001663208,-9.885803,0.3989563
1398519566688069679,1847062,1398519566258,0.0042877197,-9.870331,0.4656067
1398519566692891456,1847072,1398519566268,0.02571106,-9.848907,0.45846558
1398519566698293068,1847072,1398519566268,0.039993286,-9.870331,0.39538574
1398519566703084327,1847082,1398519566278,0.08403015,-9.898895,0.36087036
1398519566708302833,1847083,1398519566278,-0.01713562,-9.86795,0.3918152
1398519566712941505,1847092,1398519566288,0.053085327,-9.857239,0.4727478
1398519566718343116,1847092,1398519566288,-0.004043579,-9.870331,0.4489441
1398519566723378517,1847103,1398519566298,0.07569885,-9.876282,0.48583984
1398519566728535988,1847103,1398519566298,0.02571106,-9.869141,0.53344727
1398519566733022072,1847112,1398519566308,-0.008804321,-9.875092,0.40966797
1398519566738423683,1847112,1398519566308,0.0554657,-9.898895,0.4656067
1398519566743581154,1847123,1398519566319,0.04475403,-9.877472,0.4310913
1398519566748860695,1847123,1398519566319,-0.00642395,-9.807251,0.41323853
1398519566753194191,1847132,1398519566328,0.042373657,-9.885803,0.38110352
1398519566758565284,1847133,1398519566328,0.01737976,-9.848907,0.44299316
1398519566763722755,1847143,1398519566339,0.043563843,-9.844147,0.39657593
1398519566769002296,1847143,1398519566339,0.03404236,-9.897705,0.40371704
1398519566773274757,1847152,1398519566348,0.007858276,-9.870331,0.42276
1398519566778645851,1847153,1398519566348,0.04118347,-9.860809,0.4477539
1398519566783955909,1847163,1398519566359,0.030471802,-9.86557,0.44418335
1398519566789235450,1847164,1398519566359,0.02571106,-9.876282,0.41204834
1398519566793355323,1847172,1398519566368,0.009048462,-9.8941345,0.4489441
1398519566798634864,1847173,1398519566368,0.010238647,-9.879852,0.42514038
1398519566804463722,1847184,1398519566379,0.030471802,-9.86557,0.4882202
1398519566809651710,1847184,1398519566380,0.0030975342,-9.882233,0.43347168
1398519566813496925,1847192,1398519566387,7.171631E-4,-9.86557,0.42990112
1398519566818684913,1847192,1398519566388,0.048324585,-9.892944,0.39419556
1398519566824818947,1847204,1398519566400,0.042373657,-9.884613,0.48703003
1398519566830006935,1847204,1398519566400,0.0030975342,-9.911987,0.4572754
1398519566833638527,1847211,1398519566407,0.0030975342,-9.911987,0.4572754
1398519566838765480,1847213,1398519566408,0.061416626,-9.907227,0.45846558
1398519566844624855,1847224,1398519566420,0.016189575,-9.908417,0.44180298
1398519566849843361,1847224,1398519566420,0.04951477,-9.852478,0.46084595
1398519566853749611,1847233,1398519566428,0.04951477,-9.852478,0.46084595
1398519566858998634,1847233,1398519566428,0.01737976,-9.909607,0.43347168
1398519566865041114,1847244,1398519566440,0.029281616,-9.853668,0.38110352
1398519566870229103,1847245,1398519566440,0.029281616,-9.869141,0.43823242
1398519566873921730,1847251,1398519566447,0.029281616,-9.869141,0.43823242
1398519566879048683,1847253,1398519566449,-0.0076141357,-9.871521,0.41204834
1398519566884724952,1847264,1398519566460,-0.032608032,-9.890564,0.3656311
1398519566890004493,1847264,1398519566460,0.009048462,-9.820343,0.4810791
1398519566894093849,1847273,1398519566469,0.009048462,-9.820343,0.4810791
1398519566899342872,1847273,1398519566469,0.05189514,-9.859619,0.4310913
1398519566905141212,1847285,1398519566480,0.011428833,-9.86676,0.42752075
1398519566910420753,1847285,1398519566480,0.031661987,-9.878662,0.45846558
1398519566914204933,1847292,1398519566488,0.0554657,-9.838196,0.46322632
1398519566919362404,1847293,1398519566489,0.035232544,-9.846527,0.38467407
1398519566925526954,1847305,1398519566501,0.02809143,-9.888184,0.4060974
1398519566930806495,1847305,1398519566501,-0.0028533936,-9.86795,0.41680908
1398519566934316017,1847311,1398519566507,0.05189514,-9.859619,0.4822693
1398519566939351417,1847313,1398519566509,0.030471802,-9.86676,0.4060974
1398519566944386818,1847321,1398519566515,0.05189514,-9.856049,0.41918945
1398519566949422218,1847327,1398519566522,-0.008804321,-9.86795,0.41085815
1398519566954457618,1847328,1398519566524,0.050704956,-9.892944,0.43585205
1398519566959645607,1847339,1398519566535,-0.029037476,-9.891754,0.40252686
1398519566965047218,1847339,1398519566535,0.029281616,-9.860809,0.3989563
1398519566969807960,1847349,1398519566545,0.04475403,-9.853668,0.390625
1398519566975240089,1847349,1398519566545,-0.008804321,-9.909607,0.37039185
1398519566979756691,1847359,1398519566555,0.043563843,-9.875092,0.3894348
1398519566985188820,1847359,1398519566555,0.019760132,-9.882233,0.42514038
1398519566989827491,1847369,1398519566564,0.03404236,-9.882233,0.44418335
1398519566995107032,1847369,1398519566565,-0.009994507,-9.86676,0.42633057
1398519567000508644,1847381,1398519566577,0.053085327,-9.859619,0.41918945
1398519567005757667,1847381,1398519566577,0.0054779053,-9.888184,0.42990112
1398519567009847023,1847386,1398519566581,0.0554657,-9.852478,0.42752075
1398519567014882423,1847390,1398519566586,-0.011184692,-9.835815,0.46203613
1398519567020039894,1847399,1398519566595,0.07807922,-9.890564,0.42156982
1398519567025410988,1847399,1398519566595,0.059036255,-9.854858,0.46322632
1398519567030629493,1847411,1398519566606,-0.0076141357,-9.841766,0.40014648
1398519567035909034,1847411,1398519566607,0.037612915,-9.848907,0.36325073
1398519567040059425,1847417,1398519566613,0.01499939,-9.877472,0.44418335
1398519567045094825,1847420,1398519566616,0.04951477,-9.877472,0.4572754
1398519567050221779,1847429,1398519566625,-0.012374878,-9.902466,0.4727478
1398519567055592872,1847431,1398519566626,0.024520874,-9.840576,0.4394226
1398519567060262062,1847439,1398519566635,0.030471802,-9.848907,0.42752075
1398519567065541603,1847439,1398519566635,0.03642273,-9.871521,0.44418335
1398519567071156837,1847451,1398519566646,0.01737976,-9.895325,0.44299316
1398519567076527931,1847451,1398519566647,0.019760132,-9.833435,0.41799927
1398519567080373146,1847458,1398519566654,0.043563843,-9.888184,0.44537354
1398519567085561134,1847459,1398519566655,0.04475403,-9.851288,0.46917725
1398519567091695167,1847471,1398519566667,-0.0052337646,-9.891754,0.4060974
1398519567096974708,1847471,1398519566667,-0.00642395,-9.922699,0.44299316
1398519567100484230,1847478,1398519566673,0.05189514,-9.851288,0.4072876
1398519567105519630,1847479,1398519566675,0.026901245,-9.846527,0.5072632
1398519567110829689,1847491,1398519566686,-0.015945435,-9.892944,0.50964355
1398519567116261818,1847491,1398519566687,0.01499939,-9.914368,0.45251465
1398519567120747902,1847500,1398519566695,0.03404236,-9.897705,0.40252686
1398519567126027443,1847500,1398519566696,0.013809204,-9.900085,0.50131226
1398519567131459572,1847511,1398519566707,0.06855774,-9.852478,0.4072876
1398519567136739113,1847511,1398519566707,-0.00642395,-9.809631,0.3918152
1398519567140797950,1847520,1398519566716,-0.00642395,-9.809631,0.3918152
1398519567146016456,1847520,1398519566716,0.05784607,-9.888184,0.4656067
1398519567151479103,1847531,1398519566726,-0.025466919,-9.902466,0.45251465
1398519567156697609,1847531,1398519566727,0.029281616,-9.914368,0.5536804
1398519567161031105,1847541,1398519566737,0.029281616,-9.914368,0.5536804
1398519567166371681,1847541,1398519566737,0.0042877197,-9.889374,0.41204834
1398519567171071388,1847551,1398519566746,0.0042877197,-9.889374,0.41204834
1398519567176472999,1847551,1398519566747,-0.025466919,-9.858429,0.3894348
1398519567181203224,1847561,1398519566756,-0.025466919,-9.858429,0.3894348
1398519567186696388,1847561,1398519566756,0.04475403,-9.848907,0.4144287
1398519567191640236,1847572,1398519566767,0.05189514,-9.885803,0.44537354
1398519567197285988,1847572,1398519566768,-0.004043579,-9.898895,0.39419556
1398519567201222755,1847579,1398519566774,0.010238647,-9.876282,0.43585205
1398519567206258156,1847580,1398519566776,-0.037368774,-9.841766,0.41918945
1398519567212361671,1847592,1398519566788,-0.015945435,-9.883423,0.43347168
1398519567217763282,1847592,1398519566788,-0.0052337646,-9.873901,0.42037964
1398519567221333839,1847599,1398519566794,0.043563843,-9.8941345,0.42633057
1398519567226369239,1847601,1398519566796,0.050704956,-9.854858,0.44299316
1398519567232503273,1847612,1398519566808,-0.008804321,-9.857239,0.49417114
1398519567237782814,1847612,1398519566808,0.031661987,-9.851288,0.45370483
1398519567241475441,1847619,1398519566815,0.0471344,-9.854858,0.41085815
1398519567246632911,1847621,1398519566816,0.042373657,-9.860809,0.4822693
1398519567252400734,1847632,1398519566827,0.010238647,-9.871521,0.45489502
1398519567257619239,1847632,1398519566828,0.03642273,-9.819153,0.45251465
1398519567261647560,1847642,1398519566837,0.05784607,-9.8941345,0.42156982
1398519567266835548,1847642,1398519566837,0.02571106,-9.860809,0.46679688
1398519567271809913,1847652,1398519566847,0.019760132,-9.86795,0.42156982
1398519567277669288,1847652,1398519566848,0.0030975342,-9.878662,0.4144287
1398519567281911232,1847661,1398519566857,0.030471802,-9.821533,0.47512817
1398519567287282325,1847661,1398519566857,0.07807922,-9.8941345,0.4965515
1398519567292439796,1847672,1398519566867,0.0030975342,-9.877472,0.43704224
1398519567297627784,1847672,1398519566868,0.012619019,-9.846527,0.4406128
1398519567302022316,1847681,1398519566877,0.02571106,-9.933411,0.44418335
1398519567307362892,1847681,1398519566877,-0.012374878,-9.885803,0.45013428
1398519567312581398,1847692,1398519566888,0.045944214,-9.846527,0.50845337
1398519567317799904,1847692,1398519566888,0.010238647,-9.852478,0.45013428
1398519567322194435,1847701,1398519566897,0.010238647,-9.819153,0.4822693
1398519567327565529,1847702,1398519566897,0.012619019,-9.817963,0.38586426
1398519567332722999,1847712,1398519566908,0.0054779053,-9.903656,0.3977661
1398519567338033058,1847712,1398519566908,0.037612915,-9.882233,0.44418335
1398519567342336036,1847722,1398519566917,0.039993286,-9.854858,0.44180298
1398519567347707130,1847722,1398519566917,0.0388031,-9.842957,0.3989563
1398519567352864601,1847732,1398519566928,0.022140503,-9.872711,0.45132446
1398519567358174659,1847733,1398519566928,0.0388031,-9.879852,0.49298096
1398519567362355568,1847739,1398519566934,0.06855774,-9.870331,0.38586426
1398519567367390968,1847743,1398519566938,0.016189575,-9.847717,0.4489441
1398519567372517921,1847752,1398519566947,0.01499939,-9.834625,0.44180298
1398519567377919532,1847752,1398519566948,0.0471344,-9.850098,0.4644165
1398519567383077003,1847763,1398519566958,0.030471802,-9.8941345,0.42156982
1398519567388387062,1847763,1398519566958,-4.7302246E-4,-9.852478,0.45846558
1398519567392659523,1847772,1398519566967,0.026901245,-9.877472,0.4644165
1398519567398000099,1847772,1398519566968,0.0388031,-9.902466,0.43823242
1398519567403340675,1847783,1398519566978,0.02571106,-9.844147,0.5132141
1398519567408559181,1847783,1398519566979,0.04475403,-9.846527,0.47988892
1398519567412831642,1847792,1398519566988,-4.7302246E-4,-9.9131775,0.4489441
1398519567418141700,1847792,1398519566988,-0.0028533936,-9.853668,0.4060974
1398519567423482277,1847803,1398519566999,0.050704956,-9.841766,0.43704224
1398519567428700782,1847803,1398519566999,0.06736755,-9.878662,0.45251465
1398519567432973243,1847812,1398519567008,0.06736755,-9.878662,0.45251465
1398519567438313820,1847812,1398519567008,0.031661987,-9.844147,0.46084595
1398519567443562843,1847823,1398519567019,0.06022644,-9.888184,0.3656311
1398519567448781349,1847823,1398519567019,0.0054779053,-9.820343,0.40490723
1398519567453114845,1847832,1398519567028,0.0054779053,-9.820343,0.40490723
1398519567458455421,1847832,1398519567028,0.01737976,-9.900085,0.4394226
1398519567463673927,1847843,1398519567039,0.061416626,-9.869141,0.49536133
1398519567468953468,1847843,1398519567039,0.029281616,-9.8619995,0.40490723
1398519567473195411,1847852,1398519567048,0.029281616,-9.8619995,0.40490723
1398519567478566505,1847853,1398519567048,0.029281616,-9.886993,0.41204834
1398519567483785011,1847863,1398519567059,0.020950317,-9.872711,0.4810791
1398519567489064552,1847864,1398519567059,-0.011184692,-9.835815,0.45132446
1398519567493367531,1847873,1398519567068,-0.023086548,-9.869141,0.45013428
1398519567498738624,1847873,1398519567068,0.011428833,-9.869141,0.4572754
1398519567503957130,1847884,1398519567079,-0.001663208,-9.889374,0.4144287
1398519567509267189,1847884,1398519567079,7.171631E-4,-9.879852,0.49536133
1398519567513539650,1847893,1398519567088,0.04951477,-9.891754,0.4394226
1398519567518880226,1847893,1398519567089,0.03642273,-9.900085,0.3751526
1398519567524098732,1847904,1398519567099,-0.011184692,-9.860809,0.3918152
1398519567529378273,1847904,1398519567099,0.029281616,-9.846527,0.45013428
1398519567533681251,1847913,1398519567109,0.048324585,-9.859619,0.37872314
1398519567539052345,1847913,1398519567109,0.0054779053,-9.889374,0.42752075
1398519567544240333,1847924,1398519567119,0.063797,-9.917938,0.40252686
1398519567549458839,1847924,1398519567119,0.03642273,-9.877472,0.3918152
1398519567553792335,1847933,1398519567129,0.024520874,-9.875092,0.45846558
1398519567559163429,1847933,1398519567129,0.06022644,-9.889374,0.48345947
1398519567564381935,1847944,1398519567139,-0.0052337646,-9.8619995,0.47750854
1398519567569600441,1847944,1398519567140,0.05784607,-9.848907,0.4965515
1398519567573964454,1847953,1398519567149,0.02571106,-9.840576,0.43823242
1398519567579305031,1847953,1398519567149,-0.00642395,-9.841766,0.4072876
1398519567584523536,1847964,1398519567160,0.03404236,-9.876282,0.4394226
1398519567589742042,1847964,1398519567160,0.032852173,-9.882233,0.4156189
1398519567594106056,1847973,1398519567169,0.02571106,-9.886993,0.40014648
1398519567599446632,1847973,1398519567169,0.012619019,-9.875092,0.53582764
1398519567604695656,1847984,1398519567180,-0.004043579,-9.917938,0.46084595
1398519567609914161,1847984,1398519567180,0.013809204,-9.845337,0.47512817
1398519567614217140,1847994,1398519567189,0.02571106,-9.854858,0.42990112
1398519567619618751,1847994,1398519567189,0.029281616,-9.857239,0.41680908
1398519567624806739,1848004,1398519567200,0.02571106,-9.86795,0.43466187
1398519567630086281,1848005,1398519567200,0.031661987,-9.860809,0.42871094
1398519567634328224,1848014,1398519567209,-0.004043579,-9.876282,0.42633057
1398519567639699318,1848014,1398519567209,0.08522034,-9.856049,0.43585205
1398519567644917823,1848025,1398519567220,0.050704956,-9.852478,0.41323853
1398519567650197364,1848025,1398519567220,-0.026657104,-9.871521,0.46203613
1398519567654500343,1848034,1398519567229,0.06260681,-9.86319,0.4822693
1398519567659871437,1848034,1398519567229,0.01499939,-9.840576,0.4882202
1398519567665089943,1848045,1398519567240,0.035232544,-9.875092,0.43585205
1398519567670400001,1848045,1398519567240,0.030471802,-9.8941345,0.4572754
1398519567674611427,1848054,1398519567249,0.06260681,-9.856049,0.4310913
1398519567679982521,1848054,1398519567250,0.03642273,-9.883423,0.44537354
1398519567685292579,1848065,1398519567260,0.009048462,-9.895325,0.43704224
1398519567690511085,1848065,1398519567261,0.024520874,-9.8941345,0.44299316
1398519567694814064,1848074,1398519567270,0.037612915,-9.838196,0.4489441
1398519567700154640,1848074,1398519567270,-0.0052337646,-9.877472,0.41085815
1398519567705403663,1848085,1398519567280,-0.020706177,-9.906036,0.40966797
1398519567710622169,1848085,1398519567281,0.020950317,-9.873901,0.4882202
1398519567714925148,1848094,1398519567290,0.069747925,-9.856049,0.4727478
1398519567720265724,1848094,1398519567290,0.009048462,-9.854858,0.42514038
1398519567725484230,1848105,1398519567301,0.019760132,-9.906036,0.45489502
1398519567730702736,1848105,1398519567301,0.035232544,-9.825104,0.39419556
1398519567735097267,1848114,1398519567310,0.035232544,-9.825104,0.39419556
1398519567740468361,1848115,1398519567310,0.030471802,-9.904846,0.41799927
1398519567745656349,1848125,1398519567321,0.010238647,-9.852478,0.40847778
1398519567750874855,1848125,1398519567321,0.043563843,-9.9131775,0.48583984
1398519567755208351,1848134,1398519567330,0.043563843,-9.9131775,0.48583984
1398519567760579445,1848135,1398519567330,0.018569946,-9.853668,0.4477539
1398519567765797950,1848145,1398519567341,0.06260681,-9.846527,0.42633057
1398519567771108009,1848146,1398519567341,0.01499939,-9.870331,0.4727478
1398519567775380470,1848155,1398519567350,0.007858276,-9.873901,0.43823242
1398519567780751564,1848155,1398519567350,0.045944214,-9.858429,0.3918152
1398519567785939552,1848166,1398519567361,0.0030975342,-9.860809,0.47869873
1398519567791219093,1848166,1398519567361,0.009048462,-9.859619,0.42156982
1398519567795522072,1848175,1398519567370,0.023330688,-9.907227,0.42871094
1398519567800893165,1848175,1398519567371,-0.025466919,-9.833435,0.44418335
1398519567806050636,1848186,1398519567381,0.02809143,-9.86319,0.46917725
1398519567811360695,1848186,1398519567381,0.039993286,-9.888184,0.4477539
1398519567815663673,1848195,1398519567391,0.042373657,-9.878662,0.46917725
1398519567821034767,1848195,1398519567391,0.063797,-9.828674,0.42037964
1398519567826192238,1848206,1398519567401,0.032852173,-9.898895,0.4310913
1398519567831502296,1848206,1398519567402,7.171631E-4,-9.7977295,0.390625
1398519567835805275,1848215,1398519567411,0.018569946,-9.873901,0.46203613
1398519567841145851,1848215,1398519567411,0.0042877197,-9.854858,0.47750854
1398519567846394874,1848226,1398519567421,0.04118347,-9.86319,0.40371704
1398519567851613380,1848226,1398519567422,0.07926941,-9.844147,0.5048828
1398519567855916359,1848235,1398519567431,0.08164978,-9.854858,0.46798706
1398519567861256935,1848235,1398519567431,0.06022644,-9.914368,0.41799927
1398519567866475441,1848246,1398519567442,0.06736755,-9.86438,0.4822693
1398519567871693947,1848246,1398519567442,-0.032608032,-9.8810425,0.42276
1398519567876057960,1848255,1398519567451,-0.00642395,-9.873901,0.42276
1398519567881429054,1848255,1398519567451,-0.009994507,-9.904846,0.42990112
1398519567886617042,1848266,1398519567462,-0.018325806,-9.879852,0.43585205
1398519567891835548,1848266,1398519567462,0.029281616,-9.859619,0.4322815
1398519567896199562,1848275,1398519567471,0.039993286,-9.917938,0.4239502
1398519567901570656,1848276,1398519567471,0.0030975342,-9.878662,0.4727478
1398519567906758644,1848286,1398519567482,0.04118347,-9.860809,0.43823242
1398519567912068702,1848287,1398519567482,0.042373657,-9.853668,0.4239502
1398519567916341163,1848296,1398519567491,0.011428833,-9.819153,0.42871094
1398519567921742775,1848296,1398519567491,0.009048462,-9.853668,0.4489441
1398519567926900245,1848306,1398519567502,0.054275513,-9.870331,0.43704224
1398519567932179786,1848307,1398519567502,0.011428833,-9.904846,0.4310913
1398519567936513282,1848316,1398519567511,0.019760132,-9.821533,0.44656372
1398519567941884376,1848316,1398519567512,7.171631E-4,-9.851288,0.4322815
1398519567946462013,1848323,1398519567518,0.012619019,-9.828674,0.4727478
1398519567951466896,1848327,1398519567522,0.010238647,-9.856049,0.4322815
1398519567956502296,1848330,1398519567526,0.053085327,-9.845337,0.4144287
1398519567962819435,1848342,1398519567538,-0.030227661,-9.851288,0.45251465
1398519567967915870,1848342,1398519567538,0.043563843,-9.839386,0.3977661
1398519567971669532,1848351,1398519567546,0.031661987,-9.858429,0.4239502
1398519567976857521,1848351,1398519567547,0.023330688,-9.86557,0.50250244
1398519567982533790,1848362,1398519567558,0.05189514,-9.827484,0.4965515
1398519567987721779,1848362,1398519567558,0.007858276,-9.86795,0.4239502
1398519567991841652,1848371,1398519567567,7.171631E-4,-9.882233,0.42514038
1398519567997060157,1848371,1398519567567,0.02809143,-9.859619,0.45370483
1398519568002889015,1848382,1398519567578,0.07688904,-9.875092,0.42752075
1398519568008077003,1848383,1398519567578,0.056655884,-9.885803,0.46084595
1398519568011952736,1848392,1398519567587,0.056655884,-9.885803,0.46084595
1398519568017110206,1848392,1398519567587,0.042373657,-9.896515,0.4810791
1398519568022450782,1848402,1398519567598,0.0042877197,-9.873901,0.46917725
1398519568027699806,1848402,1398519567598,0.0471344,-9.888184,0.3656311
1398519568032185890,1848412,1398519567608,0.0471344,-9.888184,0.3656311
1398519568037831642,1848412,1398519567608,0.03404236,-9.823914,0.40966797
1398519568042256691,1848422,1398519567618,0.03404236,-9.823914,0.40966797
1398519568047810890,1848422,1398519567618,0.0054779053,-9.853668,0.42156982
1398519568052174904,1848426,1398519567622,0.06022644,-9.896515,0.48583984
1398519568058095314,1848438,1398519567633,0.06022644,-9.936981,0.4144287
1398519568063374855,1848438,1398519567633,0.0388031,-9.872711,0.3989563
1398519568067281105,1848446,1398519567642,0.0471344,-9.86319,0.5120239
1398519568072530128,1848447,1398519567642,0.04118347,-9.834625,0.40847778
1398519568078511573,1848458,1398519567654,0.0042877197,-9.839386,0.3894348
1398519568083821632,1848458,1398519567654,0.023330688,-9.897705,0.42156982
1398519568087422706,1848462,1398519567657,0.037612915,-9.906036,0.4560852
1398519568093526222,1848473,1398519567669,0.007858276,-9.86676,0.4322815
1398519568098805763,1848473,1398519567669,-0.0052337646,-9.839386,0.40252686
1398519568102528907,1848482,1398519567677,0.010238647,-9.832245,0.44537354
1398519568107747413,1848482,1398519567678,0.045944214,-9.886993,0.48703003
1398519568113515236,1848492,1398519567688,0.06498718,-9.852478,0.41085815
1398519568118184425,1848492,1398519567688,0.026901245,-9.845337,0.4406128
1398519568122731544,1848498,1398519567694,0.006668091,-9.834625,0.43823242
1398519568127736427,1848503,1398519567699,0.06022644,-9.859619,0.3668213
1398519568132771827,1848508,1398519567704,0.042373657,-9.839386,0.41918945
1398519568137807228,1848513,1398519567709,-0.004043579,-9.9131775,0.40133667
1398519568142934181,1848522,1398519567718,0.030471802,-9.823914,0.52630615
1398519568148274757,1848522,1398519567718,-0.058792114,-9.886993,0.43347168
1398519568153554298,1848533,1398519567729,0.02809143,-9.888184,0.41323853
1398519568158742286,1848533,1398519567729,-0.02784729,-9.8619995,0.42871094
1398519568163106300,1848542,1398519567738,0.013809204,-9.828674,0.4489441
1398519568168446876,1848543,1398519567738,-0.014755249,-9.828674,0.4239502
1398519568173634864,1848553,1398519567749,0.024520874,-9.873901,0.44537354
1398519568178822853,1848553,1398519567749,0.020950317,-9.910797,0.4406128
1398519568183247902,1848563,1398519567758,-0.0028533936,-9.888184,0.43466187
1398519568188618995,1848563,1398519567758,0.029281616,-9.860809,0.4322815
1398519568193776466,1848573,1398519567769,0.020950317,-9.896515,0.4477539
1398519568198964454,1848573,1398519567769,0.011428833,-9.896515,0.48583984
1398519568203389503,1848583,1398519567778,0.0471344,-9.903656,0.44299316
1398519568208760597,1848583,1398519567778,0.024520874,-9.890564,0.42990112
1398519568213918068,1848594,1398519567789,0.024520874,-9.8298645,0.4822693
1398519568219197609,1848594,1398519567789,0.006668091,-9.858429,0.42990112
1398519568223531105,1848603,1398519567798,0.04475403,-9.941742,0.40847778
1398519568228902198,1848603,1398519567799,0.022140503,-9.891754,0.45489502
1398519568234090187,1848614,1398519567809,0.02809143,-9.825104,0.47988892
1398519568239339210,1848614,1398519567809,-0.009994507,-9.832245,0.390625
1398519568243642189,1848623,1398519567819,-0.019515991,-9.879852,0.49417114
1398519568249043800,1848623,1398519567819,0.04951477,-9.869141,0.4394226
1398519568254201271,1848634,1398519567829,0.011428833,-9.908417,0.4489441
1398519568259480812,1848634,1398519567830,0.05784607,-9.892944,0.39419556
1398519568263783790,1848643,1398519567839,0.054275513,-9.840576,0.49893188
1398519568269185402,1848643,1398519567839,-0.014755249,-9.873901,0.43704224
1398519568274342872,1848654,1398519567849,0.03404236,-9.858429,0.4477539
1398519568279530861,1848654,1398519567850,0.04475403,-9.838196,0.48464966
1398519568283955909,1848663,1398519567859,0.0054779053,-9.891754,0.4060974
1398519568289327003,1848663,1398519567859,0.05189514,-9.896515,0.4644165
1398519568294514991,1848674,1398519567870,0.02809143,-9.828674,0.36325073
1398519568299702980,1848674,1398519567870,0.0388031,-9.841766,0.41204834
1398519568304097511,1848683,1398519567879,0.0388031,-9.841766,0.41204834
1398519568309438087,1848684,1398519567879,0.007858276,-9.853668,0.4072876
1398519568314626075,1848694,1398519567890,0.007858276,-9.853668,0.4072876
1398519568319814064,1848694,1398519567890,0.0471344,-9.872711,0.48345947
1398519568324239113,1848704,1398519567899,0.0471344,-9.872711,0.48345947
1398519568329610206,1848704,1398519567899,0.026901245,-9.903656,0.4644165
1398519568334737159,1848714,1398519567910,0.029281616,-9.871521,0.44299316
1398519568339955665,1848714,1398519567910,0.02809143,-9.908417,0.40966797
1398519568344350197,1848724,1398519567919,0.02809143,-9.853668,0.40014648
1398519568349721290,1848724,1398519567919,0.012619019,-9.848907,0.42276
1398519568354909279,1848735,1398519567930,0.0054779053,-9.846527,0.42037964
1398519568360188820,1848735,1398519567930,0.0030975342,-9.877472,0.42990112
1398519568364491798,1848744,1398519567939,0.031661987,-9.869141,0.42990112
1398519568369893409,1848744,1398519567940,0.01499939,-9.816772,0.5001221
1398519568375050880,1848755,1398519567950,0.063797,-9.846527,0.40490723
1398519568380330421,1848755,1398519567950,0.06498718,-9.878662,0.45132446
1398519568384633400,1848764,1398519567960,0.035232544,-9.892944,0.40133667
1398519568390035011,1848764,1398519567960,0.029281616,-9.852478,0.44537354
1398519568395192482,1848775,1398519567970,0.030471802,-9.891754,0.3668213
1398519568400441505,1848775,1398519567971,0.035232544,-9.908417,0.38586426
1398519568404775001,1848784,1398519567980,0.02809143,-9.885803,0.45489502
1398519568410176613,1848784,1398519567980,0.01737976,-9.86795,0.4156189
1398519568415334083,1848795,1398519567991,-4.7302246E-4,-9.853668,0.4322815
1398519568420613624,1848795,1398519567991,0.012619019,-9.902466,0.4810791
1398519568424916603,1848804,1398519568000,0.043563843,-9.854858,0.43585205
1398519568430257179,1848804,1398519568000,0.06022644,-9.853668,0.4239502
1398519568435506202,1848815,1398519568011,0.045944214,-9.907227,0.47512817
1398519568440694191,1848815,1398519568011,0.006668091,-9.889374,0.44180298
1398519568445058204,1848824,1398519568020,-0.0135650635,-9.869141,0.4477539
1398519568450398781,1848825,1398519568020,0.050704956,-9.884613,0.4322815
1398519568455708839,1848835,1398519568031,0.024520874,-9.875092,0.42990112
1398519568460927345,1848835,1398519568031,0.030471802,-9.810822,0.45013428
1398519568465230323,1848845,1398519568040,-0.011184692,-9.876282,0.45013428
1398519568470570900,1848845,1398519568040,-0.001663208,-9.850098,0.41680908
1398519568475758888,1848855,1398519568051,-0.0076141357,-9.858429,0.49179077
1398519568480946876,1848855,1398519568051,-0.0028533936,-9.826294,0.42990112
1398519568485371925,1848865,1398519568060,0.013809204,-9.852478,0.4239502
1398519568490743019,1848865,1398519568060,-0.033798218,-9.871521,0.49893188
1398519568495900489,1848876,1398519568071,0.037612915,-9.892944,0.41680908
1398519568501180031,1848876,1398519568071,0.023330688,-9.906036,0.40252686
1398519568505483009,1848885,1398519568080,0.04118347,-9.888184,0.39657593
1398519568510884620,1848885,1398519568081,-0.009994507,-9.873901,0.4322815
1398519568516042091,1848896,1398519568091,0.012619019,-9.841766,0.4322815
1398519568521321632,1848896,1398519568091,0.026901245,-9.858429,0.5036926
1398519568525624611,1848905,1398519568101,0.031661987,-9.907227,0.4656067
1398519568531026222,1848905,1398519568101,0.048324585,-9.839386,0.42871094
1398519568536183693,1848916,1398519568111,-0.0028533936,-9.839386,0.40966797
1398519568541432716,1848916,1398519568112,0.05189514,-9.859619,0.39538574
1398519568545766212,1848925,1398519568121,0.016189575,-9.897705,0.5155945
1398519568551167823,1848925,1398519568121,0.010238647,-9.86676,0.46203613
1398519568556325294,1848936,1398519568132,-0.0076141357,-9.882233,0.48345947
1398519568561574318,1848936,1398519568132,-0.012374878,-9.86557,0.44418335
1398519568565907814,1848945,1398519568141,-0.001663208,-9.8619995,0.47155762
1398519568571278907,1848945,1398519568141,0.026901245,-9.838196,0.41918945
1398519568576527931,1848956,1398519568152,0.029281616,-9.892944,0.48464966
1398519568581746437,1848956,1398519568152,-0.001663208,-9.86676,0.50250244
1398519568586049415,1848965,1398519568161,-0.001663208,-9.86676,0.50250244
1398519568591389991,1848966,1398519568161,0.0554657,-9.860809,0.4060974
1398519568596700050,1848976,1398519568172,0.018569946,-9.840576,0.4656067
1398519568601918556,1848976,1398519568172,-0.00642395,-9.792969,0.46917725
1398519568606221534,1848986,1398519568181,-0.00642395,-9.792969,0.46917725
1398519568611562111,1848986,1398519568181,0.02571106,-9.876282,0.44180298
1398519568616750099,1848996,1398519568192,0.03404236,-9.883423,0.42633057
1398519568621968605,1848996,1398519568192,-0.0052337646,-9.878662,0.49536133
1398519568626332618,1849006,1398519568201,0.009048462,-9.833435,0.4406128
1398519568631673195,1849006,1398519568201,0.05189514,-9.853668,0.44537354
1398519568636891700,1849016,1398519568212,-0.009994507,-9.86676,0.47869873
1398519568642110206,1849017,1398519568212,0.02571106,-9.832245,0.4560852
1398519568646474220,1849026,1398519568221,0.042373657,-9.878662,0.47988892
1398519568651875831,1849026,1398519568222,0.023330688,-9.92865,0.40133667
1398519568657063820,1849037,1398519568232,0.01737976,-9.890564,0.46798706
1398519568662343361,1849037,1398519568232,0.007858276,-9.853668,0.4489441
1398519568666615822,1849046,1398519568242,0.030471802,-9.838196,0.4239502
1398519568671986915,1849046,1398519568242,0.042373657,-9.889374,0.4239502
1398519568677205421,1849057,1398519568252,0.05189514,-9.835815,0.43585205
1398519568682484962,1849057,1398519568253,0.016189575,-9.878662,0.4310913
1398519568686787941,1849066,1398519568262,0.042373657,-9.917938,0.4322815
1398519568692159034,1849066,1398519568262,0.10069275,-9.858429,0.43466187
1398519568697347023,1849077,1398519568273,-0.030227661,-9.839386,0.48703003
1398519568702626564,1849077,1398519568273,0.043563843,-9.884613,0.41085815
1398519568706899025,1849086,1398519568282,0.022140503,-9.871521,0.506073
1398519568712270118,1849086,1398519568282,-0.001663208,-9.879852,0.41204834
1398519568717458107,1849097,1398519568293,-4.7302246E-4,-9.850098,0.4406128
1398519568722646095,1849097,1398519568293,0.043563843,-9.873901,0.43823242
1398519568727071144,1849106,1398519568302,0.042373657,-9.857239,0.37991333
1398519568732442238,1849107,1398519568302,0.07093811,-9.857239,0.43704224
1398519568737599708,1849117,1398519568313,-0.001663208,-9.812012,0.44180298
1398519568742787697,1849117,1398519568313,0.010238647,-9.870331,0.4644165
1398519568747212745,1849127,1398519568322,0.012619019,-9.848907,0.4072876
1398519568752583839,1849127,1398519568322,0.022140503,-9.856049,0.4394226
1398519568757741310,1849137,1398519568333,0.06498718,-9.827484,0.35610962
1398519568762959816,1849137,1398519568333,0.032852173,-9.858429,0.4572754
1398519568767354347,1849147,1398519568342,0.04951477,-9.852478,0.44418335
1398519568772725441,1849147,1398519568342,0.012619019,-9.86676,0.41799927
1398519568777882911,1849157,1398519568353,0.012619019,-9.869141,0.36444092
1398519568783070900,1849158,1398519568353,-0.01713562,-9.896515,0.40014648
1398519568787465431,1849167,1398519568362,-0.001663208,-9.857239,0.41680908
1398519568792836525,1849167,1398519568363,0.04118347,-9.909607,0.4572754
1398519568798024513,1849178,1398519568373,0.04118347,-9.877472,0.43585205
1398519568803304054,1849178,1398519568373,0.0388031,-9.8619995,0.4322815
1398519568807607032,1849188,1398519568383,0.02809143,-9.878662,0.43585205
1398519568813008644,1849188,1398519568384,0.024520874,-9.86676,0.4906006
1398519568818032679,1849197,1398519568393,0.0019073486,-9.837006,0.37277222
1398519568823403773,1849197,1398519568393,0.020950317,-9.876282,0.4572754
1398519568828652796,1849208,1398519568404,0.0388031,-9.851288,0.45846558
1398519568833932337,1849208,1398519568404,0.0554657,-9.853668,0.473938
1398519568838204798,1849217,1398519568413,0.0471344,-9.872711,0.3894348
1398519568843575892,1849217,1398519568413,0.031661987,-9.873901,0.44180298
1398519568848733363,1849228,1398519568424,-0.01713562,-9.857239,0.45846558
1398519568853982386,1849228,1398519568424,0.02809143,-9.8941345,0.50131226
1398519568858315882,1849237,1398519568433,7.171631E-4,-9.877472,0.4239502
1398519568863717494,1849237,1398519568433,0.012619019,-9.876282,0.46798706
1398519568868874964,1849248,1398519568444,0.026901245,-9.837006,0.36206055
1398519568874062953,1849248,1398519568444,0.024520874,-9.812012,0.44180298
1398519568878488002,1849258,1398519568453,0.024520874,-9.812012,0.44180298
1398519568883859095,1849258,1398519568453,0.012619019,-9.854858,0.40847778
1398519568888406214,1849264,1398519568459,0.012619019,-9.854858,0.40847778
1398519568893441615,1849272,1398519568468,-0.0076141357,-9.860809,0.47631836
1398519568898690638,1849272,1398519568468,0.043563843,-9.8941345,0.4906006
1398519568904702601,1849284,1398519568480,0.010238647,-9.845337,0.45251465
1398519568909921107,1849284,1398519568480,0.03642273,-9.860809,0.42752075
1398519568913583216,1849291,1398519568486,0.030471802,-9.853668,0.46798706
1398519568918771205,1849293,1398519568488,0.042373657,-9.872711,0.48583984
1398519568924722132,1849304,1398519568500,0.0019073486,-9.888184,0.38705444
1398519568929940638,1849304,1398519568500,-0.020706177,-9.873901,0.47988892
1398519568933785853,1849312,1398519568507,0.031661987,-9.876282,0.42633057
1398519568938943324,1849313,1398519568508,0.029281616,-9.919128,0.42276
1398519568943795619,1849319,1398519568514,0.031661987,-9.879852,0.37991333
1398519568948831019,1849324,1398519568520,0.007858276,-9.873901,0.46798706
1398519568953866419,1849329,1398519568524,0.054275513,-9.851288,0.42037964
1398519568958901820,1849336,1398519568532,0.04951477,-9.879852,0.40371704
1398519568964120326,1849338,1398519568533,0.023330688,-9.882233,0.4394226
1398519568969003138,1849347,1398519568542,0.022140503,-9.86438,0.40371704
1398519568974191127,1849348,1398519568543,0.026901245,-9.853668,0.35372925
1398519568979073939,1849358,1398519568553,-0.033798218,-9.850098,0.3739624
1398519568984292445,1849358,1398519568554,0.037612915,-9.86557,0.35849
1398519568990334925,1849371,1398519568566,0.01499939,-9.878662,0.4310913
1398519568995614466,1849371,1398519568566,0.013809204,-9.884613,0.48345947
1398519568999215541,1849375,1398519568570,0.018569946,-9.857239,0.44299316
1398519569004220423,1849379,1398519568575,0.007858276,-9.848907,0.36920166
1398519569009347377,1849388,1398519568584,-0.0135650635,-9.848907,0.45132446
1398519569014626918,1849388,1398519568584,0.016189575,-9.831055,0.46679688
1398519569019448695,1849398,1398519568594,0.023330688,-9.841766,0.4310913
1398519569024789271,1849399,1398519568594,0.072128296,-9.859619,0.45132446
1398519569029550013,1849409,1398519568604,0.030471802,-9.831055,0.45489502
1398519569034890589,1849409,1398519568604,0.042373657,-9.884613,0.3977661
1398519569040078578,1849419,1398519568615,-0.001663208,-9.86795,0.48464966
1398519569045297084,1849420,1398519568616,0.012619019,-9.853668,0.4822693
1398519569049539027,1849427,1398519568622,0.011428833,-9.853668,0.42752075
1398519569054604945,1849428,1398519568624,0.009048462,-9.848907,0.40847778
1398519569059731898,1849439,1398519568634,0.016189575,-9.888184,0.473938
1398519569065133509,1849439,1398519568635,0.02571106,-9.871521,0.45013428
1398519569069894252,1849449,1398519568645,0.035232544,-9.86557,0.40252686
1398519569075295863,1849449,1398519568645,7.171631E-4,-9.848907,0.40966797
1398519569080056605,1849459,1398519568655,-0.009994507,-9.8810425,0.4322815
1398519569085458216,1849459,1398519568655,0.02809143,-9.870331,0.4144287
1398519569090127406,1849469,1398519568665,0.011428833,-9.832245,0.38705444
1398519569095406947,1849471,1398519568666,0.024520874,-9.919128,0.4977417
1398519569099893031,1849477,1398519568673,0.024520874,-9.872711,0.41680908
1398519569105050502,1849479,1398519568674,0.011428833,-9.847717,0.42871094
1398519569110543666,1849490,1398519568686,-0.033798218,-9.869141,0.4572754
1398519569115823207,1849490,1398519568686,0.024520874,-9.86438,0.4560852
1398519569120187220,1849499,1398519568695,0.010238647,-9.853668,0.4406128
1398519569125558314,1849499,1398519568695,0.013809204,-9.886993,0.44656372
1398519569130715785,1849510,1398519568706,0.045944214,-9.890564,0.50964355
1398519569135995326,1849510,1398519568706,0.018569946,-9.876282,0.4656067
1398519569140298304,1849519,1398519568715,0.02809143,-9.872711,0.4406128
1398519569145638880,1849519,1398519568715,-0.009994507,-9.889374,0.43585205
1398519569150369105,1849529,1398519568725,-0.001663208,-9.821533,0.4822693
1398519569155709681,1849530,1398519568725,0.063797,-9.856049,0.4394226
1398519569160958705,1849541,1398519568736,0.031661987,-9.870331,0.4489441
1398519569166146693,1849541,1398519568737,0.039993286,-9.831055,0.4394226
1398519569170449671,1849548,1398519568743,0.039993286,-9.831055,0.4394226
1398519569175546107,1849549,1398519568745,0.050704956,-9.8619995,0.42752075
1398519569181588587,1849561,1398519568756,-0.020706177,-9.850098,0.4239502
1398519569186776576,1849561,1398519568757,0.07926941,-9.898895,0.47512817
1398519569190530238,1849568,1398519568764,0.07926941,-9.898895,0.47512817
1398519569195718226,1849571,1398519568766,0.061416626,-9.8619995,0.45489502
1398519569200723109,1849580,1398519568775,0.04475403,-9.875092,0.40490723
1398519569206063685,1849580,1398519568775,0.01737976,-9.841766,0.43347168
1398519569211373744,1849591,1398519568786,-0.0076141357,-9.841766,0.45489502
1398519569216622767,1849591,1398519568787,0.04475403,-9.898895,0.45132446
1398519569220834193,1849600,1398519568795,-0.01713562,-9.885803,0.44537354
1398519569226052699,1849600,1398519568796,0.0388031,-9.86319,0.43823242
1398519569231576380,1849611,1398519568807,0.043563843,-9.897705,0.46917725
1398519569236825404,1849611,1398519568807,0.045944214,-9.851288,0.45251465
1398519569240914759,1849621,1398519568816,-0.044509888,-9.860809,0.40133667
1398519569246163783,1849621,1398519568817,0.07093811,-9.850098,0.41680908
1398519569251077113,1849631,1398519568827,0.045944214,-9.860809,0.4572754
1398519569256478724,1849631,1398519568827,0.042373657,-9.886993,0.5120239
1398519569261147914,1849641,1398519568836,0.023330688,-9.814392,0.4072876
1398519569266549525,1849641,1398519568837,0.016189575,-9.889374,0.49536133
1398519569271249232,1849651,1398519568847,0.04118347,-9.871521,0.4072876
1398519569276711878,1849651,1398519568847,0.042373657,-9.872711,0.43823242
1398519569281320033,1849661,1398519568856,0.012619019,-9.883423,0.38824463
1398519569286691127,1849661,1398519568856,-0.00642395,-9.890564,0.44537354
1398519569291848597,1849671,1398519568867,0.012619019,-9.853668,0.43466187
1398519569297128138,1849671,1398519568867,0.06498718,-9.896515,0.49179077
1398519569301461634,1849681,1398519568877,0.061416626,-9.923889,0.4810791
1398519569306832728,1849682,1398519568877,0.02571106,-9.889374,0.36801147
1398519569311471400,1849691,1398519568886,0.07569885,-9.882233,0.46203613
1398519569316811976,1849691,1398519568887,-0.029037476,-9.891754,0.41680908
1398519569321725306,1849701,1398519568897,0.03642273,-9.856049,0.45132446
1398519569327187953,1849701,1398519568897,0.03642273,-9.890564,0.45013428
1398519569331674037,1849711,1398519568907,0.01737976,-9.876282,0.42037964
1398519569337136683,1849711,1398519568907,0.006668091,-9.86319,0.42990112
1398519569341988978,1849721,1398519568917,0.050704956,-9.846527,0.45846558
1398519569347207484,1849721,1398519568917,0.0471344,-9.86557,0.47631836
1398519569351815638,1849731,1398519568927,0.03642273,-9.854858,0.45251465
1398519569357247767,1849731,1398519568927,0.053085327,-9.903656,0.45013428
1398519569362252650,1849741,1398519568937,0.031661987,-9.838196,0.4060974
1398519569367440638,1849742,1398519568937,0.007858276,-9.878662,0.4489441
1398519569371957240,1849751,1398519568947,0.07807922,-9.848907,0.34301758
1398519569377328334,1849751,1398519568947,0.069747925,-9.851288,0.45370483
1398519569382485804,1849762,1398519568957,0.06022644,-9.851288,0.4644165
1398519569387765345,1849762,1398519568958,0.012619019,-9.835815,0.4572754
1398519569392098841,1849771,1398519568967,0.026901245,-9.904846,0.44656372
1398519569397469935,1849771,1398519568967,0.02809143,-9.859619,0.46798706
1398519569402627406,1849782,1398519568978,0.02809143,-9.873901,0.45013428
1398519569407906947,1849782,1398519568978,0.0471344,-9.891754,0.41204834
1398519569412209925,1849791,1398519568987,0.009048462,-9.842957,0.42752075
1398519569417581019,1849791,1398519568987,0.069747925,-9.847717,0.4394226
1398519569422769007,1849802,1398519568998,0.012619019,-9.883423,0.43823242
1398519569428048548,1849802,1398519568998,0.006668091,-9.875092,0.40252686
1398519569432382044,1849811,1398519569007,0.007858276,-9.896515,0.46679688
1398519569437753138,1849812,1398519569007,0.054275513,-9.873901,0.4156189
1398519569442941127,1849822,1398519569018,0.0554657,-9.870331,0.4644165
1398519569448190150,1849822,1398519569018,0.0054779053,-9.870331,0.4310913
1398519569452493128,1849832,1398519569027,0.0054779053,-9.870331,0.4310913
1398519569457803187,1849832,1398519569027,0.019760132,-9.856049,0.4727478
1398519569463113246,1849842,1398519569038,0.06736755,-9.86795,0.36801147
1398519569468301234,1849843,1398519569038,0.0054779053,-9.870331,0.49298096
1398519569472665248,1849852,1398519569047,0.0054779053,-9.870331,0.49298096
1398519569478005824,1849852,1398519569047,0.0019073486,-9.821533,0.4394226
1398519569483254847,1849863,1398519569058,0.029281616,-9.787018,0.4156189
1398519569488442835,1849863,1398519569058,0.04118347,-9.900085,0.40252686
1398519569492776332,1849872,1398519569067,0.02809143,-9.870331,0.46322632
1398519569498116908,1849872,1398519569068,0.019760132,-9.873901,0.47155762
1398519569503457484,1849883,1398519569078,-0.0052337646,-9.834625,0.45132446
1398519569508675990,1849883,1398519569079,0.063797,-9.86557,0.43466187
1398519569512948451,1849892,1398519569088,0.043563843,-9.86795,0.40014648
1398519569518258509,1849892,1398519569088,0.032852173,-9.856049,0.41918945
1398519569523507533,1849903,1398519569098,7.171631E-4,-9.920319,0.4906006
1398519569528726039,1849903,1398519569099,0.031661987,-9.847717,0.42990112
1398519569533090052,1849912,1398519569108,0.020950317,-9.879852,0.48464966
1398519569538461146,1849912,1398519569108,0.0554657,-9.873901,0.45251465
1398519569543649134,1849923,1398519569119,0.035232544,-9.858429,0.40014648
1398519569548898158,1849923,1398519569119,0.06855774,-9.850098,0.45251465
1398519569553201136,1849932,1398519569128,0.032852173,-9.878662,0.55249023
1398519569558602748,1849932,1398519569128,-4.7302246E-4,-9.86557,0.4156189
1398519569563760218,1849943,1398519569139,0.006668091,-9.854858,0.40371704
1398519569569039759,1849943,1398519569139,0.012619019,-9.889374,0.44180298
1398519569573220668,1849948,1398519569144,0.0042877197,-9.833435,0.41204834
1398519569578256068,1849952,1398519569148,-0.0076141357,-9.851288,0.4239502
1398519569584573207,1849962,1398519569158,0.07331848,-9.870331,0.41085815
1398519569588601527,1849962,1398519569158,-0.023086548,-9.86795,0.4906006
1398519569593392787,1849968,1398519569164,-0.001663208,-9.876282,0.41680908
1398519569598397669,1849975,1398519569171,-0.0052337646,-9.896515,0.4310913
1398519569603433070,1849977,1398519569173,0.0042877197,-9.817963,0.45013428
1398519569608468470,1849986,1398519569181,0.05189514,-9.895325,0.4310913
1398519569613503871,1849987,1398519569183,0.01737976,-9.903656,0.3489685
1398519569619821009,1849999,1398519569195,-0.0028533936,-9.886993,0.4489441
1398519569625039515,1849999,1398519569195,0.024520874,-9.857239,0.47988892
1398519569628640589,1850006,1398519569202,0.022140503,-9.901276,0.4144287
1398519569633675990,1850008,1398519569203,0.030471802,-9.854858,0.47512817
1398519569639748988,1850019,1398519569215,0.04951477,-9.906036,0.41680908
1398519569644967494,1850019,1398519569215,-0.0028533936,-9.923889,0.31088257
1398519569648782191,1850026,1398519569222,0.032852173,-9.851288,0.40966797
1398519569653787074,1850028,1398519569224,0.02809143,-9.845337,0.4810791
1398519569658975062,1850034,1398519569229,0.009048462,-9.877472,0.47155762
1398519569663857875,1850039,1398519569234,0.02571106,-9.889374,0.4310913
1398519569668893275,1850046,1398519569241,0.0388031,-9.854858,0.3894348
1398519569674020228,1850063,1398519569245,0.02809143,-9.846527,0.4406128
1398519569678994593,1850063,1398519569259,0.03404236,-9.883423,0.42037964
1398519569684029994,1850063,1398519569259,0.035232544,-9.859619,0.47631836
1398519569689065394,1850064,1398519569259,-4.7302246E-4,-9.857239,0.41799927
1398519569694100794,1850114,1398519569310,-0.020706177,-9.870331,0.42514038
1398519569699105677,1850115,1398519569310,0.026901245,-9.853668,0.45251465
1398519569704171595,1850115,1398519569310,-0.0076141357,-9.870331,0.37872314
1398519569709206996,1850115,1398519569311,0.04951477,-9.839386,0.36206055
1398519569714242396,1850115,1398519569311,0.026901245,-9.842957,0.49298096
1398519569719277796,1850115,1398519569311,0.007858276,-9.915558,0.39657593
1398519569724313197,1850116,1398519569311,0.022140503,-9.86676,0.44180298
1398519569729348597,1850116,1398519569311,0.048324585,-9.857239,0.42156982
1398519569734383998,1850116,1398519569312,0.018569946,-9.908417,0.41085815
1398519569739419398,1850116,1398519569312,0.024520874,-9.859619,0.4572754
1398519569744424281,1850121,1398519569316,0.012619019,-9.86438,0.4060974
1398519569749459681,1850125,1398519569320,0.039993286,-9.858429,0.44418335
1398519569754403529,1850129,1398519569324,0.01737976,-9.854858,0.44180298
1398519569759499964,1850138,1398519569333,7.171631E-4,-9.882233,0.43466187
1398519569764626918,1850138,1398519569333,-0.014755249,-9.853668,0.5036926
1398519569769601283,1850148,1398519569343,-0.014755249,-9.853668,0.5036926
1398519569774697718,1850148,1398519569343,0.009048462,-9.825104,0.40133667
1398519569779641566,1850157,1398519569353,0.050704956,-9.877472,0.44656372
1398519569784768519,1850158,1398519569354,0.0019073486,-9.86319,0.48464966
1398519569790200648,1850168,1398519569364,-0.00642395,-9.8810425,0.41204834
1398519569794869837,1850168,1398519569364,0.054275513,-9.844147,0.4894104
1398519569800271449,1850178,1398519569374,0.05784607,-9.876282,0.4060974
1398519569804940638,1850178,1398519569374,0.061416626,-9.820343,0.42156982
1398519569810342250,1850188,1398519569384,0.023330688,-9.889374,0.49417114
1398519569815011439,1850188,1398519569384,0.06736755,-9.838196,0.41799927
1398519569820413050,1850198,1398519569394,0.024520874,-9.896515,0.47155762
1398519569825082240,1850198,1398519569394,0.016189575,-9.879852,0.42156982
1398519569830483851,1850208,1398519569404,0.03642273,-9.831055,0.48345947
1398519569835153041,1850208,1398519569404,0.053085327,-9.901276,0.4310913
1398519569840554652,1850218,1398519569414,-0.001663208,-9.857239,0.4239502
1398519569845223841,1850218,1398519569414,0.029281616,-9.886993,0.46917725
1398519569850625453,1850229,1398519569425,-0.02784729,-9.871521,0.44656372
1398519569855294642,1850229,1398519569425,0.056655884,-9.902466,0.42276
1398519569860146937,1850233,1398519569429,0.0054779053,-9.884613,0.40252686
1398519569865182337,1850238,1398519569434,0.026901245,-9.901276,0.39538574
1398519569870217738,1850247,1398519569443,-0.015945435,-9.877472,0.45846558
1398519569875314173,1850248,1398519569444,0.06260681,-9.853668,0.4894104
1398519569880746302,1850259,1398519569455,0.032852173,-9.882233,0.42633057
1398519569885476527,1850259,1398519569455,-0.011184692,-9.846527,0.47155762
1398519569890664515,1850269,1398519569464,0.02571106,-9.858429,0.38824463
1398519569895547328,1850269,1398519569464,0.045944214,-9.8941345,0.4727478
1398519569900979457,1850279,1398519569474,0.063797,-9.86557,0.40014648
1398519569905618128,1850279,1398519569474,0.030471802,-9.900085,0.42871094
1398519569911050257,1850289,1398519569484,0.016189575,-9.854858,0.45370483
1398519569915719447,1850289,1398519569485,0.043563843,-9.860809,0.4572754
1398519569921121058,1850299,1398519569495,0.032852173,-9.941742,0.390625
1398519569925790248,1850299,1398519569495,0.0042877197,-9.854858,0.42514038
1398519569931191859,1850309,1398519569505,-4.7302246E-4,-9.86557,0.43347168
1398519569935861048,1850309,1398519569505,0.037612915,-9.871521,0.4322815
1398519569941262660,1850320,1398519569515,0.018569946,-9.891754,0.5132141
1398519569946023402,1850322,1398519569518,0.037612915,-9.834625,0.4727478
1398519569950875697,1850325,1398519569520,0.0388031,-9.848907,0.45251465
1398519569955911097,1850331,1398519569527,0.0030975342,-9.919128,0.42156982
1398519569961007533,1850337,1398519569533,0.013809204,-9.86319,0.473938
1398519569966073451,1850340,1398519569535,0.030471802,-9.896515,0.51678467
1398519569971444544,1850348,1398519569544,-0.015945435,-9.857239,0.4560852
1398519569976174769,1850350,1398519569546,0.042373657,-9.8619995,0.4477539
1398519569981484828,1850359,1398519569554,-0.0028533936,-9.857239,0.4156189
1398519569986215052,1850360,1398519569556,0.026901245,-9.883423,0.42871094
1398519569991464076,1850369,1398519569564,0.007858276,-9.8810425,0.41918945
1398519569996316371,1850371,1398519569567,0.020950317,-9.816772,0.42871094
1398519570001290736,1850378,1398519569574,-4.7302246E-4,-9.825104,0.40966797
1398519570006387171,1850380,1398519569576,0.048324585,-9.846527,0.4906006
1398519570011727748,1850389,1398519569584,0.006668091,-9.885803,0.41323853
1398519570016457972,1850390,1398519569586,-0.01713562,-9.898895,0.3989563
1398519570021798548,1850399,1398519569594,0.0030975342,-9.850098,0.46084595
1398519570026528773,1850400,1398519569596,0.043563843,-9.86795,0.4644165
1398519570031838832,1850409,1398519569604,0.022140503,-9.856049,0.46203613
1398519570036569056,1850411,1398519569606,0.031661987,-9.86795,0.4310913
1398519570041818080,1850419,1398519569614,0.013809204,-9.846527,0.37753296
1398519570046670375,1850421,1398519569616,0.013809204,-9.846527,0.37753296
1398519570051980433,1850429,1398519569625,0.05784607,-9.884613,0.3822937
1398519570056741175,1850431,1398519569626,0.056655884,-9.891754,0.46917725
1398519570061990199,1850439,1398519569635,-0.021896362,-9.850098,0.4644165
1398519570066811976,1850442,1398519569638,-0.00642395,-9.889374,0.39300537
1398519570071725306,1850446,1398519569641,0.018569946,-9.845337,0.45013428
1398519570076760707,1850450,1398519569646,0.04118347,-9.902466,0.42037964
1398519570082772669,1850457,1398519569653,-0.025466919,-9.907227,0.46203613
1398519570086862025,1850461,1398519569657,0.0471344,-9.911987,0.40966797
1398519570092599330,1850472,1398519569668,0.026901245,-9.848907,0.42514038
1398519570097878871,1850472,1398519569668,0.023330688,-9.884613,0.3989563
1398519570101968226,1850481,1398519569677,0.006668091,-9.86319,0.47036743
1398519570107217250,1850481,1398519569677,0.0471344,-9.814392,0.4406128
1398519570113076625,1850492,1398519569688,-0.004043579,-9.877472,0.41204834
1398519570118295130,1850493,1398519569688,0.043563843,-9.890564,0.4727478
1398519570122109828,1850502,1398519569697,0.069747925,-9.904846,0.45965576
1398519570127267298,1850502,1398519569697,0.022140503,-9.86557,0.50845337
1398519570132668910,1850512,1398519569708,0.059036255,-9.921509,0.47869873
1398519570137948451,1850512,1398519569708,0.06736755,-9.833435,0.43823242
1398519570142342982,1850522,1398519569718,-0.0135650635,-9.86676,0.43466187
1398519570148019252,1850522,1398519569718,0.018569946,-9.841766,0.46798706
1398519570152413783,1850532,1398519569728,0.059036255,-9.86319,0.4072876
1398519570157998500,1850532,1398519569728,0.006668091,-9.8619995,0.38110352
1398519570162545619,1850542,1398519569738,0.029281616,-9.846527,0.47512817
1398519570168038783,1850542,1398519569738,7.171631E-4,-9.8941345,0.4394226
1398519570172707972,1850552,1398519569748,0.01499939,-9.897705,0.46798706
1398519570177987513,1850552,1398519569748,0.032852173,-9.86438,0.47036743
1398519570182809291,1850562,1398519569758,0.032852173,-9.86676,0.44418335
1398519570188119349,1850562,1398519569758,0.0471344,-9.838196,0.39538574
1398519570192788539,1850572,1398519569768,-0.004043579,-9.819153,0.4560852
1398519570198190150,1850586,1398519569782,0.01737976,-9.852478,0.4894104
1398519570202645716,1850587,1398519569782,0.039993286,-9.897705,0.38110352
1398519570207681117,1850587,1398519569782,0.030471802,-9.871521,0.41680908
1398519570212716517,1850587,1398519569782,0.02571106,-9.876282,0.45251465
1398519570217751918,1850639,1398519569834,-0.021896362,-9.884613,0.39657593
1398519570222787318,1850639,1398519569834,0.050704956,-9.839386,0.39657593
1398519570227822718,1850639,1398519569835,0.030471802,-9.852478,0.3894348
1398519570232858119,1850639,1398519569835,0.035232544,-9.848907,0.4144287
1398519570237893519,1850639,1398519569835,0.018569946,-9.891754,0.40966797
1398519570242959437,1850639,1398519569835,0.018569946,-9.860809,0.4906006
1398519570247994837,1850639,1398519569835,0.045944214,-9.859619,0.45132446
1398519570253060755,1850639,1398519569835,0.0388031,-9.92865,0.4322815
1398519570258035121,1850639,1398519569835,-0.012374878,-9.86319,0.473938
1398519570263009486,1850639,1398519569835,0.019760132,-9.908417,0.42633057
1398519570268014369,1850676,1398519569872,0.01737976,-9.853668,0.46203613
1398519570273049769,1850676,1398519569872,0.093551636,-9.86438,0.390625
1398519570278085169,1850676,1398519569872,0.03404236,-9.833435,0.38467407
1398519570283120570,1850676,1398519569872,0.01499939,-9.86795,0.44656372
1398519570288155970,1850676,1398519569872,7.171631E-4,-9.901276,0.47631836
1398519570293191371,1850677,1398519569872,0.011428833,-9.876282,0.44299316
1398519570298226771,1850677,1398519569872,0.042373657,-9.815582,0.42633057
1398519570303262171,1850677,1398519569872,0.054275513,-9.831055,0.4406128
1398519570308297572,1850693,1398519569889,0.03404236,-9.846527,0.42276
1398519570313332972,1850694,1398519569889,0.0388031,-9.86319,0.43347168
1398519570318368373,1850694,1398519569889,0.02809143,-9.898895,0.47155762
1398519570323403773,1850698,1398519569893,0.010238647,-9.846527,0.38824463
1398519570328439173,1850706,1398519569902,0.045944214,-9.910797,0.43823242
1398519570333505091,1850707,1398519569903,0.02809143,-9.870331,0.43347168
1398519570338509974,1850716,1398519569912,-0.039749146,-9.853668,0.41323853
1398519570343575892,1850717,1398519569913,0.07331848,-9.854858,0.46322632
1398519570349130091,1850727,1398519569923,0.05189514,-9.86438,0.51083374
1398519570353799281,1850727,1398519569923,0.050704956,-9.876282,0.473938
1398519570359200892,1850737,1398519569933,0.04951477,-9.853668,0.4144287
1398519570363870082,1850737,1398519569933,0.05189514,-9.854858,0.45251465
1398519570369271693,1850747,1398519569943,0.029281616,-9.883423,0.3822937
1398519570373940882,1850747,1398519569943,0.010238647,-9.875092,0.4906006
1398519570379342494,1850757,1398519569953,0.0054779053,-9.895325,0.4144287
1398519570384011683,1850757,1398519569953,0.007858276,-9.925079,0.41799927
1398519570389413294,1850767,1398519569963,0.029281616,-9.885803,0.41204834
1398519570394082484,1850767,1398519569963,0.02571106,-9.869141,0.3918152
1398519570399484095,1850777,1398519569973,-0.0052337646,-9.850098,0.41323853
1398519570404153285,1850777,1398519569973,0.037612915,-9.884613,0.49179077
1398519570409554896,1850788,1398519569983,0.019760132,-9.858429,0.50131226
1398519570414224085,1850788,1398519569983,0.01737976,-9.8941345,0.42633057
1398519570419711182,1850798,1398519569993,-0.004043579,-9.86795,0.47631836
1398519570424380371,1850798,1398519569993,0.020950317,-9.842957,0.4644165
1398519570429781983,1850808,1398519570003,0.043563843,-9.876282,0.3418274
1398519570434451172,1850808,1398519570003,0.045944214,-9.877472,0.38586426
1398519570439852783,1850818,1398519570013,0.03642273,-9.914368,0.5048828
1398519570444521973,1850818,1398519570013,-0.011184692,-9.916748,0.4394226
1398519570449374268,1850822,1398519570018,0.013809204,-9.856049,0.4489441
1398519570454409668,1850827,1398519570023,0.023330688,-9.92865,0.45013428
1398519570459445069,1850833,1398519570028,0.045944214,-9.884613,0.47036743
1398519570464510987,1850839,1398519570035,0.031661987,-9.840576,0.4572754
1398519570469607422,1850848,1398519570043,-0.011184692,-9.871521,0.42752075
1398519570474673340,1850848,1398519570044,-0.0052337646,-9.890564,0.4144287
1398519570479678223,1850857,1398519570052,0.02809143,-9.872711,0.3739624
1398519570484744141,1850858,1398519570054,0.06022644,-9.889374,0.39657593
1398519570489687988,1850864,1398519570060,7.171631E-4,-9.856049,0.4394226
1398519570494906494,1850872,1398519570068,0.006668091,-9.847717,0.49179077
1398519570499850342,1850874,1398519570069,0.059036255,-9.925079,0.42514038
1398519570505312988,1850883,1398519570079,0.029281616,-9.820343,0.42514038
1398519570509921143,1850883,1398519570079,0.050704956,-9.883423,0.45132446
1398519570515414307,1850893,1398519570089,0.03642273,-9.842957,0.40490723
1398519570520022461,1850893,1398519570089,0.030471802,-9.925079,0.41085815
1398519570525485108,1850903,1398519570099,0.0388031,-9.882233,0.4239502
1398519570530062744,1850903,1398519570099,-0.00642395,-9.869141,0.46679688
1398519570535555908,1850913,1398519570109,-0.001663208,-9.898895,0.40490723
1398519570540164063,1850913,1398519570109,-0.014755249,-9.834625,0.4322815
1398519570545626709,1850923,1398519570119,-0.01713562,-9.86676,0.3751526
1398519570550234863,1850923,1398519570119,0.006668091,-9.840576,0.39419556
1398519570555697510,1850933,1398519570129,0.03642273,-9.888184,0.44418335
1398519570560305664,1850933,1398519570129,0.013809204,-9.878662,0.4810791
1398519570565768311,1850943,1398519570139,0.022140503,-9.86438,0.46322632
1398519570570376465,1850944,1398519570139,0.020950317,-9.891754,0.4394226
1398519570575839112,1850953,1398519570149,-0.0052337646,-9.878662,0.3418274
1398519570580447266,1850954,1398519570149,0.016189575,-9.8941345,0.5144043
1398519570585909912,1850964,1398519570159,0.007858276,-9.903656,0.47631836
1398519570590518067,1850964,1398519570159,0.06498718,-9.8810425,0.46917725
1398519570595980713,1850974,1398519570169,-0.004043579,-9.895325,0.4406128
1398519570600588867,1850974,1398519570169,0.009048462,-9.870331,0.4310913
1398519570606051514,1850984,1398519570179,0.06617737,-9.882233,0.35253906
1398519570610629151,1850984,1398519570179,0.06617737,-9.882233,0.35253906
1398519570616122315,1850994,1398519570189,0.043563843,-9.910797,0.42156982
1398519570620730469,1850994,1398519570189,0.043563843,-9.910797,0.42156982
1398519570626193115,1851004,1398519570199,0.0030975342,-9.838196,0.4144287
1398519570630801270,1851004,1398519570200,0.022140503,-9.86676,0.4489441
1398519570636263916,1851014,1398519570209,0.007858276,-9.834625,0.42990112
1398519570640872070,1851014,1398519570210,-0.014755249,-9.889374,0.45846558
1398519570646334717,1851024,1398519570220,0.020950317,-9.86319,0.36206055
1398519570650942871,1851024,1398519570220,0.016189575,-9.872711,0.473938
1398519570655856201,1851032,1398519570228,0.023330688,-9.828674,0.41085815
1398519570660891602,1851036,1398519570231,0.045944214,-9.86319,0.48583984
1398519570665927002,1851040,1398519570235,0.069747925,-9.871521,0.473938
1398519570672244141,1851047,1398519570243,0.0042877197,-9.832245,0.390625
1398519570676089356,1851050,1398519570245,0.01737976,-9.896515,0.41918945
1398519570682375977,1851062,1398519570258,0.026901245,-9.876282,0.46798706
1398519570687716553,1851062,1398519570258,0.007858276,-9.92627,0.48703003
1398519570691195557,1851068,1398519570264,0.048324585,-9.8619995,0.4310913
1398519570696200440,1851070,1398519570266,0.03404236,-9.844147,0.49417114
1398519570702487061,1851082,1398519570277,0.048324585,-9.838196,0.43704224
1398519570707705567,1851082,1398519570278,0.02571106,-9.859619,0.36206055
1398519570711306641,1851089,1398519570284,0.01499939,-9.8619995,0.4239502
1398519570716403076,1851090,1398519570286,0.06022644,-9.835815,0.4310913
1398519570722506592,1851102,1398519570297,0.019760132,-9.883423,0.40014648
1398519570727786133,1851102,1398519570298,0.007858276,-9.922699,0.47869873
1398519570731448242,1851109,1398519570305,0.080459595,-9.857239,0.36087036
1398519570736605713,1851111,1398519570306,0.039993286,-9.908417,0.39657593
1398519570742312500,1851122,1398519570317,0.020950317,-9.8619995,0.41918945
1398519570747561524,1851122,1398519570317,0.006668091,-9.915558,0.44656372
1398519570751620362,1851131,1398519570327,0.018569946,-9.842957,0.44180298
1398519570756869385,1851132,1398519570327,0.05784607,-9.839386,0.4310913
1398519570761782715,1851141,1398519570337,0.026901245,-9.882233,0.44656372
1398519570767245362,1851141,1398519570337,0.02571106,-9.842957,0.40490723
1398519570772280762,1851152,1398519570348,0.031661987,-9.845337,0.42990112
1398519570777712891,1851152,1398519570348,0.026901245,-9.8619995,0.43347168
1398519570781832764,1851161,1398519570357,0.0030975342,-9.840576,0.3989563
1398519570787051270,1851161,1398519570357,0.009048462,-9.857239,0.40847778
1398519570792544434,1851172,1398519570367,-0.001663208,-9.890564,0.5489197
1398519570797732422,1851172,1398519570368,0.04118347,-9.884613,0.42276
1398519570802065918,1851181,1398519570377,0.019760132,-9.8941345,0.47631836
1398519570807406494,1851181,1398519570377,-0.00642395,-9.916748,0.4656067
1398519570812747070,1851192,1398519570388,0.04475403,-9.8810425,0.4572754
1398519570817935059,1851192,1398519570388,0.032852173,-9.883423,0.42990112
1398519570822238037,1851201,1398519570397,0.013809204,-9.884613,0.41799927
1398519570827578613,1851201,1398519570397,0.08760071,-9.871521,0.46679688
1398519570832858154,1851212,1398519570408,-0.014755249,-9.857239,0.4406128
1398519570838046143,1851212,1398519570408,0.016189575,-9.835815,0.4156189
1398519570842379639,1851221,1398519570417,0.013809204,-9.879852,0.39657593
1398519570847720215,1851222,1398519570417,0.045944214,-9.900085,0.3656311
1398519570852908203,1851232,1398519570428,0.007858276,-9.879852,0.42037964
1398519570858157227,1851232,1398519570428,-0.001663208,-9.8298645,0.4322815
1398519570862521240,1851242,1398519570437,0.06260681,-9.860809,0.36920166
1398519570867892334,1851242,1398519570437,0.07093811,-9.914368,0.44656372
1398519570873049805,1851252,1398519570448,0.022140503,-9.86676,0.48583984
1398519570878329346,1851253,1398519570448,-4.7302246E-4,-9.842957,0.44418335
1398519570882632324,1851262,1398519570457,-4.7302246E-4,-9.842957,0.44418335
1398519570888003418,1851262,1398519570457,0.0042877197,-9.820343,0.43466187
1398519570893252442,1851273,1398519570468,-0.009994507,-9.903656,0.4906006
1398519570898501465,1851273,1398519570468,7.171631E-4,-9.86676,0.42990112
1398519570902743408,1851282,1398519570477,7.171631E-4,-9.86676,0.42990112
1398519570908083985,1851282,1398519570478,-0.03855896,-9.844147,0.47155762
1398519570913485596,1851293,1398519570488,-0.009994507,-9.832245,0.46203613
1398519570918765137,1851293,1398519570489,0.09712219,-9.858429,0.43347168
1398519570922823975,1851302,1398519570497,0.032852173,-9.86319,0.3989563
1398519570928042481,1851302,1398519570497,0.020950317,-9.845337,0.4727478
1398519570933993408,1851313,1398519570509,0.09236145,-9.889374,0.42037964
1398519570939181397,1851314,1398519570509,0.037612915,-9.854858,0.37991333
1398519570942965576,1851318,1398519570514,-0.023086548,-9.872711,0.43466187
1398519570947970459,1851322,1398519570518,0.0054779053,-9.882233,0.46917725
1398519570953982422,1851332,1398519570528,-0.015945435,-9.8619995,0.3894348
1398519570958437988,1851333,1398519570528,0.04475403,-9.872711,0.45013428
1398519570963107178,1851338,1398519570534,0.048324585,-9.856049,0.41680908
1398519570968112061,1851344,1398519570539,0.050704956,-9.859619,0.42037964
1398519570973147461,1851348,1398519570544,0.050704956,-9.832245,0.39300537
1398519570978182862,1851354,1398519570549,0.01737976,-9.869141,0.43347168
1398519570983218262,1851361,1398519570556,-0.008804321,-9.840576,0.43585205
1398519570988406250,1851362,1398519570558,-0.014755249,-9.822723,0.4322815
1398519570994143555,1851373,1398519570569,0.018569946,-9.851288,0.4322815
1398519570999331543,1851374,1398519570569,0.07093811,-9.848907,0.37634277
1398519571003420899,1851382,1398519570578,0.013809204,-9.853668,0.4644165
1398519571008669922,1851383,1398519570578,0.023330688,-9.875092,0.46203613
1398519571014315674,1851394,1398519570589,0.0554657,-9.885803,0.40014648
1398519571019595215,1851394,1398519570589,0.032852173,-9.871521,0.4394226
1398519571023562500,1851403,1398519570598,0.018569946,-9.891754,0.4965515
1398519571028781006,1851403,1398519570598,-0.019515991,-9.891754,0.43704224
1398519571034640381,1851414,1398519570610,0.032852173,-9.878662,0.43347168
1398519571039919922,1851414,1398519570610,0.03642273,-9.888184,0.40133667
1398519571043673584,1851421,1398519570617,0.039993286,-9.812012,0.4144287
1398519571048831055,1851423,1398519570619,0.007858276,-9.86438,0.44418335
1398519571053713867,1851429,1398519570624,0.031661987,-9.911987,0.48583984
1398519571058749268,1851434,1398519570630,0.037612915,-9.879852,0.43347168
1398519571063784668,1851439,1398519570634,0.039993286,-9.878662,0.473938
1398519571068820069,1851447,1398519570642,0.04951477,-9.914368,0.4822693
1398519571074008057,1851448,1398519570643,0.04118347,-9.857239,0.3977661
1398519571078890869,1851458,1398519570653,7.171631E-4,-9.889374,0.42633057
1398519571084139893,1851458,1398519570653,0.03642273,-9.86795,0.43704224
1398519571088992188,1851468,1398519570663,0.0471344,-9.871521,0.4310913
1398519571094180176,1851468,1398519570664,0.07807922,-9.876282,0.5120239
1398519571100283692,1851481,1398519570676,0.03404236,-9.827484,0.4060974
1398519571105502197,1851481,1398519570676,-0.0052337646,-9.872711,0.43823242
1398519571109133789,1851485,1398519570680,0.069747925,-9.871521,0.44418335
1398519571114138672,1851489,1398519570685,-0.001663208,-9.822723,0.4322815
1398519571119265625,1851498,1398519570694,0.05784607,-9.8810425,0.3572998
1398519571124575684,1851498,1398519570694,0.061416626,-9.858429,0.44656372
1398519571129397461,1851508,1398519570704,0.013809204,-9.850098,0.42156982
1398519571134738037,1851509,1398519570704,0.07569885,-9.853668,0.43704224
1398519571139468262,1851519,1398519570714,0.0471344,-9.812012,0.41085815
1398519571144839356,1851519,1398519570714,0.045944214,-9.884613,0.49536133
1398519571149996826,1851529,1398519570725,0.02809143,-9.817963,0.47869873
1398519571155276367,1851531,1398519570726,0.06022644,-9.86438,0.49179077
1398519571159487793,1851537,1398519570732,0.06022644,-9.86438,0.49179077
1398519571164523194,1851538,1398519570734,-0.01713562,-9.86676,0.42752075
1398519571169650147,1851549,1398519570745,0.01737976,-9.80249,0.37753296
1398519571175112793,1851549,1398519570745,0.043563843,-9.826294,0.40847778
1398519571179873535,1851559,1398519570755,0.043563843,-9.826294,0.40847778
1398519571185305664,1851559,1398519570755,0.029281616,-9.907227,0.46084595
1398519571189944336,1851569,1398519570765,0.019760132,-9.942932,0.40133667
1398519571195223877,1851569,1398519570765,0.023330688,-9.8810425,0.46084595
1398519571199984619,1851579,1398519570775,0.04951477,-9.908417,0.45370483
1398519571205416748,1851579,1398519570775,0.08164978,-9.877472,0.4822693
1398519571209872315,1851588,1398519570783,0.018569946,-9.839386,0.42514038
1398519571215060303,1851589,1398519570784,-0.019515991,-9.835815,0.3977661
1398519571220461914,1851600,1398519570795,0.035232544,-9.872711,0.45489502
1398519571225680420,1851600,1398519570796,0.035232544,-9.879852,0.42990112
1398519571230074951,1851609,1398519570805,0.04475403,-9.872711,0.4894104
1398519571235446045,1851609,1398519570805,0.050704956,-9.851288,0.44180298
1398519571240634033,1851620,1398519570816,-4.7302246E-4,-9.92865,0.37634277
1398519571245852539,1851620,1398519570816,0.04475403,-9.86557,0.47631836
1398519571250216553,1851629,1398519570825,0.006668091,-9.859619,0.40847778
1398519571255557129,1851629,1398519570825,0.022140503,-9.86438,0.44537354
1398519571260256836,1851639,1398519570835,0.020950317,-9.823914,0.44180298
1398519571265566895,1851639,1398519570835,0.016189575,-9.857239,0.35849
1398519571270968506,1851651,1398519570847,0.02809143,-9.92984,0.43704224
1398519571276187012,1851651,1398519570847,0.023330688,-9.86438,0.4727478
1398519571280306885,1851657,1398519570853,0.012619019,-9.840576,0.45846558
1398519571285342285,1851659,1398519570855,0.053085327,-9.858429,0.45965576
1398519571290377686,1851666,1398519570861,0.018569946,-9.873901,0.4310913
1398519571295413086,1851674,1398519570870,-0.012374878,-9.906036,0.46798706
1398519571300662110,1851675,1398519570870,0.031661987,-9.859619,0.4060974
1398519571306582520,1851686,1398519570882,-0.00642395,-9.889374,0.45251465
1398519571311862061,1851686,1398519570882,-0.012374878,-9.879852,0.49298096
1398519571315554688,1851693,1398519570889,0.030471802,-9.853668,0.45013428
1398519571320773194,1851695,1398519570891,0.050704956,-9.86319,0.4560852
1398519571325656006,1851701,1398519570896,0.0471344,-9.854858,0.49893188
1398519571330691406,1851705,1398519570901,-0.014755249,-9.860809,0.45846558
1398519571336337158,1851716,1398519570911,0.026901245,-9.86438,0.44180298
1398519571341616699,1851716,1398519570912,0.043563843,-9.850098,0.40966797
1398519571345919678,1851725,1398519570921,0.016189575,-9.896515,0.51916504
1398519571351290772,1851725,1398519570921,0.013809204,-9.86676,0.40490723
1398519571356448242,1851736,1398519570932,0.026901245,-9.840576,0.5036926
1398519571361727783,1851736,1398519570932,-0.039749146,-9.870331,0.41323853
1398519571366030762,1851745,1398519570941,-0.030227661,-9.891754,0.46917725
1398519571371371338,1851745,1398519570941,-0.0076141357,-9.860809,0.3489685
1398519571376620362,1851756,1398519570952,0.03404236,-9.858429,0.42752075
1398519571381838867,1851756,1398519570952,0.035232544,-9.86557,0.42633057
1398519571386172363,1851765,1398519570961,0.029281616,-9.859619,0.43585205
1398519571391512940,1851765,1398519570961,0.01737976,-9.870331,0.4072876
1398519571396731445,1851776,1398519570972,0.032852173,-9.86676,0.40252686
1398519571401919434,1851776,1398519570972,0.016189575,-9.869141,0.4822693
1398519571406344483,1851786,1398519570981,0.016189575,-9.921509,0.44537354
1398519571411715576,1851786,1398519570981,0.012619019,-9.848907,0.42871094
1398519571416873047,1851796,1398519570992,0.04118347,-9.895325,0.4060974
1398519571422061035,1851796,1398519570992,-0.011184692,-9.844147,0.506073
1398519571426486084,1851806,1398519571001,0.016189575,-9.895325,0.43466187
1398519571431857178,1851806,1398519571001,0.01737976,-9.860809,0.46798706
1398519571437014649,1851816,1398519571012,0.04475403,-9.854858,0.41204834
1398519571442202637,1851817,1398519571012,-0.004043579,-9.847717,0.47869873
1398519571446627686,1851826,1398519571021,-0.004043579,-9.847717,0.47869873
1398519571451998779,1851826,1398519571022,0.07688904,-9.903656,0.49893188
1398519571457125733,1851837,1398519571032,0.029281616,-9.858429,0.38110352
1398519571462405274,1851837,1398519571032,0.03642273,-9.916748,0.40847778
1398519571466769287,1851846,1398519571042,0.03642273,-9.916748,0.40847778
1398519571472140381,1851846,1398519571042,0.0388031,-9.898895,0.47155762
1398519571477297852,1851857,1398519571052,0.07093811,-9.909607,0.46679688
1398519571482577393,1851857,1398519571053,-0.014755249,-9.853668,0.43466187
1398519571486880371,1851866,1398519571062,0.029281616,-9.870331,0.39657593
1398519571492251465,1851866,1398519571062,0.0471344,-9.873901,0.53344727
1398519571497439453,1851877,1398519571072,0.030471802,-9.878662,0.41323853
1398519571502718994,1851877,1398519571073,0.039993286,-9.825104,0.42752075
1398519571507021973,1851886,1398519571082,0.0471344,-9.850098,0.42752075
1398519571512423584,1851886,1398519571082,-0.026657104,-9.875092,0.43347168
1398519571517550537,1851897,1398519571093,0.03642273,-9.875092,0.46203613
1398519571522769043,1851897,1398519571093,0.006668091,-9.86319,0.49417114
1398519571527194092,1851906,1398519571102,0.006668091,-9.875092,0.35491943
1398519571532565186,1851907,1398519571102,-0.0076141357,-9.831055,0.42871094
1398519571537692139,1851917,1398519571113,0.007858276,-9.821533,0.45846558
1398519571542910645,1851917,1398519571113,0.016189575,-9.850098,0.4810791
1398519571547305176,1851926,1398519571122,0.023330688,-9.86557,0.40371704
1398519571552676270,1851927,1398519571122,0.04118347,-9.901276,0.37039185
1398519571557864258,1851937,1398519571133,0.0042877197,-9.909607,0.4560852
1398519571563052246,1851937,1398519571133,0.03642273,-9.813202,0.41323853
1398519571567477295,1851947,1398519571142,0.012619019,-9.817963,0.4477539
1398519571572817871,1851947,1398519571142,0.05189514,-9.938171,0.4310913
1398519571577975342,1851957,1398519571153,-0.0052337646,-9.86795,0.40014648
1398519571583193848,1851958,1398519571153,0.01737976,-9.889374,0.42156982
1398519571587618897,1851967,1398519571162,0.010238647,-9.8298645,0.4144287
1398519571592989990,1851967,1398519571163,-0.019515991,-9.841766,0.3989563
1398519571598177979,1851978,1398519571173,0.03642273,-9.846527,0.46322632
1398519571603427002,1851978,1398519571173,0.059036255,-9.854858,0.42156982
1398519571607729981,1851987,1398519571182,0.07331848,-9.847717,0.40371704
1398519571613101074,1851987,1398519571183,0.006668091,-9.86676,0.5001221
1398519571618289063,1851998,1398519571193,-0.00642395,-9.895325,0.44418335
1398519571623538086,1851998,1398519571194,0.054275513,-9.86319,0.47155762
1398519571627871582,1852007,1398519571203,0.032852173,-9.86557,0.43704224
1398519571633273194,1852007,1398519571203,0.018569946,-9.86557,0.44299316
1398519571638400147,1852018,1398519571214,0.024520874,-9.8810425,0.36920166
1398519571643679688,1852018,1398519571214,0.007858276,-9.8810425,0.4727478
1398519571647921631,1852023,1398519571218,0.0554657,-9.86319,0.41918945
1398519571652957031,1852028,1398519571223,0.007858276,-9.879852,0.40490723
1398519571657992432,1852034,1398519571229,0.01737976,-9.870331,0.4322815
1398519571663027832,1852041,1398519571236,0.0019073486,-9.873901,0.38824463
1398519571668063233,1852042,1398519571238,0.031661987,-9.900085,0.50964355
1398519571673098633,1852048,1398519571244,0.035232544,-9.86676,0.45489502
1398519571678134033,1852089,1398519571284,0.013809204,-9.841766,0.4394226
1398519571683169434,1852089,1398519571285,-0.014755249,-9.906036,0.4477539
1398519571688204834,1852089,1398519571285,-0.008804321,-9.875092,0.42990112
1398519571693240235,1852089,1398519571285,-0.009994507,-9.884613,0.46084595
1398519571698275635,1852090,1398519571285,-0.001663208,-9.8810425,0.44180298
1398519571703311035,1852090,1398519571285,-0.009994507,-9.825104,0.43585205
1398519571708346436,1852090,1398519571286,0.050704956,-9.885803,0.390625
1398519571713381836,1852090,1398519571286,0.022140503,-9.883423,0.4322815
1398519571718417237,1852094,1398519571289,0.0042877197,-9.884613,0.47512817
1398519571723452637,1852099,1398519571294,0.012619019,-9.870331,0.47512817
1398519571728488037,1852106,1398519571301,0.006668091,-9.873901,0.4310913
1398519571733492920,1852109,1398519571304,0.031661987,-9.839386,0.45846558
1398519571738650391,1852118,1398519571313,0.006668091,-9.86557,0.42871094
1398519571744052002,1852118,1398519571314,0.016189575,-9.869141,0.39419556
1398519571749209473,1852129,1398519571324,-0.052841187,-9.842957,0.4310913
1398519571754489014,1852129,1398519571324,0.09593201,-9.888184,0.45846558
1398519571758791992,1852138,1398519571334,0.09593201,-9.888184,0.45846558
1398519571764193604,1852138,1398519571334,0.042373657,-9.895325,0.39538574
1398519571769351074,1852149,1398519571344,0.029281616,-9.840576,0.42990112
1398519571774600098,1852149,1398519571345,0.012619019,-9.86557,0.4894104
1398519571778933594,1852158,1398519571354,0.01499939,-9.856049,0.4406128
1398519571784335205,1852158,1398519571354,0.04118347,-9.809631,0.4144287
1398519571789492676,1852169,1398519571365,0.093551636,-9.914368,0.45489502
1398519571794741699,1852169,1398519571365,0.0554657,-9.904846,0.4822693
1398519571799075195,1852178,1398519571374,0.08522034,-9.891754,0.4489441
1398519571804446289,1852178,1398519571374,-0.009994507,-9.906036,0.45489502
1398519571809634278,1852189,1398519571385,0.009048462,-9.823914,0.42037964
1398519571814822266,1852189,1398519571385,-4.7302246E-4,-9.879852,0.46203613
1398519571819247315,1852198,1398519571394,0.06855774,-9.878662,0.4322815
1398519571824618408,1852199,1398519571394,0.010238647,-9.86557,0.44537354
1398519571829745362,1852209,1398519571405,0.018569946,-9.86557,0.473938
1398519571834963867,1852209,1398519571405,7.171631E-4,-9.8619995,0.4489441
1398519571839266846,1852216,1398519571412,0.019760132,-9.852478,0.5370178
1398519571844271729,1852218,1398519571414,0.045944214,-9.885803,0.41085815
1398519571849429199,1852229,1398519571424,0.02571106,-9.835815,0.38467407
1398519571854800293,1852229,1398519571424,0.010238647,-9.86557,0.46322632
1398519571859500000,1852239,1398519571434,0.053085327,-9.840576,0.3894348
1398519571864901612,1852239,1398519571435,0.032852173,-9.901276,0.4656067
1398519571869601319,1852249,1398519571444,0.010238647,-9.856049,0.49417114
1398519571874972412,1852249,1398519571445,0.02571106,-9.86319,0.36920166
1398519571880129883,1852261,1398519571456,0.031661987,-9.86676,0.473938
1398519571885348389,1852261,1398519571456,-0.008804321,-9.869141,0.40847778
1398519571889590332,1852267,1398519571462,0.023330688,-9.860809,0.44537354
1398519571894625733,1852268,1398519571464,0.022140503,-9.853668,0.42037964
1398519571899996826,1852279,1398519571475,-0.0135650635,-9.850098,0.4644165
1398519571905276367,1852280,1398519571475,0.032852173,-9.875092,0.36087036
1398519571909854004,1852289,1398519571485,0.010238647,-9.939362,0.3668213
1398519571915286133,1852289,1398519571485,0.016189575,-9.860809,0.49179077
1398519571920260498,1852300,1398519571495,0.013809204,-9.846527,0.45489502
1398519571925509522,1852300,1398519571496,-0.001663208,-9.8941345,0.4156189
1398519571930026123,1852309,1398519571505,7.171631E-4,-9.842957,0.41204834
1398519571935458252,1852311,1398519571506,-4.7302246E-4,-9.8619995,0.5370178
1398519571939974854,1852318,1398519571513,0.029281616,-9.851288,0.45132446
1398519571945193360,1852319,1398519571515,7.171631E-4,-9.871521,0.45013428
1398519571950594971,1852331,1398519571526,0.03404236,-9.886993,0.51797485
1398519571955874512,1852331,1398519571527,0.072128296,-9.895325,0.44180298
1398519571960116455,1852337,1398519571533,0.054275513,-9.921509,0.39657593
1398519571965121338,1852339,1398519571534,0.035232544,-9.86438,0.41204834
1398519571971041748,1852351,1398519571546,0.0471344,-9.888184,0.4810791
1398519571976229737,1852351,1398519571546,0.022140503,-9.877472,0.4477539
1398519571980288574,1852359,1398519571555,0.053085327,-9.854858,0.49536133
1398519571985507080,1852360,1398519571556,0.06022644,-9.911987,0.3918152
1398519571990420410,1852370,1398519571565,0.016189575,-9.877472,0.47869873
1398519571995760987,1852370,1398519571565,-4.7302246E-4,-9.873901,0.40966797
1398519572000979492,1852381,1398519571576,0.0019073486,-9.86438,0.43704224
1398519572006167481,1852381,1398519571577,0.031661987,-9.891754,0.45370483
1398519572010470459,1852389,1398519571584,7.171631E-4,-9.809631,0.37158203
1398519572015627930,1852389,1398519571585,0.035232544,-9.837006,0.43823242
1398519572021731445,1852401,1398519571597,0.01499939,-9.86676,0.4239502
1398519572026949951,1852401,1398519571597,-0.008804321,-9.878662,0.49536133
1398519572030612061,1852408,1398519571604,-0.008804321,-9.878662,0.49536133
1398519572035739014,1852411,1398519571606,0.0471344,-9.888184,0.44656372
1398519572040774414,1852420,1398519571616,0.02571106,-9.859619,0.45251465
1398519572046176026,1852420,1398519571616,0.024520874,-9.828674,0.45846558
1398519572051302979,1852431,1398519571627,0.013809204,-9.908417,0.39657593
1398519572056643555,1852431,1398519571627,-0.015945435,-9.902466,0.47155762
1398519572060916016,1852440,1398519571636,0.02571106,-9.859619,0.40966797
1398519572066256592,1852441,1398519571636,-0.018325806,-9.853668,0.46917725
1398519572071322510,1852451,1398519571646,0.035232544,-9.838196,0.49179077
1398519572076571533,1852451,1398519571646,0.042373657,-9.907227,0.44299316
1398519572081088135,1852461,1398519571657,0.02809143,-9.8941345,0.4810791
1398519572086520264,1852462,1398519571657,0.012619019,-9.872711,0.4156189
1398519572091036865,1852470,1398519571666,0.082839966,-9.876282,0.38110352
1398519572096255371,1852470,1398519571666,0.009048462,-9.871521,0.4644165
1398519572101870606,1852482,1398519571677,0.032852173,-9.896515,0.40371704
1398519572107394287,1852482,1398519571678,0.022140503,-9.846527,0.42276
1398519572111208985,1852488,1398519571684,0.037612915,-9.872711,0.40133667
1398519572116183350,1852490,1398519571686,0.03404236,-9.895325,0.41204834
1398519572122500488,1852502,1398519571697,-0.008804321,-9.853668,0.3656311
1398519572127688477,1852502,1398519571698,0.0054779053,-9.819153,0.4310913
1398519572131320069,1852509,1398519571704,0.043563843,-9.86795,0.45965576
1398519572136447022,1852511,1398519571706,0.031661987,-9.871521,0.4572754
1398519572142367432,1852522,1398519571717,0.006668091,-9.840576,0.3572998
1398519572147585938,1852522,1398519571718,0.048324585,-9.903656,0.44418335
1398519572151431153,1852531,1398519571727,0.023330688,-9.806061,0.43823242
1398519572156649658,1852531,1398519571727,0.02809143,-9.857239,0.47988892
1398519572161685059,1852541,1398519571737,0.03642273,-9.854858,0.42037964
1398519572167117188,1852541,1398519571737,0.04475403,-9.883423,0.4406128
1398519572171938965,1852552,1398519571747,0.039993286,-9.879852,0.37991333
1398519572177462647,1852552,1398519571748,0.03642273,-9.850098,0.4822693
1398519572181704590,1852561,1398519571757,-0.004043579,-9.853668,0.48345947
1398519572187045166,1852561,1398519571757,-0.0028533936,-9.876282,0.43823242
1398519572192385742,1852572,1398519571767,0.010238647,-9.841766,0.47631836
1398519572197665283,1852572,1398519571768,0.032852173,-9.859619,0.45965576
1398519572201937744,1852581,1398519571777,0.03642273,-9.9131775,0.44656372
1398519572207278320,1852581,1398519571777,0.0554657,-9.878662,0.54296875
1398519572212496826,1852592,1398519571788,-4.7302246E-4,-9.845337,0.45251465
1398519572217776367,1852592,1398519571788,0.019760132,-9.876282,0.43823242
1398519572222048828,1852601,1398519571797,0.024520874,-9.908417,0.45489502
1398519572227419922,1852601,1398519571797,0.031661987,-9.834625,0.37991333
1398519572232607910,1852612,1398519571808,-0.011184692,-9.858429,0.37039185
1398519572237887451,1852612,1398519571808,0.05189514,-9.878662,0.40371704
1398519572242190430,1852621,1398519571817,0.019760132,-9.888184,0.49298096
1398519572247592041,1852622,1398519571817,0.029281616,-9.86319,0.45965576
1398519572252749512,1852632,1398519571828,0.024520874,-9.854858,0.43823242
1398519572257937500,1852632,1398519571828,0.011428833,-9.875092,0.48345947
1398519572262362549,1852642,1398519571837,0.03404236,-9.835815,0.44418335
1398519572267733643,1852642,1398519571837,0.050704956,-9.859619,0.45370483
1398519572272921631,1852652,1398519571848,0.020950317,-9.910797,0.46322632
1398519572278109619,1852653,1398519571848,0.01737976,-9.892944,0.3977661
1398519572282504151,1852662,1398519571857,0.0042877197,-9.809631,0.4560852
1398519572287875244,1852662,1398519571857,0.045944214,-9.886993,0.4072876
1398519572293032715,1852672,1398519571868,0.020950317,-9.857239,0.43585205
1398519572298220703,1852673,1398519571868,0.0030975342,-9.889374,0.40133667
1398519572302645752,1852682,1398519571877,0.0030975342,-9.889374,0.40133667
1398519572307986328,1852682,1398519571878,0.053085327,-9.870331,0.45251465
1398519572313174317,1852693,1398519571888,0.02571106,-9.900085,0.46679688
1398519572318362305,1852693,1398519571888,0.029281616,-9.886993,0.4322815
1398519572322787354,1852702,1398519571898,0.029281616,-9.886993,0.4322815
1398519572328158447,1852702,1398519571898,0.05189514,-9.839386,0.4572754
1398519572333315918,1852713,1398519571908,0.080459595,-9.890564,0.3572998
1398519572338595459,1852713,1398519571909,0.03404236,-9.879852,0.4965515
1398519572342898438,1852722,1398519571918,0.0019073486,-9.873901,0.45251465
1398519572348300049,1852722,1398519571918,0.04951477,-9.878662,0.47750854
1398519572353457520,1852733,1398519571929,0.024520874,-9.890564,0.4489441
1398519572358706543,1852733,1398519571929,0.016189575,-9.841766,0.4144287
1398519572362948487,1852739,1398519571935,0.019760132,-9.837006,0.5239258
1398519572367983887,1852742,1398519571938,0.031661987,-9.876282,0.5120239
1398519572374178955,1852752,1398519571948,0.026901245,-9.860809,0.38586426
1398519572378420899,1852753,1398519571948,0.032852173,-9.8810425,0.473938
1398519572383059570,1852758,1398519571954,0.030471802,-9.870331,0.4394226
1398519572388094971,1852764,1398519571960,0.024520874,-9.845337,0.47869873
1398519572393130371,1852768,1398519571964,-0.021896362,-9.883423,0.38467407
1398519572398165772,1852774,1398519571970,-0.023086548,-9.850098,0.4394226
1398519572403201172,1852781,1398519571976,0.018569946,-9.878662,0.4656067
1398519572408236572,1852782,1398519571978,-0.011184692,-9.851288,0.473938
1398519572414553711,1852794,1398519571990,0.010238647,-9.903656,0.47155762
1398519572419741699,1852794,1398519571990,-0.039749146,-9.857239,0.46679688
1398519572423373291,1852801,1398519571996,0.01737976,-9.856049,0.43585205
1398519572428500244,1852803,1398519571998,-0.061172485,-9.900085,0.46679688
1398519572434420654,1852814,1398519572010,-0.025466919,-9.839386,0.4310913
1398519572439639160,1852814,1398519572010,0.04118347,-9.869141,0.49417114
1398519572443484375,1852822,1398519572018,0.06617737,-9.875092,0.4477539
1398519572448672363,1852823,1398519572018,0.05784607,-9.844147,0.4560852
1398519572454836914,1852834,1398519572030,0.03404236,-9.848907,0.46203613
1398519572460024903,1852834,1398519572030,0.022140503,-9.848907,0.4810791
1398519572463656494,1852841,1398519572037,0.035232544,-9.860809,0.42156982
1398519572468783447,1852843,1398519572039,-0.009994507,-9.888184,0.44656372
1398519572474703858,1852854,1398519572050,0.042373657,-9.859619,0.41918945
1398519572479983399,1852854,1398519572050,0.037612915,-9.846527,0.40490723
1398519572483798096,1852862,1398519572057,0.010238647,-9.86319,0.41323853
1398519572488986084,1852863,1398519572058,0.018569946,-9.848907,0.44537354
1398519572495120117,1852875,1398519572070,0.0554657,-9.8941345,0.4560852
1398519572500399658,1852875,1398519572070,0.022140503,-9.846527,0.44180298
1398519572503909180,1852881,1398519572077,0.011428833,-9.854858,0.3822937
1398519572508944580,1852883,1398519572079,-0.023086548,-9.856049,0.47869873
1398519572514987061,1852895,1398519572090,0.0030975342,-9.827484,0.44180298
1398519572520266602,1852895,1398519572090,-0.0052337646,-9.841766,0.5155945
1398519572524081299,1852902,1398519572098,0.048324585,-9.826294,0.41799927
1398519572529269287,1852903,1398519572099,0.07093811,-9.889374,0.4322815
1398519572535403320,1852915,1398519572111,0.009048462,-9.841766,0.4394226
1398519572540682862,1852915,1398519572111,-0.004043579,-9.859619,0.44537354
1398519572544253418,1852922,1398519572117,-0.021896362,-9.877472,0.4894104
1398519572549258301,1852924,1398519572119,-0.012374878,-9.900085,0.47512817
1398519572555300781,1852935,1398519572130,0.04951477,-9.854858,0.5393982
1398519572560488770,1852935,1398519572131,0.031661987,-9.86319,0.44418335
1398519572564395020,1852943,1398519572139,0.031661987,-9.86319,0.44418335
1398519572569583008,1852944,1398519572139,0.0019073486,-9.8941345,0.43466187
1398519572575625488,1852955,1398519572151,0.011428833,-9.809631,0.42871094
1398519572580843994,1852955,1398519572151,0.05189514,-9.86438,0.47155762
1398519572584475586,1852962,1398519572158,0.05189514,-9.86438,0.47155762
1398519572589633057,1852964,1398519572159,0.04475403,-9.907227,0.40966797
1398519572595614502,1852975,1398519572171,0.029281616,-9.856049,0.38705444
1398519572600802490,1852975,1398519572171,0.0019073486,-9.8619995,0.4644165
1398519572604647705,1852984,1398519572179,0.0019073486,-9.8619995,0.4644165
1398519572609835694,1852984,1398519572179,0.04951477,-9.837006,0.46203613
1398519572615939209,1852995,1398519572191,-0.024276733,-9.86319,0.4822693
1398519572621127197,1852996,1398519572191,0.037612915,-9.9131775,0.42156982
1398519572624819824,1853002,1398519572198,0.023330688,-9.883423,0.47155762
1398519572629977295,1853004,1398519572200,0.01737976,-9.883423,0.473938
1398519572635592529,1853015,1398519572211,0.06022644,-9.873901,0.45965576
1398519572640841553,1853015,1398519572211,0.023330688,-9.877472,0.40966797
1398519572644930908,1853024,1398519572220,0.063797,-9.911987,0.41085815
1398519572650210449,1853024,1398519572220,-0.001663208,-9.826294,0.46798706
1398519572656069824,1853036,1398519572231,0.009048462,-9.884613,0.42633057
1398519572661349365,1853036,1398519572231,0.069747925,-9.840576,0.46084595
1398519572665103028,1853043,1398519572238,0.04118347,-9.915558,0.40847778
1398519572670229981,1853045,1398519572240,0.037612915,-9.850098,0.506073
1398519572675723145,1853055,1398519572251,-0.048080444,-9.8941345,0.4394226
1398519572680972168,1853055,1398519572251,0.032852173,-9.892944,0.44537354
1398519572685305664,1853065,1398519572260,0.024520874,-9.879852,0.40133667
1398519572690707276,1853065,1398519572260,-0.00642395,-9.86795,0.39657593
1398519572695864746,1853075,1398519572271,0.048324585,-9.888184,0.3977661
1398519572701052735,1853076,1398519572271,0.023330688,-9.897705,0.43704224
1398519572705477783,1853085,1398519572280,0.048324585,-9.841766,0.42276
1398519572710848877,1853085,1398519572280,-0.014755249,-9.886993,0.43347168
1398519572716006348,1853096,1398519572291,0.031661987,-9.884613,0.47155762
1398519572721194336,1853096,1398519572291,0.0019073486,-9.886993,0.45489502
1398519572725619385,1853105,1398519572300,0.013809204,-9.871521,0.44418335
1398519572730959961,1853105,1398519572301,0.024520874,-9.807251,0.43704224
1398519572736117432,1853116,1398519572311,0.029281616,-9.817963,0.40133667
1398519572741335938,1853116,1398519572311,0.023330688,-9.882233,0.4072876
1398519572745760987,1853125,1398519572321,-0.026657104,-9.858429,0.48703003
1398519572751132080,1853125,1398519572321,0.06617737,-9.886993,0.42156982
1398519572756259033,1853136,1398519572331,0.08403015,-9.822723,0.37158203
1398519572761477539,1853136,1398519572332,-0.0028533936,-9.86676,0.4060974
1398519572765872070,1853145,1398519572341,0.029281616,-9.889374,0.42514038
1398519572771212647,1853145,1398519572341,-0.04927063,-9.835815,0.4810791
1398519572776431153,1853156,1398519572352,0.07450867,-9.921509,0.48464966
1398519572781710694,1853156,1398519572352,0.0388031,-9.848907,0.44180298
1398519572786013672,1853165,1398519572361,0.06022644,-9.908417,0.45370483
1398519572791415283,1853165,1398519572361,7.171631E-4,-9.842957,0.43704224
1398519572796572754,1853176,1398519572372,-0.0028533936,-9.890564,0.4477539
1398519572801821778,1853176,1398519572372,-0.011184692,-9.819153,0.42752075
1398519572806155274,1853185,1398519572381,0.006668091,-9.856049,0.45370483
1398519572811526367,1853186,1398519572381,0.018569946,-9.933411,0.48703003
1398519572816714356,1853196,1398519572392,0.019760132,-9.901276,0.4489441
1398519572821963379,1853196,1398519572392,0.024520874,-9.838196,0.4144287
1398519572826296875,1853206,1398519572401,0.016189575,-9.844147,0.45489502
1398519572831698487,1853206,1398519572401,-0.0028533936,-9.871521,0.37158203
1398519572836855957,1853216,1398519572412,0.039993286,-9.883423,0.4656067
1398519572842135498,1853217,1398519572412,0.061416626,-9.872711,0.4394226
1398519572846438477,1853226,1398519572421,0.02809143,-9.86438,0.41799927
1398519572851779053,1853226,1398519572421,0.023330688,-9.8810425,0.46917725
1398519572857150147,1853237,1398519572432,-0.009994507,-9.848907,0.4406128
1398519572862338135,1853237,1398519572432,0.016189575,-9.888184,0.4656067
1398519572866580078,1853246,1398519572441,0.016189575,-9.888184,0.4656067
1398519572871890137,1853246,1398519572441,0.020950317,-9.966736,0.50964355
1398519572877261231,1853257,1398519572452,0.043563843,-9.835815,0.4060974
1398519572882479737,1853257,1398519572453,-0.00642395,-9.908417,0.46322632
1398519572886752197,1853267,1398519572463,-0.00642395,-9.908417,0.46322632
1398519572892123291,1853267,1398519572463,0.018569946,-9.858429,0.46322632
1398519572896700928,1853276,1398519572471,0.018569946,-9.858429,0.46322632
1398519572901919434,1853276,1398519572472,-0.018325806,-9.907227,0.41680908
1398519572907626221,1853287,1398519572483,0.042373657,-9.825104,0.47750854
1398519572912844727,1853287,1398519572483,0.059036255,-9.858429,0.4656067
1398519572916873047,1853296,1398519572492,0.04951477,-9.910797,0.49298096
1398519572922091553,1853296,1398519572492,0.026901245,-9.876282,0.41918945
1398519572928042481,1853308,1398519572503,0.022140503,-9.908417,0.43585205
1398519572933322022,1853308,1398519572503,-0.0135650635,-9.8941345,0.42990112
1398519572937014649,1853315,1398519572510,0.042373657,-9.896515,0.45013428
1398519572942111084,1853316,1398519572512,0.035232544,-9.886993,0.48345947
1398519572947024414,1853321,1398519572517,0.01737976,-9.846527,0.47869873
1398519572952853272,1853332,1398519572528,0.04118347,-9.875092,0.42990112
1398519572957919190,1853332,1398519572528,0.04118347,-9.878662,0.38467407
1398519572962252686,1853342,1398519572538,0.02571106,-9.813202,0.49417114
1398519572967837403,1853342,1398519572538,0.069747925,-9.86795,0.41323853
1398519572972506592,1853352,1398519572548,-0.001663208,-9.86676,0.45370483
1398519572977755615,1853352,1398519572548,-0.001663208,-9.870331,0.46084595
1398519572982577393,1853362,1398519572558,0.01499939,-9.86676,0.47155762
1398519572987856934,1853362,1398519572558,0.05784607,-9.870331,0.3822937
1398519572992648194,1853372,1398519572568,0.006668091,-9.8941345,0.35968018
1398519572998049805,1853372,1398519572568,0.03404236,-9.852478,0.37991333
1398519573002749512,1853382,1398519572578,0.018569946,-9.898895,0.42037964
1398519573007998535,1853382,1398519572578,0.009048462,-9.915558,0.35968018
1398519573012759278,1853392,1398519572588,0.037612915,-9.8619995,0.40490723
1398519573018160889,1853392,1398519572588,0.035232544,-9.86557,0.43466187
1398519573022830078,1853402,1398519572598,0.012619019,-9.857239,0.45965576
1398519573028262207,1853402,1398519572598,0.042373657,-9.8810425,0.42514038
1398519573033022949,1853413,1398519572608,0.0054779053,-9.841766,0.43585205
1398519573038241455,1853413,1398519572608,0.01737976,-9.869141,0.44299316
1398519573042819092,1853422,1398519572618,0.06736755,-9.890564,0.52511597
1398519573048251221,1853422,1398519572618,0.02809143,-9.834625,0.40371704
1398519573052798340,1853428,1398519572624,0.0471344,-9.859619,0.49179077
1398519573057833740,1853435,1398519572631,-0.024276733,-9.889374,0.4060974
1398519573062991211,1853437,1398519572633,0.030471802,-9.885803,0.4477539
1398519573068759033,1853448,1398519572644,0.018569946,-9.832245,0.3834839
1398519573074038574,1853449,1398519572644,0.023330688,-9.857239,0.44418335
1398519573077975342,1853457,1398519572653,0.012619019,-9.895325,0.5036926
1398519573083193848,1853457,1398519572653,0.013809204,-9.842957,0.46917725
1398519573089083740,1853469,1398519572664,0.035232544,-9.886993,0.42276
1398519573094363281,1853469,1398519572664,0.056655884,-9.86438,0.41799927
1398519573098116944,1853476,1398519572672,0.011428833,-9.845337,0.47036743
1398519573103274414,1853478,1398519572673,0.006668091,-9.847717,0.42037964
1398519573108767578,1853488,1398519572684,0.04951477,-9.820343,0.45370483
1398519573114138672,1853489,1398519572684,0.043563843,-9.900085,0.40014648
1398519573118380615,1853498,1398519572693,0.0019073486,-9.86676,0.4489441
1398519573123721192,1853498,1398519572693,0.01499939,-9.906036,0.48345947
1398519573128909180,1853509,1398519572704,0.012619019,-9.895325,0.40252686
1398519573134188721,1853509,1398519572704,0.069747925,-9.871521,0.3918152
1398519573138522217,1853518,1398519572713,0.012619019,-9.835815,0.4310913
1398519573143862793,1853518,1398519572714,-0.001663208,-9.885803,0.42514038
1398519573149111817,1853529,1398519572724,-0.021896362,-9.923889,0.45132446
1398519573154299805,1853529,1398519572724,0.06736755,-9.872711,0.48703003
1398519573158633301,1853538,1398519572734,0.018569946,-9.873901,0.48345947
1398519573163973877,1853538,1398519572734,0.05189514,-9.852478,0.4310913
1398519573169283936,1853549,1398519572744,0.03642273,-9.833435,0.3656311
1398519573174471924,1853549,1398519572745,0.01737976,-9.846527,0.41680908
1398519573178805420,1853558,1398519572754,0.01737976,-9.846527,0.41680908
1398519573184145996,1853558,1398519572754,0.0471344,-9.844147,0.43585205
1398519573189333985,1853569,1398519572764,0.011428833,-9.853668,0.38705444
1398519573194521973,1853569,1398519572765,-0.025466919,-9.923889,0.43466187
1398519573198947022,1853578,1398519572774,-0.025466919,-9.923889,0.43466187
1398519573204318115,1853578,1398519572774,0.024520874,-9.920319,0.48345947
1398519573209475586,1853589,1398519572785,0.0471344,-9.846527,0.44418335
1398519573214724610,1853589,1398519572785,0.024520874,-9.888184,0.45846558
1398519573219058106,1853598,1398519572794,0.024520874,-9.856049,0.3834839
1398519573224459717,1853599,1398519572794,0.045944214,-9.896515,0.4572754
1398519573229617188,1853609,1398519572805,0.053085327,-9.847717,0.44656372
1398519573234896729,1853609,1398519572805,0.0054779053,-9.86319,0.4156189
1398519573239077637,1853616,1398519572812,0.012619019,-9.806061,0.46322632
1398519573244113037,1853618,1398519572814,7.171631E-4,-9.871521,0.4656067
1398519573249270508,1853629,1398519572824,0.026901245,-9.842957,0.46322632
1398519573254672119,1853629,1398519572824,0.019760132,-9.859619,0.47988892
1398519573259371826,1853639,1398519572834,0.030471802,-9.869141,0.37753296
1398519573264773438,1853639,1398519572835,0.0019073486,-9.835815,0.43823242
1398519573269412110,1853649,1398519572844,0.07450867,-9.823914,0.4656067
1398519573274813721,1853649,1398519572845,0.032852173,-9.817963,0.4322815
1398519573279940674,1853661,1398519572856,0.006668091,-9.840576,0.42514038
1398519573285220215,1853661,1398519572856,0.04951477,-9.885803,0.49298096
1398519573289462158,1853667,1398519572862,0.020950317,-9.907227,0.39300537
1398519573294467041,1853668,1398519572864,0.069747925,-9.882233,0.4060974
1398519573299777100,1853679,1398519572875,0.032852173,-9.892944,0.40966797
1398519573305209229,1853680,1398519572875,-0.004043579,-9.831055,0.49298096
1398519573309756348,1853689,1398519572885,0.05189514,-9.904846,0.3739624
1398519573315188477,1853689,1398519572885,0.043563843,-9.816772,0.4894104
1398519573319949219,1853699,1398519572895,0.029281616,-9.888184,0.5072632
1398519573325381348,1853700,1398519572895,0.080459595,-9.886993,0.45251465
1398519573329989502,1853711,1398519572906,0.013809204,-9.869141,0.49893188
1398519573335391113,1853711,1398519572906,0.04118347,-9.825104,0.42514038
1398519573339785645,1853717,1398519572913,-0.0135650635,-9.832245,0.43585205
1398519573344943115,1853719,1398519572914,0.06022644,-9.919128,0.42156982
1398519573350466797,1853730,1398519572926,0.019760132,-9.858429,0.43466187
1398519573355654785,1853730,1398519572926,0.0054779053,-9.877472,0.44537354
1398519573360079834,1853739,1398519572935,-0.008804321,-9.828674,0.43347168
1398519573365450928,1853740,1398519572935,-0.001663208,-9.858429,0.32159424
1398519573370608399,1853750,1398519572946,0.01737976,-9.854858,0.41204834
1398519573375887940,1853750,1398519572946,0.030471802,-9.833435,0.51678467
1398519573380221436,1853761,1398519572956,0.029281616,-9.833435,0.45965576
1398519573385592529,1853761,1398519572956,0.022140503,-9.860809,0.4477539
1398519573390200684,1853769,1398519572965,0.02571106,-9.838196,0.5001221
1398519573395480225,1853770,1398519572965,0.010238647,-9.828674,0.4560852
1398519573401095459,1853781,1398519572976,0.030471802,-9.888184,0.4310913
1398519573406436035,1853781,1398519572977,0.04951477,-9.870331,0.4727478
1398519573410342285,1853790,1398519572985,0.023330688,-9.848907,0.47869873
1398519573415530274,1853790,1398519572985,0.050704956,-9.870331,0.49179077
1398519573421145508,1853801,1398519572996,0.042373657,-9.872711,0.45965576
1398519573426425049,1853801,1398519572997,0.024520874,-9.858429,0.44537354
1398519573430483887,1853811,1398519573006,0.018569946,-9.8810425,0.3406372
1398519573435671875,1853811,1398519573006,0.006668091,-9.844147,0.46679688
1398519573440615723,1853820,1398519573016,0.04475403,-9.859619,0.43466187
1398519573446017334,1853820,1398519573016,0.009048462,-9.815582,0.49417114
1398519573451144287,1853831,1398519573026,-0.021896362,-9.910797,0.4406128
1398519573456362793,1853831,1398519573027,0.031661987,-9.900085,0.44180298
1398519573460757324,1853840,1398519573036,0.031661987,-9.900085,0.44180298
1398519573466097901,1853840,1398519573036,-0.015945435,-9.886993,0.44418335
1398519573471346924,1853851,1398519573046,0.016189575,-9.875092,0.45370483
1398519573476534912,1853851,1398519573047,0.016189575,-9.870331,0.45013428
1398519573480929444,1853861,1398519573057,0.016189575,-9.870331,0.45013428
1398519573486270020,1853861,1398519573057,0.04118347,-9.847717,0.43704224
1398519573491000244,1853871,1398519573066,0.01737976,-9.86676,0.40133667
1398519573496310303,1853871,1398519573067,0.0471344,-9.891754,0.4727478
1398519573501071045,1853881,1398519573076,0.010238647,-9.838196,0.38824463
1398519573506442139,1853881,1398519573077,0.02809143,-9.838196,0.46322632
1398519573511141846,1853891,1398519573086,7.171631E-4,-9.86557,0.43704224
1398519573516573975,1853891,1398519573087,0.0388031,-9.852478,0.51916504
1398519573521212647,1853901,1398519573096,0.07450867,-9.8619995,0.47155762
1398519573526705811,1853901,1398519573097,-0.011184692,-9.890564,0.4239502
1398519573531405518,1853911,1398519573107,0.037612915,-9.903656,0.41680908
1398519573536837647,1853911,1398519573107,0.02809143,-9.821533,0.34658813
1398519573541567871,1853921,1398519573117,-0.0028533936,-9.871521,0.4656067
1398519573546847412,1853921,1398519573117,0.05189514,-9.835815,0.47869873
1398519573551425049,1853931,1398519573127,0.0042877197,-9.904846,0.4822693
1398519573556857178,1853931,1398519573127,0.016189575,-9.869141,0.45370483
1398519573561801026,1853941,1398519573137,-0.020706177,-9.907227,0.49298096
1398519573567050049,1853942,1398519573137,0.010238647,-9.915558,0.45013428
1398519573571566651,1853951,1398519573147,0.029281616,-9.844147,0.47155762
1398519573576968262,1853951,1398519573147,0.030471802,-9.834625,0.45489502
1398519573582095215,1853962,1398519573157,0.016189575,-9.8810425,0.3989563
1398519573587313721,1853962,1398519573157,0.011428833,-9.910797,0.4406128
1398519573591677735,1853971,1398519573167,0.024520874,-9.839386,0.44656372
1398519573597018311,1853971,1398519573167,0.03642273,-9.813202,0.44180298
1398519573602358887,1853982,1398519573178,0.006668091,-9.86557,0.45251465
1398519573607577393,1853982,1398519573178,-0.001663208,-9.821533,0.44656372
1398519573611788819,1853992,1398519573187,0.031661987,-9.838196,0.48345947
1398519573617098877,1853992,1398519573188,0.007858276,-9.860809,0.52511597
1398519573622244482,1854001,1398519573197,0.022140503,-9.873901,0.48583984
1398519573627585058,1854001,1398519573197,0.030471802,-9.891754,0.4656067
1398519573632895117,1854012,1398519573208,0.0019073486,-9.842957,0.41799927
1398519573638113623,1854012,1398519573208,0.011428833,-9.839386,0.42871094
1398519573642386083,1854021,1398519573217,0.006668091,-9.904846,0.4310913
1398519573647696142,1854021,1398519573217,-0.0028533936,-9.869141,0.4572754
1398519573653128271,1854032,1398519573228,0.012619019,-9.859619,0.45965576
1398519573658407812,1854033,1398519573228,0.037612915,-9.826294,0.46084595
1398519573662466650,1854041,1398519573237,-0.021896362,-9.910797,0.48464966
1398519573667715673,1854041,1398519573237,0.007858276,-9.8941345,0.47869873
1398519573673605566,1854053,1398519573249,0.006668091,-9.888184,0.37991333
1398519573678854589,1854053,1398519573249,0.03404236,-9.886993,0.4489441
1398519573682547216,1854061,1398519573257,0.039993286,-9.873901,0.4656067
1398519573687704687,1854062,1398519573257,0.009048462,-9.920319,0.43466187
1398519573692618017,1854068,1398519573264,0.031661987,-9.810822,0.4882202
1398519573697653417,1854073,1398519573268,0.011428833,-9.838196,0.43823242
1398519573702688818,1854078,1398519573273,0.03642273,-9.852478,0.46798706
1398519573707724218,1854083,1398519573278,0.007858276,-9.839386,0.3894348
1398519573712790136,1854088,1398519573283,0.048324585,-9.833435,0.42037964
1398519573717795019,1854093,1398519573288,0.020950317,-9.860809,0.48703003
1398519573722952490,1854102,1398519573298,0.024520874,-9.892944,0.36206055
1398519573728354101,1854102,1398519573298,0.019760132,-9.841766,0.41204834
1398519573733511572,1854113,1398519573308,0.012619019,-9.889374,0.4406128
1398519573738730078,1854113,1398519573309,0.04118347,-9.876282,0.45965576
1398519573743094091,1854122,1398519573318,0.04118347,-9.876282,0.45965576
1398519573748434667,1854122,1398519573318,0.0554657,-9.871521,0.46798706
1398519573753653173,1854133,1398519573328,0.07569885,-9.870331,0.41680908
1398519573758841162,1854133,1398519573329,0.04951477,-9.8619995,0.37158203
1398519573763266210,1854142,1398519573338,0.04951477,-9.8619995,0.37158203
1398519573768637304,1854142,1398519573338,0.0042877197,-9.846527,0.4489441
1398519573773825292,1854153,1398519573349,0.02571106,-9.900085,0.42037964
1398519573779013281,1854153,1398519573349,0.0554657,-9.847717,0.4656067
1398519573783407812,1854162,1398519573358,0.0554657,-9.885803,0.43823242
1398519573788748388,1854163,1398519573358,-0.024276733,-9.839386,0.47631836
1398519573793905859,1854173,1398519573369,0.06855774,-9.902466,0.44180298
1398519573799124365,1854173,1398519573369,0.07569885,-9.872711,0.4156189
1398519573803549414,1854183,1398519573378,0.037612915,-9.86676,0.44537354
1398519573808920507,1854183,1398519573378,0.07331848,-9.916748,0.40490723
1398519573814077978,1854193,1398519573389,0.01737976,-9.858429,0.47750854
1398519573819357519,1854194,1398519573389,0.031661987,-9.858429,0.43823242
1398519573823691015,1854203,1398519573398,0.06022644,-9.871521,0.44656372
1398519573829062109,1854203,1398519573398,0.054275513,-9.86319,0.45370483
1398519573834250097,1854214,1398519573409,-0.009994507,-9.833435,0.48464966
1398519573839499121,1854214,1398519573409,0.006668091,-9.86319,0.43466187
1398519573843802099,1854223,1398519573418,0.04118347,-9.895325,0.36206055
1398519573849173193,1854223,1398519573419,-0.0052337646,-9.8619995,0.3239746
1398519573854391699,1854234,1398519573429,0.050704956,-9.882233,0.49417114
1398519573859640722,1854234,1398519573429,0.050704956,-9.842957,0.4144287
1398519573863943701,1854243,1398519573439,-0.04927063,-9.86676,0.46917725
1398519573869314794,1854243,1398519573439,0.037612915,-9.869141,0.3572998
1398519573874502783,1854254,1398519573449,0.03642273,-9.883423,0.40371704
1398519573879690771,1854254,1398519573449,0.007858276,-9.859619,0.3977661
1398519573884115820,1854263,1398519573459,0.02571106,-9.86438,0.4394226
1398519573889456396,1854263,1398519573459,0.023330688,-9.834625,0.44656372
1398519573894613867,1854274,1398519573469,0.01737976,-9.888184,0.40371704
1398519573899832373,1854274,1398519573470,-0.037368774,-9.882233,0.38467407
1398519573904257421,1854283,1398519573479,0.054275513,-9.86319,0.37158203
1398519573909628515,1854283,1398519573479,0.043563843,-9.860809,0.43347168
1398519573914785986,1854294,1398519573490,0.020950317,-9.877472,0.42990112
1398519573919973974,1854294,1398519573490,0.029281616,-9.884613,0.45013428
1398519573924399023,1854303,1398519573499,0.0054779053,-9.832245,0.44656372
1398519573929770117,1854304,1398519573499,0.0019073486,-9.846527,0.48464966
1398519573934958105,1854314,1398519573510,0.006668091,-9.852478,0.4656067
1398519573940146093,1854314,1398519573510,0.013809204,-9.845337,0.38824463
1398519573944418554,1854319,1398519573515,0.0042877197,-9.870331,0.4656067
1398519573949423437,1854327,1398519573522,0.039993286,-9.890564,0.48345947
1398519573954458837,1854328,1398519573524,0.050704956,-9.879852,0.42990112
1398519573959616308,1854339,1398519573534,0.06855774,-9.86438,0.42871094
1398519573965017919,1854339,1398519573534,0.01737976,-9.916748,0.5144043
1398519573969687109,1854349,1398519573544,0.048324585,-9.8619995,0.49179077
1398519573975119238,1854349,1398519573545,0.011428833,-9.900085,0.4727478
1398519573979788427,1854359,1398519573555,0.063797,-9.852478,0.38824463
1398519573985251074,1854359,1398519573555,0.0554657,-9.873901,0.37991333
1398519573990194921,1854371,1398519573566,0.029281616,-9.886993,0.46322632
1398519573995474462,1854371,1398519573566,0.04951477,-9.821533,0.4322815
1398519573999777441,1854377,1398519573572,-4.7302246E-4,-9.851288,0.3751526
1398519574004812841,1854378,1398519573574,0.0054779053,-9.845337,0.43347168
1398519574010244970,1854390,1398519573585,0.039993286,-9.848907,0.51083374
1398519574015555029,1854390,1398519573585,0.0030975342,-9.914368,0.40966797
1398519574020041113,1854399,1398519573595,0.01737976,-9.873901,0.4322815
1398519574025442724,1854399,1398519573595,0.056655884,-9.869141,0.4489441
1398519574030600195,1854410,1398519573606,0.010238647,-9.889374,0.45846558
1398519574035818701,1854410,1398519573606,0.07331848,-9.898895,0.43823242
1398519574040213232,1854419,1398519573615,0.07331848,-9.898895,0.43823242
1398519574045553808,1854419,1398519573615,0.06260681,-9.848907,0.48345947
1398519574050253515,1854429,1398519573625,0.06260681,-9.848907,0.48345947
1398519574055533056,1854429,1398519573625,-0.014755249,-9.878662,0.40133667
1398519574060904150,1854441,1398519573636,0.006668091,-9.884613,0.39419556
1398519574066122656,1854441,1398519573637,0.030471802,-9.883423,0.5227356
1398519574070273046,1854447,1398519573643,0.018569946,-9.838196,0.40371704
1398519574075308447,1854449,1398519573645,0.020950317,-9.839386,0.40847778
1398519574081320410,1854461,1398519573656,0.013809204,-9.872711,0.46084595
1398519574086569433,1854461,1398519573656,0.02809143,-9.856049,0.4144287
1398519574090414648,1854468,1398519573664,0.013809204,-9.8941345,0.46798706
1398519574095602636,1854469,1398519573665,0.03642273,-9.859619,0.4656067
1398519574101767187,1854481,1398519573677,0.031661987,-9.856049,0.36087036
1398519574107077246,1854481,1398519573677,-0.019515991,-9.857239,0.4477539
1398519574110556249,1854488,1398519573683,-0.008804321,-9.8298645,0.4239502
1398519574115622167,1854489,1398519573685,-0.004043579,-9.877472,0.4072876
1398519574120932226,1854501,1398519573696,0.050704956,-9.891754,0.42037964
1398519574126242285,1854501,1398519573697,0.03404236,-9.851288,0.34301758
1398519574130758886,1854510,1398519573705,-0.0052337646,-9.838196,0.44418335
1398519574135977392,1854510,1398519573705,0.03404236,-9.86319,0.36325073
1398519574141897802,1854522,1398519573717,-0.008804321,-9.86557,0.40966797
1398519574147452001,1854522,1398519573718,0.02571106,-9.884613,0.41085815
1398519574150869970,1854526,1398519573722,0.0554657,-9.8619995,0.47155762
1398519574155905371,1854533,1398519573729,0.06022644,-9.877472,0.37634277
1398519574161062841,1854535,1398519573731,-0.00642395,-9.900085,0.40252686
1398519574166708593,1854546,1398519573742,0.06617737,-9.923889,0.41799927
1398519574171927099,1854546,1398519573742,0.019760132,-9.838196,0.42633057
1398519574176169042,1854555,1398519573751,0.031661987,-9.776306,0.44656372
1398519574181448583,1854555,1398519573751,0.045944214,-9.896515,0.40490723
1398519574186911230,1854566,1398519573762,0.037612915,-9.902466,0.42752075
1398519574192129736,1854566,1398519573762,0.026901245,-9.8619995,0.41323853
1398519574196188574,1854575,1398519573771,0.022140503,-9.821533,0.47988892
1398519574201437597,1854575,1398519573771,-0.008804321,-9.885803,0.47869873
1398519574207327490,1854587,1398519573782,0.03642273,-9.86795,0.38705444
1398519574212515478,1854587,1398519573782,0.050704956,-9.890564,0.40371704
1398519574216299658,1854594,1398519573789,0.050704956,-9.890564,0.3989563
1398519574221518164,1854596,1398519573791,0.07569885,-9.873901,0.45489502
1398519574226980810,1854606,1398519573802,-0.004043579,-9.875092,0.43704224
1398519574232168798,1854606,1398519573802,0.01737976,-9.847717,0.49893188
1398519574236593847,1854616,1398519573811,0.01737976,-9.888184,0.4144287
1398519574241964941,1854616,1398519573811,0.045944214,-9.86438,0.43347168
1398519574247152929,1854627,1398519573822,-0.004043579,-9.821533,0.4489441
1398519574252432470,1854627,1398519573822,0.054275513,-9.859619,0.39538574
1398519574256704931,1854636,1398519573831,0.012619019,-9.873901,0.47750854
1398519574262045507,1854636,1398519573831,0.011428833,-9.826294,0.3739624
1398519574267264013,1854647,1398519573842,0.05189514,-9.895325,0.390625
1398519574272513037,1854647,1398519573842,0.007858276,-9.852478,0.4406128
1398519574276846533,1854656,1398519573852,-0.030227661,-9.852478,0.4489441
1398519574282217626,1854656,1398519573852,0.023330688,-9.879852,0.46203613
1398519574287405615,1854667,1398519573862,0.013809204,-9.889374,0.47512817
1398519574292776708,1854667,1398519573863,0.048324585,-9.908417,0.4822693
1398519574296988134,1854676,1398519573872,0.032852173,-9.901276,0.46917725
1398519574302328710,1854676,1398519573872,0.016189575,-9.896515,0.4156189
1398519574307547216,1854687,1398519573882,0.011428833,-9.86676,0.47869873
1398519574312826757,1854687,1398519573883,0.011428833,-9.870331,0.47869873
1398519574317129736,1854696,1398519573892,0.011428833,-9.870331,0.47869873
1398519574322470312,1854696,1398519573892,0.019760132,-9.901276,0.40847778
1398519574327841406,1854707,1398519573903,0.030471802,-9.884613,0.42752075
1398519574333029394,1854707,1398519573903,0.019760132,-9.859619,0.42514038
1398519574337301855,1854716,1398519573912,0.019760132,-9.859619,0.42514038
1398519574342611914,1854716,1398519573912,0.029281616,-9.901276,0.41918945
1398519574347891455,1854727,1398519573923,0.02571106,-9.883423,0.44299316
1398519574353079443,1854727,1398519573923,-0.0028533936,-9.892944,0.4156189
1398519574357443457,1854736,1398519573932,0.043563843,-9.8810425,0.38824463
1398519574362784033,1854737,1398519573932,0.02809143,-9.883423,0.44180298
1398519574367972021,1854747,1398519573943,0.0471344,-9.882233,0.5322571
1398519574373160009,1854747,1398519573943,0.011428833,-9.86795,0.4656067
1398519574377585058,1854757,1398519573952,0.020950317,-9.892944,0.40847778
1398519574382925634,1854757,1398519573952,0.04951477,-9.923889,0.41680908
1398519574388113623,1854767,1398519573963,0.031661987,-9.860809,0.40847778
1398519574393362646,1854768,1398519573963,0.019760132,-9.877472,0.44299316
1398519574397726660,1854777,1398519573972,0.06260681,-9.876282,0.46917725
1398519574403097753,1854777,1398519573973,0.016189575,-9.92865,0.5310669
1398519574408285742,1854788,1398519573983,0.035232544,-9.872711,0.4477539
1398519574413565283,1854788,1398519573983,0.035232544,-9.869141,0.3918152
1398519574417837744,1854797,1398519573993,0.020950317,-9.8298645,0.4394226
1398519574423208837,1854797,1398519573993,0.031661987,-9.919128,0.38467407
1398519574428396826,1854808,1398519574003,0.023330688,-9.852478,0.4644165
1398519574433676367,1854808,1398519574003,0.050704956,-9.889374,0.4406128
1398519574437979345,1854817,1398519574013,-0.008804321,-9.908417,0.4822693
1398519574443380957,1854817,1398519574013,0.04118347,-9.86557,0.4310913
1398519574448538427,1854828,1398519574023,0.039993286,-9.86795,0.42752075
1398519574453817968,1854828,1398519574024,0.04118347,-9.850098,0.41323853
1398519574458120947,1854837,1398519574033,0.037612915,-9.859619,0.47750854
1398519574463522558,1854837,1398519574033,0.045944214,-9.895325,0.40847778
1398519574468680029,1854848,1398519574044,0.04951477,-9.904846,0.45251465
1398519574473868017,1854848,1398519574044,-0.008804321,-9.876282,0.44656372
1398519574478293066,1854857,1398519574053,0.01499939,-9.8619995,0.38467407
1398519574483664160,1854858,1398519574053,0.04118347,-9.850098,0.4310913
1398519574488852148,1854868,1398519574064,0.009048462,-9.856049,0.47512817
1398519574494040136,1854868,1398519574064,0.0042877197,-9.848907,0.45132446
1398519574498434667,1854877,1398519574073,0.032852173,-9.900085,0.45489502
1398519574503775244,1854878,1398519574073,-0.00642395,-9.870331,0.48464966
1398519574508993749,1854888,1398519574084,0.048324585,-9.870331,0.41204834
1398519574514212255,1854888,1398519574084,0.029281616,-9.852478,0.47036743
1398519574518545751,1854898,1398519574093,0.029281616,-9.872711,0.42037964
1398519574523886328,1854898,1398519574093,0.08641052,-9.839386,0.47631836
1398519574529226904,1854909,1398519574104,-0.008804321,-9.851288,0.4477539
1398519574534414892,1854909,1398519574104,-0.00642395,-9.871521,0.4394226
1398519574538717871,1854918,1398519574113,-0.018325806,-9.903656,0.50845337
1398519574544088964,1854918,1398519574114,0.045944214,-9.86438,0.42871094
1398519574549276953,1854929,1398519574124,0.011428833,-9.871521,0.4489441
1398519574554525976,1854929,1398519574124,0.0388031,-9.86557,0.37753296
1398519574558828955,1854938,1398519574133,0.04475403,-9.884613,0.42276
1398519574564169531,1854938,1398519574134,0.031661987,-9.86676,0.4906006
1398519574569388037,1854949,1398519574144,0.013809204,-9.904846,0.45132446
1398519574574637060,1854949,1398519574144,-0.001663208,-9.821533,0.45489502
1398519574578970556,1854958,1398519574154,0.037612915,-9.86557,0.4477539
1398519574584341650,1854958,1398519574154,0.018569946,-9.873901,0.47750854
1398519574588919287,1854964,1398519574160,0.042373657,-9.850098,0.4072876
1398519574593954687,1854969,1398519574165,0.03642273,-9.875092,0.40371704
1398519574598990087,1854978,1398519574173,-0.029037476,-9.858429,0.41680908
1398519574604239111,1854978,1398519574174,0.01499939,-9.845337,0.3668213
1398519574609121923,1854988,1398519574184,0.02809143,-9.895325,0.41799927
1398519574614309912,1854988,1398519574184,-0.001663208,-9.889374,0.42276
1398519574619162207,1854998,1398519574194,-0.004043579,-9.845337,0.4072876
1398519574624411230,1854998,1398519574194,-0.023086548,-9.858429,0.42156982
1398519574630331640,1855011,1398519574206,0.042373657,-9.878662,0.42633057
1398519574635519628,1855011,1398519574206,-0.03617859,-9.879852,0.3894348
1398519574639303808,1855015,1398519574210,0.032852173,-9.886993,0.37872314
1398519574644308691,1855019,1398519574215,0.07450867,-9.839386,0.5001221
1398519574649466162,1855029,1398519574224,-0.020706177,-9.870331,0.4572754
1398519574654806738,1855029,1398519574224,0.016189575,-9.882233,0.46203613
1398519574659567480,1855039,1398519574234,0.07450867,-9.8619995,0.42633057
1398519574664938574,1855039,1398519574234,0.030471802,-9.902466,0.45251465
1398519574669638281,1855049,1398519574244,0.04475403,-9.911987,0.40490723
1398519574675009374,1855049,1398519574245,-0.004043579,-9.895325,0.45370483
1398519574680166845,1855060,1398519574256,0.037612915,-9.86557,0.41323853
1398519574685385351,1855061,1398519574256,0.024520874,-9.832245,0.3977661
1398519574689657812,1855067,1398519574262,0.03642273,-9.86319,0.48583984
1398519574694662695,1855068,1398519574264,0.048324585,-9.859619,0.4394226
1398519574699972753,1855079,1398519574275,0.03404236,-9.842957,0.40966797
1398519574705252294,1855079,1398519574275,-0.009994507,-9.876282,0.38824463
1398519574709952001,1855089,1398519574285,0.030471802,-9.876282,0.38824463
1398519574715414648,1855089,1398519574285,0.030471802,-9.891754,0.46917725
1398519574720144873,1855100,1398519574295,0.0388031,-9.883423,0.41918945
1398519574725393896,1855100,1398519574295,0.030471802,-9.885803,0.43347168
1398519574730032568,1855109,1398519574305,0.03642273,-9.872711,0.49536133
1398519574735464697,1855110,1398519574305,0.032852173,-9.921509,0.4322815
1398519574739981298,1855119,1398519574314,0.029281616,-9.871521,0.3668213
1398519574745230322,1855119,1398519574315,0.029281616,-9.869141,0.44299316
1398519574750662451,1855130,1398519574326,0.022140503,-9.854858,0.4489441
1398519574755941992,1855130,1398519574326,0.0471344,-9.876282,0.42752075
1398519574760244970,1855139,1398519574335,0.042373657,-9.850098,0.40490723
1398519574765585546,1855139,1398519574335,0.06260681,-9.886993,0.4477539
1398519574770804052,1855150,1398519574346,0.010238647,-9.873901,0.4656067
1398519574775992040,1855150,1398519574346,0.03404236,-9.8298645,0.390625
1398519574780417089,1855160,1398519574355,-0.019515991,-9.882233,0.4489441
1398519574785757665,1855161,1398519574356,0.030471802,-9.837006,0.45370483
1398519574790365820,1855169,1398519574365,0.07569885,-9.916748,0.46798706
1398519574795645361,1855170,1398519574365,0.0030975342,-9.844147,0.40133667
1398519574801108007,1855181,1398519574377,0.031661987,-9.878662,0.473938
1398519574806295996,1855181,1398519574377,-0.025466919,-9.936981,0.3894348
1398519574810476904,1855188,1398519574384,0.0054779053,-9.847717,0.35253906
1398519574815664892,1855189,1398519574385,0.016189575,-9.903656,0.45489502
1398519574821829443,1855201,1398519574397,0.01737976,-9.903656,0.4644165
1398519574827017431,1855201,1398519574397,0.030471802,-9.86319,0.40371704
1398519574830649023,1855208,1398519574404,0.04118347,-9.847717,0.39419556
1398519574835775976,1855211,1398519574406,0.0054779053,-9.833435,0.38824463
1398519574840811376,1855220,1398519574416,0.022140503,-9.804871,0.49298096
1398519574846212988,1855220,1398519574416,0.0471344,-9.854858,0.41323853
1398519574851339941,1855231,1398519574426,0.04118347,-9.846527,0.43466187
1398519574856680517,1855231,1398519574427,0.019760132,-9.886993,0.40847778
1398519574860922460,1855240,1398519574436,0.069747925,-9.837006,0.47988892
1398519574866293554,1855240,1398519574436,0.022140503,-9.869141,0.4965515
1398519574871481542,1855251,1398519574447,0.026901245,-9.845337,0.43466187
1398519574876761083,1855251,1398519574447,0.04475403,-9.896515,0.42514038
1398519574881094580,1855261,1398519574457,0.02809143,-9.871521,0.4477539
1398519574886496191,1855261,1398519574457,0.0388031,-9.877472,0.43704224
1398519574891134863,1855271,1398519574467,0.009048462,-9.883423,0.49893188
1398519574896475439,1855271,1398519574467,0.04118347,-9.870331,0.4310913
1398519574901266699,1855281,1398519574476,0.022140503,-9.878662,0.43585205
1398519574906637792,1855281,1398519574477,0.029281616,-9.883423,0.48583984
1398519574911306982,1855291,1398519574487,0.029281616,-9.883423,0.48583984
1398519574916708593,1855291,1398519574487,-0.008804321,-9.852478,0.3822937
1398519574921377783,1855301,1398519574496,-0.008804321,-9.852478,0.3822937
1398519574926779394,1855301,1398519574496,-0.023086548,-9.869141,0.41323853
1398519574931906347,1855311,1398519574507,-0.004043579,-9.851288,0.42276
1398519574937124853,1855311,1398519574507,0.019760132,-9.896515,0.49179077
1398519574941519384,1855322,1398519574517,0.04475403,-9.895325,0.45132446
1398519574946890478,1855322,1398519574518,0.01737976,-9.901276,0.44537354
1398519574951498632,1855330,1398519574525,0.01499939,-9.826294,0.34658813
1398519574956686621,1855330,1398519574526,0.019760132,-9.8810425,0.40847778
1398519574962820654,1855342,1398519574538,0.06260681,-9.873901,0.3989563
1398519574968008642,1855342,1398519574538,-0.011184692,-9.895325,0.43823242
1398519574971670751,1855347,1398519574542,0.043563843,-9.877472,0.41918945
1398519574976675634,1855350,1398519574546,0.0019073486,-9.825104,0.40371704
1398519574982962255,1855362,1398519574558,0.010238647,-9.888184,0.40490723
1398519574988241796,1855363,1398519574558,0.035232544,-9.884613,0.4822693
1398519574991812353,1855369,1398519574565,0.023330688,-9.917938,0.47512817
1398519574996817236,1855371,1398519574567,0.011428833,-9.8619995,0.41085815
1398519575002859716,1855382,1398519574578,0.05784607,-9.841766,0.41918945
1398519575008139257,1855382,1398519574578,0.011428833,-9.888184,0.42871094
1398519575011892919,1855391,1398519574587,0.020950317,-9.914368,0.44418335
1398519575017080908,1855392,1398519574587,0.061416626,-9.837006,0.49536133
1398519575022452001,1855402,1398519574598,0.009048462,-9.857239,0.3894348
1398519575027792578,1855402,1398519574598,0.006668091,-9.844147,0.51797485
1398519575032156591,1855412,1398519574608,0.06022644,-9.872711,0.38824463
1398519575037924414,1855412,1398519574608,0.04951477,-9.895325,0.41204834
1398519575042257910,1855422,1398519574618,0.011428833,-9.853668,0.50964355
1398519575047934179,1855422,1398519574618,7.171631E-4,-9.8619995,0.42990112
1398519575052328710,1855432,1398519574627,0.013809204,-9.904846,0.4156189
1398519575057699804,1855432,1398519574627,0.045944214,-9.900085,0.47869873
1398519575062857275,1855442,1398519574638,0.024520874,-9.86438,0.42871094
1398519575068075781,1855442,1398519574638,0.039993286,-9.870331,0.44656372
1398519575072439794,1855452,1398519574647,0.012619019,-9.857239,0.44537354
1398519575077780371,1855452,1398519574647,0.0054779053,-9.873901,0.42752075
1398519575083090429,1855462,1398519574658,0.04951477,-9.872711,0.47750854
1398519575088308935,1855463,1398519574658,0.048324585,-9.86557,0.45013428
1398519575092581396,1855472,1398519574667,0.069747925,-9.898895,0.5203552
1398519575097891455,1855472,1398519574667,0.010238647,-9.858429,0.45013428
1398519575103293066,1855483,1398519574678,0.032852173,-9.832245,0.4060974
1398519575108481054,1855483,1398519574678,0.032852173,-9.888184,0.44656372
1398519575112692480,1855492,1398519574687,7.171631E-4,-9.873901,0.39419556
1398519575118002539,1855492,1398519574687,-0.03617859,-9.890564,0.38824463
1398519575123495703,1855503,1398519574698,-0.009994507,-9.857239,0.43704224
1398519575128683691,1855503,1398519574699,0.01737976,-9.850098,0.44299316
1398519575132864599,1855512,1398519574708,0.04951477,-9.8298645,0.4489441
1398519575138174658,1855512,1398519574708,0.043563843,-9.852478,0.45965576
1398519575143454199,1855523,1398519574718,-4.7302246E-4,-9.870331,0.42752075
1398519575148733740,1855523,1398519574719,0.03642273,-9.888184,0.45251465
1398519575153036718,1855532,1398519574728,0.030471802,-9.878662,0.3572998
1398519575158407812,1855532,1398519574728,0.053085327,-9.871521,0.46917725
1398519575163595800,1855543,1398519574739,-0.025466919,-9.876282,0.47750854
1398519575168844824,1855543,1398519574739,0.019760132,-9.876282,0.38824463
1398519575173147802,1855552,1398519574748,0.019760132,-9.876282,0.38824463
1398519575178518896,1855552,1398519574748,0.031661987,-9.878662,0.40014648
1398519575183157568,1855561,1398519574756,0.09474182,-9.834625,0.4727478
1398519575188131933,1855582,1398519574778,0.016189575,-9.869141,0.43704224
1398519575193167333,1855582,1398519574778,-0.00642395,-9.847717,0.41918945
1398519575198202734,1855582,1398519574778,-0.045700073,-9.869141,0.45370483
1398519575203238134,1855583,1398519574778,0.05189514,-9.831055,0.44537354
1398519575208273535,1855583,1398519574778,0.032852173,-9.86438,0.4060974
1398519575213308935,1855642,1398519574837,0.0019073486,-9.846527,0.4656067
1398519575218344335,1855642,1398519574837,0.026901245,-9.873901,0.4394226
1398519575223465271,1855642,1398519574837,0.026901245,-9.879852,0.48464966
1398519575228500671,1855642,1398519574837,0.009048462,-9.853668,0.37634277
1398519575233536072,1855642,1398519574838,0.012619019,-9.86557,0.39419556
1398519575238632507,1855642,1398519574838,0.03404236,-9.858429,0.42871094
1398519575243667908,1855642,1398519574838,0.042373657,-9.860809,0.48703003
1398519575248703308,1855642,1398519574838,0.022140503,-9.846527,0.45965576
1398519575253586120,1855642,1398519574838,-0.015945435,-9.840576,0.44656372
1398519575258621521,1855642,1398519574838,0.0471344,-9.872711,0.37991333
1398519575263656921,1855642,1398519574838,-4.7302246E-4,-9.845337,0.41323853
1398519575268692322,1855642,1398519574838,0.02571106,-9.914368,0.473938
1398519575273727722,1855676,1398519574871,0.072128296,-9.846527,0.4239502
1398519575278793640,1855676,1398519574871,0.05189514,-9.882233,0.4310913
1398519575283798523,1855676,1398519574871,0.06736755,-9.883423,0.42871094
1398519575288833923,1855676,1398519574871,0.018569946,-9.848907,0.45013428
1398519575293869324,1855676,1398519574871,0.04475403,-9.834625,0.41680908
1398519575298904724,1855676,1398519574871,0.05784607,-9.869141,0.5120239
1398519575303940124,1855677,1398519574873,0.026901245,-9.833435,0.42871094
1398519575308975525,1855686,1398519574882,0.019760132,-9.86676,0.43823242
1398519575314071960,1855688,1398519574884,0.031661987,-9.8619995,0.45489502
1398519575319076843,1855696,1398519574892,0.009048462,-9.860809,0.4727478
1398519575324142761,1855697,1398519574893,0.0019073486,-9.839386,0.45132446
1398519575329666443,1855708,1398519574903,0.031661987,-9.86795,0.47036743
1398519575334335632,1855708,1398519574903,0.020950317,-9.86676,0.41323853
1398519575339737243,1855718,1398519574913,0.007858276,-9.832245,0.4644165
1398519575344406433,1855718,1398519574913,0.048324585,-9.845337,0.47155762
1398519575349808044,1855728,1398519574923,0.029281616,-9.876282,0.40014648
1398519575354477234,1855728,1398519574923,0.0019073486,-9.838196,0.4394226
1398519575359878845,1855738,1398519574933,0.030471802,-9.901276,0.46203613
1398519575364548034,1855738,1398519574933,0.029281616,-9.834625,0.5239258
1398519575369949646,1855748,1398519574943,-0.0028533936,-9.886993,0.42871094
1398519575374618835,1855748,1398519574943,-0.043319702,-9.846527,0.46084595
1398519575380020447,1855758,1398519574953,0.045944214,-9.911987,0.45013428
1398519575384689636,1855758,1398519574953,0.019760132,-9.916748,0.4239502
1398519575390091247,1855768,1398519574964,-0.009994507,-9.86557,0.38705444
1398519575394760437,1855768,1398519574964,0.031661987,-9.873901,0.40252686
1398519575400162048,1855778,1398519574974,-0.0052337646,-9.842957,0.4477539
1398519575404831238,1855778,1398519574974,0.043563843,-9.884613,0.4822693
1398519575410232849,1855788,1398519574984,0.02809143,-9.921509,0.4156189
1398519575414902038,1855788,1398519574984,0.039993286,-9.879852,0.49179077
1398519575420303650,1855798,1398519574994,0.029281616,-9.857239,0.43704224
1398519575424972839,1855798,1398519574994,0.045944214,-9.8941345,0.39419556
1398519575430374450,1855808,1398519575004,0.05189514,-9.852478,0.4477539
1398519575435043640,1855808,1398519575004,0.010238647,-9.86795,0.4977417
1398519575440445251,1855818,1398519575014,-0.026657104,-9.859619,0.4572754
1398519575445114441,1855818,1398519575014,0.016189575,-9.907227,0.4477539
1398519575449997253,1855824,1398519575020,0.050704956,-9.822723,0.46679688
1398519575455002136,1855832,1398519575027,-0.033798218,-9.845337,0.4572754
1398519575460068054,1855834,1398519575029,-0.00642395,-9.878662,0.45132446
1398519575465103454,1855840,1398519575036,0.023330688,-9.844147,0.42633057
1398519575470260925,1855847,1398519575043,0.030471802,-9.856049,0.4406128
1398519575475296325,1855848,1398519575044,0.0471344,-9.86438,0.4882202
1398519575480606384,1855858,1398519575053,0.0042877197,-9.839386,0.4144287
1398519575485367126,1855858,1398519575054,-0.008804321,-9.871521,0.4156189
1398519575490829773,1855869,1398519575064,7.171631E-4,-9.900085,0.42276
1398519575495437927,1855869,1398519575064,7.171631E-4,-9.900085,0.42276
1398519575500870056,1855879,1398519575074,0.01499939,-9.919128,0.3918152
1398519575505478210,1855879,1398519575074,0.01499939,-9.919128,0.3918152
1398519575510940857,1855889,1398519575084,0.007858276,-9.878662,0.42871094
1398519575515549011,1855889,1398519575084,0.031661987,-9.859619,0.41085815
1398519575521011658,1855899,1398519575094,-0.029037476,-9.826294,0.45013428
1398519575525619812,1855899,1398519575094,0.05189514,-9.903656,0.51797485
1398519575531082458,1855909,1398519575104,0.06022644,-9.8810425,0.42156982
1398519575535690613,1855909,1398519575105,0.023330688,-9.8619995,0.41799927
1398519575541153259,1855919,1398519575115,0.037612915,-9.848907,0.46917725
1398519575545761413,1855919,1398519575115,0.053085327,-9.851288,0.4965515
1398519575551224060,1855929,1398519575125,0.031661987,-9.910797,0.45370483
1398519575555832214,1855929,1398519575125,0.063797,-9.898895,0.4477539
1398519575561294861,1855939,1398519575135,-0.0052337646,-9.920319,0.51083374
1398519575565903015,1855939,1398519575135,0.013809204,-9.897705,0.46203613
1398519575571365661,1855949,1398519575145,0.06260681,-9.903656,0.40252686
1398519575575973816,1855949,1398519575145,0.018569946,-9.826294,0.3834839
1398519575581436462,1855959,1398519575155,0.04118347,-9.842957,0.4060974
1398519575586044617,1855959,1398519575155,0.050704956,-9.858429,0.4882202
1398519575591446228,1855969,1398519575165,0.043563843,-9.86557,0.40490723
1398519575596115417,1855969,1398519575165,0.012619019,-9.908417,0.4060974
1398519575601608581,1855979,1398519575175,0.010238647,-9.902466,0.40252686
1398519575606186218,1855979,1398519575175,0.0054779053,-9.886993,0.4560852
1398519575611221618,1855988,1398519575183,0.0388031,-9.86438,0.43347168
1398519575616348572,1855990,1398519575186,0.04118347,-9.817963,0.390625
1398519575621689148,1855999,1398519575194,0.020950317,-9.819153,0.40371704
1398519575626449890,1856000,1398519575196,-0.009994507,-9.809631,0.44418335
1398519575631729431,1856009,1398519575204,0.01737976,-9.859619,0.4977417
1398519575636459656,1856010,1398519575206,0.06617737,-9.8810425,0.40252686
1398519575641830749,1856019,1398519575214,0.029281616,-9.86676,0.42037964
1398519575646560974,1856021,1398519575216,0.08522034,-9.872711,0.46798706
1398519575651779480,1856029,1398519575224,0.01499939,-9.853668,0.43704224
1398519575656662292,1856032,1398519575228,0.030471802,-9.883423,0.41204834
1398519575661575622,1856035,1398519575231,0.013809204,-9.850098,0.506073
1398519575666611023,1856040,1398519575236,-0.0076141357,-9.859619,0.49298096
1398519575672653503,1856047,1398519575243,0.05784607,-9.831055,0.40371704
1398519575676681824,1856050,1398519575246,-0.023086548,-9.875092,0.4156189
1398519575682968445,1856062,1398519575258,-0.008804321,-9.897705,0.4489441
1398519575688125915,1856062,1398519575258,0.059036255,-9.889374,0.41085815
1398519575691788025,1856069,1398519575265,0.032852173,-9.889374,0.47631836
1398519575696976013,1856071,1398519575267,0.035232544,-9.841766,0.43466187
1398519575702621765,1856082,1398519575278,0.032852173,-9.854858,0.49417114
1398519575707840271,1856082,1398519575278,0.02809143,-9.896515,0.43704224
1398519575711929626,1856092,1398519575287,0.016189575,-9.915558,0.38705444
1398519575717178650,1856092,1398519575287,0.018569946,-9.86557,0.44180298
1398519575722091980,1856102,1398519575298,0.04951477,-9.872711,0.49298096
1398519575727890320,1856102,1398519575298,0.054275513,-9.847717,0.46084595
1398519575732193298,1856112,1398519575307,0.011428833,-9.908417,0.45370483
1398519575737869568,1856112,1398519575308,0.01499939,-9.8298645,0.3501587
1398519575742264099,1856122,1398519575318,0.01499939,-9.872711,0.39300537
1398519575747909851,1856122,1398519575318,0.053085327,-9.827484,0.3834839
1398519575752304382,1856132,1398519575327,0.032852173,-9.86319,0.46322632
1398519575757736511,1856132,1398519575327,0.09950256,-9.856049,0.43704224
1398519575762863464,1856142,1398519575338,0.0019073486,-9.891754,0.41323853
1398519575768173523,1856142,1398519575338,0.050704956,-9.901276,0.3894348
1398519575772476501,1856152,1398519575347,0.050704956,-9.901276,0.3894348
1398519575777847595,1856152,1398519575347,0.030471802,-9.878662,0.4656067
1398519575783005066,1856162,1398519575358,0.022140503,-9.850098,0.45132446
1398519575788315124,1856163,1398519575358,0.050704956,-9.86557,0.4810791
1398519575792618103,1856172,1398519575367,0.050704956,-9.86557,0.4810791
1398519575797958679,1856172,1398519575367,-0.0135650635,-9.93103,0.39419556
1398519575803207702,1856183,1398519575378,0.039993286,-9.852478,0.47036743
1398519575808426208,1856183,1398519575378,-0.012374878,-9.86319,0.44656372
1398519575812729187,1856192,1398519575387,0.02809143,-9.86438,0.3989563
1398519575818069763,1856192,1398519575388,0.039993286,-9.86676,0.45846558
1398519575823410339,1856203,1398519575398,0.04475403,-9.86795,0.41799927
1398519575828659363,1856203,1398519575399,-0.031417847,-9.8619995,0.37039185
1398519575832840271,1856212,1398519575407,0.06260681,-9.869141,0.42037964
1398519575838119812,1856212,1398519575408,0.009048462,-9.901276,0.44656372
1398519575843765564,1856223,1398519575419,-0.008804321,-9.906036,0.43466187
1398519575848984070,1856223,1398519575419,0.02809143,-9.844147,0.49179077
1398519575852890320,1856232,1398519575427,0.010238647,-9.851288,0.4656067
1398519575858139343,1856232,1398519575428,-0.024276733,-9.870331,0.44299316
1398519575864120788,1856244,1398519575439,0.019760132,-9.847717,0.40371704
1398519575869430847,1856244,1398519575439,0.020950317,-9.835815,0.4406128
1398519575873031921,1856250,1398519575446,0.043563843,-9.877472,0.45013428
1398519575878128357,1856252,1398519575448,0.013809204,-9.822723,0.4560852
1398519575884140320,1856264,1398519575459,0.04951477,-9.852478,0.4239502
1398519575889419861,1856264,1398519575459,-0.0052337646,-9.870331,0.3977661
1398519575893204040,1856272,1398519575467,0.03404236,-9.852478,0.42037964
1398519575898361511,1856272,1398519575468,0.010238647,-9.8619995,0.4310913
1398519575904526062,1856284,1398519575480,0.0030975342,-9.892944,0.45489502
1398519575909836120,1856284,1398519575480,0.020950317,-9.904846,0.473938
1398519575913315124,1856291,1398519575486,0.02809143,-9.898895,0.49536133
1398519575918350525,1856293,1398519575488,0.039993286,-9.850098,0.41085815
1398519575924331970,1856304,1398519575499,0.006668091,-9.856049,0.42752075
1398519575929642029,1856304,1398519575500,0.022140503,-9.896515,0.41918945
1398519575933487243,1856312,1398519575508,0.050704956,-9.882233,0.41918945
1398519575938705749,1856313,1398519575508,0.0388031,-9.854858,0.44537354
1398519575943527527,1856319,1398519575514,0.023330688,-9.925079,0.5203552
1398519575948562927,1856324,1398519575519,0.06617737,-9.833435,0.44537354
1398519575953598327,1856329,1398519575524,0.006668091,-9.86795,0.46203613
1398519575958633728,1856336,1398519575532,0.02571106,-9.869141,0.45132446
1398519575963730163,1856338,1398519575533,0.013809204,-9.875092,0.4322815
1398519575968704529,1856346,1398519575542,-0.004043579,-9.833435,0.473938
1398519575973861999,1856348,1398519575543,0.0388031,-9.906036,0.44418335
1398519575978775329,1856356,1398519575552,0.01499939,-9.86438,0.4060974
1398519575983963318,1856358,1398519575554,-0.014755249,-9.8619995,0.5155945
1398519575989792175,1856369,1398519575565,-0.001663208,-9.86438,0.5072632
1398519575995010681,1856369,1398519575565,0.06260681,-9.835815,0.4060974
1398519575998916931,1856374,1398519575570,0.0554657,-9.839386,0.47512817
1398519576003952331,1856379,1398519575575,0.020950317,-9.845337,0.47036743
1398519576008987732,1856388,1398519575584,0.063797,-9.888184,0.5132141
1398519576014206238,1856388,1398519575584,0.012619019,-9.879852,0.4822693
1398519576019119568,1856398,1398519575594,0.06022644,-9.839386,0.44656372
1398519576024368591,1856398,1398519575594,0.04475403,-9.897705,0.41204834
1398519576029251404,1856408,1398519575604,-0.014755249,-9.911987,0.43466187
1398519576034561462,1856408,1398519575604,0.048324585,-9.852478,0.5239258
1398519576039871521,1856419,1398519575615,0.02809143,-9.901276,0.3668213
1398519576045151062,1856419,1398519575615,0.010238647,-9.883423,0.4489441
1398519576049270935,1856425,1398519575621,0.010238647,-9.883423,0.4489441
1398519576054306335,1856429,1398519575625,0.04118347,-9.891754,0.45489502
1398519576059433288,1856439,1398519575634,0.0030975342,-9.850098,0.41918945
1398519576064804382,1856439,1398519575634,0.03642273,-9.853668,0.4406128
1398519576069534607,1856449,1398519575644,0.03642273,-9.853668,0.4406128
1398519576074936218,1856449,1398519575644,0.045944214,-9.86438,0.43823242
1398519576079635925,1856459,1398519575655,0.045944214,-9.86438,0.43823242
1398519576085037536,1856459,1398519575655,0.013809204,-9.904846,0.44180298
1398519576090133972,1856471,1398519575667,0.037612915,-9.869141,0.42514038
1398519576095566101,1856471,1398519575667,0.011428833,-9.878662,0.45846558
1398519576099624939,1856475,1398519575670,0.0388031,-9.876282,0.40252686
1398519576104660339,1856480,1398519575675,-0.014755249,-9.888184,0.46679688
1398519576109817810,1856489,1398519575684,0.03404236,-9.8619995,0.46322632
1398519576115158386,1856489,1398519575685,0.012619019,-9.911987,0.5048828
1398519576120315857,1856500,1398519575695,0.013809204,-9.872711,0.4322815
1398519576125534363,1856500,1398519575695,0.02571106,-9.852478,0.46679688
1398519576129959411,1856509,1398519575705,0.023330688,-9.869141,0.48703003
1398519576135299988,1856509,1398519575705,0.022140503,-9.897705,0.43466187
1398519576140518493,1856521,1398519575717,0.01499939,-9.86676,0.45846558
1398519576145706482,1856521,1398519575717,0.06617737,-9.879852,0.45965576
1398519576149978943,1856526,1398519575721,0.054275513,-9.813202,0.42633057
1398519576155014343,1856530,1398519575726,0.012619019,-9.906036,0.39657593
1398519576160171814,1856539,1398519575735,0.054275513,-9.858429,0.42990112
1398519576165573425,1856539,1398519575735,0.042373657,-9.877472,0.4060974
1398519576170700378,1856551,1398519575747,0.04475403,-9.884613,0.44180298
1398519576175979919,1856551,1398519575747,0.045944214,-9.844147,0.43585205
1398519576180221863,1856557,1398519575753,0.01737976,-9.838196,0.50964355
1398519576185226745,1856559,1398519575755,-0.015945435,-9.896515,0.36325073
1398519576191543884,1856571,1398519575767,0.031661987,-9.86795,0.38705444
1398519576196823425,1856571,1398519575767,0.024520874,-9.875092,0.4894104
1398519576200332947,1856578,1398519575773,0.04475403,-9.859619,0.45132446
1398519576205368347,1856581,1398519575776,0.0388031,-9.819153,0.4727478
1398519576210525818,1856590,1398519575785,0.030471802,-9.884613,0.4572754
1398519576215927429,1856590,1398519575785,0.037612915,-9.839386,0.44299316
1398519576221115417,1856601,1398519575797,0.023330688,-9.86676,0.43585205
1398519576226394958,1856601,1398519575797,0.031661987,-9.872711,0.40371704
1398519576230545349,1856609,1398519575804,0.006668091,-9.859619,0.45965576
1398519576235733337,1856609,1398519575805,-0.019515991,-9.895325,0.43585205
1398519576241897888,1856621,1398519575817,0.061416626,-9.888184,0.46084595
1398519576247085876,1856621,1398519575817,0.0030975342,-9.914368,0.35610962
1398519576250717468,1856628,1398519575824,0.019760132,-9.908417,0.42990112
1398519576255813904,1856631,1398519575826,0.020950317,-9.851288,0.38467407
1398519576260879822,1856640,1398519575836,0.016189575,-9.911987,0.4477539
1398519576266250915,1856640,1398519575836,0.019760132,-9.903656,0.42514038
1398519576271438904,1856651,1398519575847,0.037612915,-9.834625,0.48703003
1398519576276718445,1856651,1398519575847,0.013809204,-9.882233,0.44299316
1398519576281051941,1856661,1398519575857,-0.004043579,-9.906036,0.43466187
1398519576286423034,1856661,1398519575857,-0.04927063,-9.858429,0.4906006
1398519576291122742,1856670,1398519575866,0.048324585,-9.844147,0.46084595
1398519576296463318,1856670,1398519575866,0.006668091,-9.845337,0.4406128
1398519576301651306,1856681,1398519575877,-4.7302246E-4,-9.844147,0.41085815
1398519576306869812,1856681,1398519575877,0.035232544,-9.857239,0.41918945
1398519576311264343,1856691,1398519575887,-0.020706177,-9.837006,0.4310913
1398519576316635437,1856692,1398519575887,0.022140503,-9.873901,0.43585205
1398519576321243591,1856701,1398519575896,0.02571106,-9.852478,0.4822693
1398519576326553650,1856701,1398519575897,-0.0028533936,-9.851288,0.47036743
1398519576331619568,1856711,1398519575907,0.06498718,-9.870331,0.42514038
1398519576336899109,1856711,1398519575907,0.0019073486,-9.851288,0.41204834
1398519576341476745,1856721,1398519575917,0.029281616,-9.925079,0.48464966
1398519576346939392,1856721,1398519575917,-0.0028533936,-9.8810425,0.45013428
1398519576351669617,1856731,1398519575927,-0.0028533936,-9.8810425,0.45013428
1398519576356949158,1856731,1398519575927,0.009048462,-9.86319,0.40371704
1398519576361770935,1856741,1398519575937,0.009048462,-9.86319,0.40371704
1398519576367050476,1856741,1398519575937,0.030471802,-9.8810425,0.4310913
1398519576371719665,1856751,1398519575947,0.08403015,-9.891754,0.46203613
1398519576377182312,1856751,1398519575947,-0.026657104,-9.857239,0.37039185
1398519576381912536,1856761,1398519575957,0.054275513,-9.835815,0.4572754
1398519576387344665,1856761,1398519575957,0.024520874,-9.904846,0.45965576
1398519576391952820,1856771,1398519575967,0.0054779053,-9.852478,0.3989563
1398519576397354431,1856771,1398519575967,0.006668091,-9.852478,0.44180298
1398519576402237243,1856782,1398519575977,7.171631E-4,-9.86438,0.46203613
1398519576407425232,1856782,1398519575977,0.06855774,-9.8619995,0.40490723
1398519576411972351,1856791,1398519575987,-0.0052337646,-9.870331,0.40490723
1398519576417343445,1856791,1398519575987,0.032852173,-9.885803,0.40014648
1398519576422470398,1856802,1398519575997,0.030471802,-9.889374,0.47988892
1398519576427688904,1856802,1398519575998,-0.029037476,-9.86438,0.44656372
1398519576432083435,1856811,1398519576007,-0.001663208,-9.833435,0.47750854
1398519576437424011,1856811,1398519576007,0.022140503,-9.86557,0.41918945
1398519576442642517,1856822,1398519576018,0.07331848,-9.86319,0.42871094
1398519576447861023,1856822,1398519576018,0.007858276,-9.884613,0.4572754
1398519576452225036,1856831,1398519576027,-0.0028533936,-9.882233,0.49536133
1398519576457626648,1856832,1398519576027,0.020950317,-9.814392,0.4644165
1398519576462784118,1856842,1398519576038,0.04118347,-9.80011,0.47631836
1398519576468033142,1856842,1398519576038,0.061416626,-9.860809,0.4394226
1398519576472366638,1856852,1398519576047,0.030471802,-9.856049,0.48345947
1398519576477737732,1856852,1398519576047,0.031661987,-9.8619995,0.4156189
1398519576482925720,1856862,1398519576058,0.02571106,-9.909607,0.49536133
1398519576488174743,1856863,1398519576058,0.05784607,-9.8619995,0.45846558
1398519576492508240,1856872,1398519576067,-0.014755249,-9.878662,0.41799927
1398519576497879333,1856872,1398519576067,0.011428833,-9.86319,0.37634277
1398519576503067322,1856883,1398519576078,0.031661987,-9.841766,0.41680908
1398519576508316345,1856883,1398519576078,0.048324585,-9.876282,0.46084595
1398519576512649841,1856892,1398519576087,-0.00642395,-9.835815,0.4239502
1398519576518051452,1856892,1398519576088,0.030471802,-9.875092,0.48583984
1398519576523178406,1856903,1398519576098,0.011428833,-9.837006,0.44299316
1398519576528427429,1856903,1398519576098,0.061416626,-9.895325,0.3894348
1398519576532791443,1856912,1398519576108,0.042373657,-9.86319,0.4239502
1398519576538132019,1856912,1398519576108,-0.03617859,-9.7977295,0.43823242
1398519576543472595,1856923,1398519576118,0.11378479,-9.870331,0.44299316
1398519576548660583,1856923,1398519576119,0.0554657,-9.891754,0.39419556
1398519576552963562,1856932,1398519576128,0.06617737,-9.859619,0.49536133
1398519576558304138,1856932,1398519576128,0.039993286,-9.8619995,0.47750854
1398519576563492126,1856943,1398519576139,0.03404236,-9.847717,0.48703003
1398519576568680115,1856943,1398519576139,0.007858276,-9.86438,0.40371704
1398519576573105163,1856952,1398519576148,0.009048462,-9.870331,0.4239502
1398519576578445740,1856952,1398519576148,0.04118347,-9.883423,0.47750854
1398519576583664245,1856963,1398519576159,0.042373657,-9.891754,0.40133667
1398519576588882751,1856963,1398519576159,0.07807922,-9.886993,0.48583984
1398519576593216247,1856972,1398519576168,0.013809204,-9.892944,0.506073
1398519576598556824,1856973,1398519576168,0.06855774,-9.879852,0.47036743
1398519576603866882,1856983,1398519576179,0.039993286,-9.833435,0.4394226
1398519576609115906,1856984,1398519576179,0.012619019,-9.876282,0.42871094
1398519576613327331,1856992,1398519576188,0.01737976,-9.903656,0.4489441
1398519576618637390,1856993,1398519576188,0.037612915,-9.851288,0.44299316
1398519576624222107,1857004,1398519576199,0.030471802,-9.846527,0.43704224
1398519576629501648,1857004,1398519576199,0.04118347,-9.897705,0.4310913
1398519576633377380,1857012,1398519576208,0.04118347,-9.897705,0.4310913
1398519576638595886,1857013,1398519576208,0.032852173,-9.825104,0.50845337
1398519576644668884,1857024,1398519576220,0.013809204,-9.900085,0.47988892
1398519576649978943,1857024,1398519576220,0.06260681,-9.885803,0.4894104
1398519576653549499,1857031,1398519576227,0.06260681,-9.885803,0.4894104
1398519576658584900,1857033,1398519576228,0.06498718,-9.898895,0.4060974
1398519576664657898,1857044,1398519576240,0.031661987,-9.889374,0.48345947
1398519576669937439,1857044,1398519576240,-0.01713562,-9.86557,0.48583984
1398519576673691101,1857051,1398519576247,-0.0052337646,-9.844147,0.43347168
1398519576678848572,1857053,1398519576249,-0.0135650635,-9.86319,0.45846558
1398519576684311218,1857064,1398519576259,0.02571106,-9.892944,0.473938
1398519576689529724,1857064,1398519576259,0.05784607,-9.888184,0.38824463
1398519576693954773,1857073,1398519576269,0.02571106,-9.86438,0.40490723
1398519576699325867,1857073,1398519576269,-4.7302246E-4,-9.877472,0.4477539
1398519576704452820,1857084,1398519576279,-0.024276733,-9.848907,0.46917725
1398519576709671325,1857084,1398519576280,0.023330688,-9.923889,0.43347168
1398519576714065857,1857093,1398519576289,0.018569946,-9.869141,0.39419556
1398519576719436950,1857093,1398519576289,0.01737976,-9.877472,0.39657593
1398519576724624939,1857104,1398519576300,0.048324585,-9.839386,0.43347168
1398519576729812927,1857104,1398519576300,-0.019515991,-9.828674,0.42871094
1398519576734237976,1857113,1398519576309,0.023330688,-9.8619995,0.40490723
1398519576739609070,1857114,1398519576309,0.023330688,-9.8810425,0.39538574
1398519576744736023,1857124,1398519576320,0.03642273,-9.879852,0.4239502
1398519576749954529,1857124,1398519576320,0.006668091,-9.889374,0.47512817
1398519576754379577,1857134,1398519576329,0.053085327,-9.8619995,0.45251465
1398519576759750671,1857134,1398519576329,0.056655884,-9.847717,0.47155762
1398519576764908142,1857144,1398519576340,0.032852173,-9.850098,0.42037964
1398519576770187683,1857145,1398519576340,0.013809204,-9.842957,0.41680908
1398519576774521179,1857154,1398519576349,0.05784607,-9.86438,0.45489502
1398519576779892273,1857154,1398519576349,0.020950317,-9.878662,0.42037964
1398519576785080261,1857165,1398519576360,0.011428833,-9.900085,0.46917725
1398519576790329284,1857165,1398519576360,0.0554657,-9.8810425,0.38824463
1398519576794632263,1857174,1398519576369,7.171631E-4,-9.822723,0.42156982
1398519576800003357,1857174,1398519576370,0.054275513,-9.858429,0.42990112
1398519576805221863,1857185,1398519576380,0.03404236,-9.896515,0.4906006
1398519576810470886,1857185,1398519576380,0.035232544,-9.850098,0.43466187
1398519576814773865,1857194,1398519576390,0.031661987,-9.841766,0.40133667
1398519576820144958,1857194,1398519576390,0.0054779053,-9.903656,0.46203613
1398519576825424499,1857205,1398519576400,0.006668091,-9.891754,0.44537354
1398519576830612488,1857205,1398519576401,-0.001663208,-9.872711,0.42871094
1398519576834945984,1857214,1398519576410,0.056655884,-9.895325,0.46679688
1398519576840286560,1857214,1398519576410,0.03404236,-9.815582,0.4894104
1398519576845474548,1857225,1398519576421,0.06260681,-9.841766,0.4644165
1398519576850693054,1857225,1398519576421,0.04118347,-9.9131775,0.50964355
1398519576855057068,1857234,1398519576430,-0.014755249,-9.845337,0.49298096
1398519576860397644,1857234,1398519576430,0.032852173,-9.882233,0.45132446
1398519576865738220,1857245,1398519576441,0.07926941,-9.852478,0.4822693
1398519576870926208,1857245,1398519576441,0.013809204,-9.86438,0.47631836
1398519576875229187,1857254,1398519576450,0.013809204,-9.842957,0.40966797
1398519576880569763,1857255,1398519576450,0.048324585,-9.876282,0.37158203
1398519576885757751,1857265,1398519576461,0.023330688,-9.9131775,0.4310913
1398519576890945740,1857265,1398519576461,0.023330688,-9.885803,0.42276
1398519576895340271,1857275,1398519576470,-0.0028533936,-9.8941345,0.42276
1398519576900741882,1857275,1398519576470,0.01499939,-9.8619995,0.45846558
1398519576905899353,1857285,1398519576481,-0.0135650635,-9.86438,0.45489502
1398519576911178894,1857286,1398519576481,-0.0076141357,-9.879852,0.44299316
1398519576915481872,1857295,1398519576490,-0.0076141357,-9.879852,0.44299316
1398519576920852966,1857295,1398519576490,0.042373657,-9.909607,0.4560852
1398519576926040954,1857306,1398519576501,7.171631E-4,-9.848907,0.4310913
1398519576931289978,1857306,1398519576501,0.043563843,-9.832245,0.506073
1398519576935623474,1857315,1398519576510,0.043563843,-9.832245,0.506073
1398519576940994568,1857315,1398519576511,0.0471344,-9.832245,0.4644165
1398519576945602722,1857322,1398519576517,0.0471344,-9.832245,0.4644165
1398519576950607605,1857328,1398519576523,-0.004043579,-9.86438,0.41799927
1398519576955643005,1857329,1398519576525,0.05784607,-9.873901,0.42871094
1398519576961960144,1857342,1398519576538,0.043563843,-9.896515,0.4406128
1398519576967483825,1857342,1398519576538,0.0019073486,-9.884613,0.40133667
1398519576970749206,1857346,1398519576542,0.020950317,-9.870331,0.4322815
1398519576975784607,1857350,1398519576545,0.018569946,-9.86557,0.4822693
1398519576982101745,1857362,1398519576557,-0.0076141357,-9.86795,0.46798706
1398519576987320251,1857362,1398519576557,0.012619019,-9.878662,0.36087036
1398519576990921325,1857368,1398519576564,0.06260681,-9.86319,0.44299316
1398519576995987243,1857371,1398519576567,0.01499939,-9.869141,0.45370483
1398519577001083679,1857381,1398519576577,0.0554657,-9.814392,0.43347168
1398519577006515808,1857381,1398519576577,0.07688904,-9.877472,0.47869873
1398519577011184997,1857391,1398519576586,0.024520874,-9.896515,0.4560852
1398519577016556091,1857391,1398519576587,0.026901245,-9.86438,0.4477539
1398519577021286316,1857401,1398519576597,0.039993286,-9.908417,0.47988892
1398519577026657409,1857401,1398519576597,0.023330688,-9.835815,0.41918945
1398519577031296081,1857411,1398519576606,0.031661987,-9.853668,0.45013428
1398519577036697693,1857411,1398519576606,0.032852173,-9.813202,0.44418335
1398519577041794128,1857421,1398519576617,-0.0052337646,-9.8619995,0.37753296
1398519577047104187,1857422,1398519576617,0.030471802,-9.860809,0.4656067
1398519577051437683,1857432,1398519576627,0.050704956,-9.877472,0.43823242
1398519577056839294,1857432,1398519576627,0.05189514,-9.856049,0.43823242
1398519577061508484,1857441,1398519576637,-0.008804321,-9.877472,0.40847778
1398519577066818542,1857441,1398519576637,0.013809204,-9.835815,0.43466187
1398519577071976013,1857452,1398519576648,0.04475403,-9.86438,0.4072876
1398519577077469177,1857452,1398519576648,0.024520874,-9.8810425,0.41799927
1398519577081528015,1857461,1398519576657,0.013809204,-9.851288,0.4239502
1398519577086777038,1857461,1398519576657,-4.7302246E-4,-9.900085,0.4477539
1398519577092178650,1857472,1398519576667,0.0042877197,-9.841766,0.46798706
1398519577097488708,1857472,1398519576667,0.03404236,-9.858429,0.41085815
1398519577101822204,1857481,1398519576677,0.06855774,-9.875092,0.557251
1398519577107193298,1857481,1398519576677,-0.029037476,-9.900085,0.43704224
1398519577112350769,1857492,1398519576687,-0.023086548,-9.846527,0.46322632
1398519577117630310,1857492,1398519576688,0.01737976,-9.882233,0.45846558
1398519577121933288,1857501,1398519576697,0.06855774,-9.901276,0.40133667
1398519577127273865,1857501,1398519576697,0.019760132,-9.857239,0.47155762
1398519577132522888,1857512,1398519576708,-0.008804321,-9.850098,0.4156189
1398519577137741394,1857512,1398519576708,0.02809143,-9.903656,0.42990112
1398519577142074890,1857521,1398519576717,-0.03855896,-9.827484,0.43704224
1398519577147415466,1857521,1398519576717,0.0388031,-9.823914,0.45251465
1398519577152633972,1857532,1398519576728,-0.025466919,-9.852478,0.4322815
1398519577157852478,1857532,1398519576728,0.019760132,-9.86319,0.42752075
1398519577162247009,1857541,1398519576737,0.050704956,-9.879852,0.44418335
1398519577167618103,1857542,1398519576737,0.016189575,-9.886993,0.43585205
1398519577172775574,1857552,1398519576748,0.032852173,-9.839386,0.38110352
1398519577177994079,1857552,1398519576748,0.023330688,-9.847717,0.4489441
1398519577182358093,1857562,1398519576757,-0.0028533936,-9.840576,0.47750854
1398519577187729187,1857562,1398519576757,0.006668091,-9.888184,0.3918152
1398519577192917175,1857573,1398519576768,0.0554657,-9.847717,0.45965576
1398519577198227234,1857573,1398519576768,0.06022644,-9.93222,0.46798706
1398519577202499695,1857582,1398519576777,0.06022644,-9.93222,0.46798706
1398519577207870788,1857582,1398519576777,0.035232544,-9.871521,0.41680908
1398519577213089294,1857593,1398519576788,0.035232544,-9.883423,0.4572754
1398519577218368835,1857593,1398519576788,0.031661987,-9.885803,0.4560852
1398519577222610779,1857602,1398519576797,0.031661987,-9.885803,0.4560852
1398519577227981872,1857602,1398519576798,0.04951477,-9.888184,0.40371704
1398519577233230896,1857613,1398519576808,-0.04927063,-9.8810425,0.41680908
1398519577238632507,1857613,1398519576809,0.026901245,-9.873901,0.43704224
1398519577242752380,1857622,1398519576817,0.016189575,-9.857239,0.4560852
1398519577248031921,1857622,1398519576818,-0.001663208,-9.835815,0.4560852
1398519577253616638,1857633,1398519576829,0.006668091,-9.904846,0.43347168
1398519577258896179,1857633,1398519576829,0.03642273,-9.8619995,0.506073
1398519577262832947,1857642,1398519576837,0.019760132,-9.851288,0.48464966
1398519577268051452,1857642,1398519576838,0.006668091,-9.883423,0.42037964
1398519577274032898,1857654,1398519576849,-0.009994507,-9.825104,0.43466187
1398519577279251404,1857654,1398519576849,0.0054779053,-9.847717,0.47036743
1398519577282974548,1857661,1398519576856,0.04475403,-9.853668,0.4072876
1398519577288162536,1857663,1398519576858,-0.03855896,-9.814392,0.4810791
1398519577293625183,1857673,1398519576869,0.054275513,-9.859619,0.41918945
1398519577298843689,1857673,1398519576869,0.072128296,-9.822723,0.46917725
1398519577303207702,1857682,1398519576878,0.006668091,-9.833435,0.42871094
1398519577308578796,1857683,1398519576878,0.023330688,-9.848907,0.44656372
1398519577313766784,1857693,1398519576889,0.03642273,-9.878662,0.46798706
1398519577318985290,1857693,1398519576889,-0.0076141357,-9.859619,0.46084595
1398519577323379822,1857703,1398519576898,0.042373657,-9.840576,0.40490723
1398519577328720398,1857703,1398519576898,0.0054779053,-9.8619995,0.3977661
1398519577333908386,1857713,1398519576909,0.0042877197,-9.858429,0.49536133
1398519577339126892,1857714,1398519576909,0.02571106,-9.851288,0.4822693
1398519577343490906,1857723,1398519576918,0.04475403,-9.882233,0.4310913
1398519577348892517,1857723,1398519576919,0.020950317,-9.909607,0.44537354
1398519577354080505,1857734,1398519576929,0.031661987,-9.890564,0.4572754
1398519577359360046,1857734,1398519576929,0.022140503,-9.86438,0.41204834
1398519577363540954,1857741,1398519576937,0.054275513,-9.904846,0.34777832
1398519577368545837,1857743,1398519576938,0.045944214,-9.883423,0.42037964
1398519577373581238,1857749,1398519576944,0.045944214,-9.886993,0.38586426
1398519577378616638,1857756,1398519576952,0.063797,-9.890564,0.40252686
1398519577383804626,1857758,1398519576953,0.024520874,-9.871521,0.46679688
1398519577388687439,1857767,1398519576962,0.007858276,-9.875092,0.38705444
1398519577393875427,1857768,1398519576963,0.0054779053,-9.906036,0.4477539
1398519577398758240,1857778,1398519576973,0.0471344,-9.832245,0.45489502
1398519577403946228,1857778,1398519576973,0.007858276,-9.873901,0.4894104
1398519577410110779,1857791,1398519576986,0.043563843,-9.890564,0.41680908
1398519577415298767,1857791,1398519576986,0.032852173,-9.856049,0.4477539
1398519577418930359,1857794,1398519576990,0.0054779053,-9.891754,0.35849
1398519577423935242,1857799,1398519576995,0.030471802,-9.877472,0.45965576
1398519577429001159,1857808,1398519577004,0.031661987,-9.908417,0.43347168
1398519577434280700,1857808,1398519577004,0.019760132,-9.856049,0.42037964
1398519577439132995,1857818,1398519577014,0.020950317,-9.908417,0.4882202
1398519577444443054,1857818,1398519577014,0.048324585,-9.890564,0.45132446
1398519577449264831,1857828,1398519577024,-0.020706177,-9.891754,0.40371704
1398519577454605408,1857829,1398519577024,0.02809143,-9.854858,0.43585205
1398519577459793396,1857839,1398519577035,0.019760132,-9.882233,0.4656067
1398519577464981384,1857839,1398519577035,0.07807922,-9.906036,0.4394226
1398519577469253845,1857847,1398519577042,-0.0135650635,-9.86319,0.40490723
1398519577474289245,1857848,1398519577044,0.022140503,-9.889374,0.43466187
1398519577479446716,1857859,1398519577054,-0.014755249,-9.901276,0.41323853
1398519577484848327,1857859,1398519577054,0.023330688,-9.888184,0.4394226
1398519577489548034,1857869,1398519577065,-0.0028533936,-9.851288,0.4144287
1398519577495010681,1857869,1398519577065,0.020950317,-9.857239,0.42871094
1398519577499618835,1857879,1398519577075,0.020950317,-9.857239,0.42871094
1398519577505081482,1857879,1398519577075,0.010238647,-9.898895,0.44418335
1398519577509811706,1857889,1398519577085,0.010238647,-9.898895,0.44418335
1398519577515091247,1857889,1398519577085,0.02571106,-9.854858,0.45489502
1398519577519638367,1857897,1398519577093,0.04951477,-9.8941345,0.4156189
1398519577524795837,1857899,1398519577094,0.05189514,-9.847717,0.41680908
1398519577530258484,1857910,1398519577105,0.03404236,-9.842957,0.47988892
1398519577535538025,1857910,1398519577106,0.03404236,-9.846527,0.54415894
1398519577539871521,1857919,1398519577115,0.010238647,-9.870331,0.4239502
1398519577545273132,1857919,1398519577115,0.020950317,-9.885803,0.45251465
1398519577550400085,1857930,1398519577126,0.054275513,-9.853668,0.44180298
1398519577555679626,1857930,1398519577126,0.0030975342,-9.857239,0.47036743
1398519577560043640,1857939,1398519577135,0.020950317,-9.870331,0.44656372
1398519577565384216,1857939,1398519577135,0.03642273,-9.891754,0.3977661
1398519577570053406,1857949,1398519577145,0.037612915,-9.8941345,0.43466187
1398519577575332947,1857949,1398519577145,0.037612915,-9.856049,0.44299316
1398519577580917663,1857961,1398519577156,0.02571106,-9.869141,0.35372925
1398519577586136169,1857961,1398519577157,0.023330688,-9.883423,0.4144287
1398519577590103454,1857967,1398519577163,0.04118347,-9.901276,0.37753296
1398519577595138855,1857969,1398519577165,0.054275513,-9.854858,0.46203613
1398519577601272888,1857981,1398519577176,0.02571106,-9.86795,0.4394226
1398519577606491394,1857981,1398519577177,-0.0135650635,-9.859619,0.46798706
1398519577610245056,1857988,1398519577184,0.039993286,-9.871521,0.42990112
1398519577615433044,1857991,1398519577186,0.04951477,-9.873901,0.4144287
1398519577620346374,1858000,1398519577195,0.022140503,-9.852478,0.40371704
1398519577625595398,1858000,1398519577195,0.024520874,-9.856049,0.42871094
1398519577631180115,1858011,1398519577206,0.018569946,-9.873901,0.4572754
1398519577636490173,1858011,1398519577207,-4.7302246E-4,-9.908417,0.43466187
1398519577640457458,1858020,1398519577215,0.024520874,-9.882233,0.45132446
1398519577645736999,1858020,1398519577215,0.07331848,-9.86795,0.40252686
1398519577651382751,1858031,1398519577227,0.024520874,-9.879852,0.4477539
1398519577656662292,1858031,1398519577227,0.012619019,-9.850098,0.42990112
1398519577660660095,1858041,1398519577236,0.042373657,-9.840576,0.49179077
1398519577665848083,1858041,1398519577236,0.012619019,-9.857239,0.47036743
1398519577670791931,1858050,1398519577246,0.02571106,-9.853668,0.40490723
1398519577676193542,1858050,1398519577246,0.020950317,-9.892944,0.42514038
1398519577681351013,1858061,1398519577257,0.072128296,-9.826294,0.37634277
1398519577686630554,1858061,1398519577257,-0.018325806,-9.838196,0.42276
1398519577690903015,1858071,1398519577267,-0.021896362,-9.825104,0.4072876
1398519577696274109,1858071,1398519577267,0.020950317,-9.852478,0.3894348
1398519577700912781,1858080,1398519577276,0.013809204,-9.834625,0.46084595
1398519577706131286,1858080,1398519577276,0.01737976,-9.878662,0.43347168
1398519577711838074,1858091,1398519577287,-0.012374878,-9.882233,0.4572754
1398519577717056579,1858092,1398519577287,0.10664368,-9.898895,0.3418274
1398519577721084900,1858101,1398519577297,0.039993286,-9.879852,0.42276
1398519577726242370,1858101,1398519577297,0.045944214,-9.857239,0.43585205
1398519577731216736,1858111,1398519577306,0.042373657,-9.859619,0.4239502
1398519577736618347,1858111,1398519577307,0.026901245,-9.831055,0.39419556
1398519577741501159,1858121,1398519577317,0.0388031,-9.844147,0.5048828
1398519577746750183,1858121,1398519577317,0.006668091,-9.838196,0.49179077
1398519577751388855,1858131,1398519577327,0.011428833,-9.837006,0.45370483
1398519577756820984,1858131,1398519577327,-0.020706177,-9.847717,0.45965576
1398519577761612243,1858141,1398519577337,0.019760132,-9.886993,0.44299316
1398519577766861267,1858141,1398519577337,0.0030975342,-9.860809,0.45013428
1398519577771622009,1858151,1398519577347,0.0019073486,-9.891754,0.47988892
1398519577777023620,1858151,1398519577347,0.013809204,-9.889374,0.4572754
1398519577781723327,1858161,1398519577357,0.013809204,-9.889374,0.4572754
1398519577787185974,1858161,1398519577357,0.019760132,-9.884613,0.43704224
1398519577791824646,1858171,1398519577367,0.019760132,-9.884613,0.43704224
1398519577797073669,1858171,1398519577367,0.006668091,-9.86676,0.45965576
1398519577801895447,1858181,1398519577377,-0.020706177,-9.884613,0.4072876
1398519577807174988,1858182,1398519577377,0.009048462,-9.835815,0.47155762
1398519577811844177,1858191,1398519577387,0.0054779053,-9.886993,0.44299316
1398519577817306824,1858192,1398519577387,0.042373657,-9.891754,0.44418335
1398519577822067566,1858202,1398519577397,0.0054779053,-9.848907,0.4310913
1398519577827408142,1858202,1398519577397,0.032852173,-9.844147,0.390625
1398519577831924743,1858211,1398519577407,0.018569946,-9.851288,0.42037964
1398519577837356872,1858212,1398519577407,-0.014755249,-9.876282,0.36920166
1398519577842453308,1858222,1398519577418,-0.039749146,-9.825104,0.48703003
1398519577847732849,1858222,1398519577418,0.02571106,-9.873901,0.50131226
1398519577852066345,1858231,1398519577427,0.0554657,-9.901276,0.4322815
1398519577857406921,1858232,1398519577427,-0.012374878,-9.921509,0.4322815
1398519577862716980,1858242,1398519577438,0.07569885,-9.844147,0.4060974
1398519577867935486,1858242,1398519577438,0.04951477,-9.889374,0.47512817
1398519577872177429,1858251,1398519577447,0.0388031,-9.898895,0.4310913
1398519577877518005,1858252,1398519577447,0.030471802,-9.858429,0.47155762
1398519577882889099,1858262,1398519577458,-0.0052337646,-9.86557,0.43823242
1398519577888077087,1858263,1398519577458,-0.008804321,-9.888184,0.390625
1398519577892380066,1858272,1398519577467,0.03404236,-9.842957,0.41680908
1398519577897690124,1858272,1398519577467,0.013809204,-9.885803,0.50131226
1398519577902969665,1858283,1398519577478,-0.011184692,-9.890564,0.40966797
1398519577908157654,1858283,1398519577478,-0.01713562,-9.92627,0.46203613
1398519577912491150,1858292,1398519577487,0.018569946,-9.920319,0.42871094
1398519577917831726,1858292,1398519577487,0.024520874,-9.876282,0.45489502
1398519577923202820,1858303,1398519577498,0.006668091,-9.889374,0.44537354
1398519577928421325,1858303,1398519577499,0.069747925,-9.828674,0.4072876
1398519577932602234,1858312,1398519577507,0.045944214,-9.835815,0.38824463
1398519577937912292,1858312,1398519577508,0.0471344,-9.872711,0.45013428
1398519577943374939,1858323,1398519577519,0.02809143,-9.885803,0.46917725
1398519577948135681,1858323,1398519577519,0.0471344,-9.903656,0.40252686
1398519577952682800,1858328,1398519577524,0.020950317,-9.886993,0.44299316
1398519577957687683,1858333,1398519577529,0.032852173,-9.852478,0.43466187
1398519577962723083,1858338,1398519577534,0.043563843,-9.882233,0.4156189
1398519577967758484,1858343,1398519577539,-0.0052337646,-9.821533,0.4322815
1398519577972793884,1858348,1398519577544,0.04951477,-9.837006,0.45846558
1398519577977829284,1858353,1398519577549,-0.011184692,-9.823914,0.4156189
1398519577982986755,1858362,1398519577558,0.0054779053,-9.900085,0.4310913
1398519577988388367,1858362,1398519577558,0.030471802,-9.884613,0.5036926
1398519577993545837,1858373,1398519577569,0.030471802,-9.852478,0.39657593
1398519577998794861,1858373,1398519577569,0.010238647,-9.888184,0.41204834
1398519578003128357,1858382,1398519577578,0.035232544,-9.854858,0.43704224
1398519578008468933,1858383,1398519577578,0.039993286,-9.86676,0.43466187
1398519578013809509,1858393,1398519577589,0.031661987,-9.883423,0.43704224
1398519578019028015,1858394,1398519577589,0.01737976,-9.844147,0.50131226
1398519578023239441,1858403,1398519577598,0.06260681,-9.852478,0.3918152
1398519578028580017,1858403,1398519577598,0.032852173,-9.808441,0.49298096
1398519578034012146,1858414,1398519577609,0.016189575,-9.882233,0.45846558
1398519578039230652,1858414,1398519577609,0.04475403,-9.820343,0.43704224
1398519578043350525,1858423,1398519577618,0.006668091,-9.879852,0.44418335
1398519578048630066,1858423,1398519577618,0.0471344,-9.86795,0.39538574
1398519578053360290,1858429,1398519577624,0.050704956,-9.869141,0.4822693
1398519578058395691,1858432,1398519577628,0.04118347,-9.851288,0.47869873
1398519578064712829,1858444,1398519577640,0.018569946,-9.860809,0.45965576
1398519578069900818,1858444,1398519577640,0.030471802,-9.839386,0.40371704
1398519578073532409,1858451,1398519577647,0.030471802,-9.839386,0.40371704
1398519578078659363,1858453,1398519577649,0.037612915,-9.8810425,0.42514038
1398519578084366150,1858464,1398519577660,-0.004043579,-9.859619,0.47155762
1398519578089645691,1858464,1398519577660,0.026901245,-9.857239,0.4394226
1398519578093674011,1858473,1398519577668,0.026901245,-9.857239,0.4394226
1398519578098892517,1858473,1398519577669,0.03642273,-9.888184,0.3822937
1398519578104904480,1858485,1398519577680,0.030471802,-9.858429,0.40014648
1398519578110184021,1858485,1398519577680,0.009048462,-9.844147,0.47869873
1398519578113815613,1858492,1398519577687,0.02571106,-9.846527,0.45251465
1398519578118942566,1858493,1398519577689,0.026901245,-9.851288,0.47988892
1398519578124649353,1858504,1398519577700,0.02809143,-9.921509,0.43347168
1398519578129928894,1858504,1398519577700,-0.008804321,-9.906036,0.5036926
1398519578133987732,1858513,1398519577709,0.054275513,-9.895325,0.40252686
1398519578139206238,1858513,1398519577709,0.024520874,-9.852478,0.42990112
1398519578145065613,1858525,1398519577720,0.032852173,-9.850098,0.38586426
1398519578150284118,1858525,1398519577720,0.023330688,-9.873901,0.43585205
1398519578154068298,1858532,1398519577728,0.009048462,-9.885803,0.4810791
1398519578159256286,1858534,1398519577729,0.04951477,-9.884613,0.42990112
1398519578164718933,1858544,1398519577740,0.026901245,-9.890564,0.49893188
1398519578169937439,1858544,1398519577740,0.059036255,-9.817963,0.390625
1398519578174331970,1858554,1398519577749,0.0019073486,-9.869141,0.45489502
1398519578179703064,1858554,1398519577749,0.045944214,-9.904846,0.3918152
1398519578184891052,1858564,1398519577760,0.019760132,-9.871521,0.4560852
1398519578190079040,1858565,1398519577760,-4.7302246E-4,-9.879852,0.48345947
1398519578194504089,1858574,1398519577769,0.01737976,-9.857239,0.42276
1398519578199875183,1858574,1398519577770,0.031661987,-9.86676,0.42990112
1398519578205002136,1858585,1398519577780,0.039993286,-9.860809,0.5001221
1398519578210220642,1858585,1398519577780,0.006668091,-9.872711,0.42276
1398519578214645691,1858594,1398519577790,0.018569946,-9.886993,0.47631836
1398519578220016784,1858594,1398519577790,0.029281616,-9.870331,0.47750854
1398519578225174255,1858605,1398519577800,0.030471802,-9.827484,0.48583984
1398519578230423279,1858605,1398519577801,-0.0076141357,-9.86795,0.43466187
1398519578234756775,1858614,1398519577810,0.04475403,-9.901276,0.45489502
1398519578240158386,1858614,1398519577810,0.030471802,-9.877472,0.43466187
1398519578245315857,1858625,1398519577821,0.0030975342,-9.898895,0.41204834
1398519578250564880,1858625,1398519577821,0.0030975342,-9.86319,0.42514038
1398519578254898376,1858634,1398519577830,0.029281616,-9.86319,0.38705444
1398519578260269470,1858634,1398519577830,0.032852173,-9.895325,0.43585205
1398519578265457458,1858645,1398519577841,0.05189514,-9.875092,0.4322815
1398519578270706482,1858645,1398519577841,-0.015945435,-9.873901,0.42752075
1398519578275039978,1858654,1398519577850,-0.019515991,-9.846527,0.45013428
1398519578280411072,1858655,1398519577850,7.171631E-4,-9.857239,0.5036926
1398519578285599060,1858665,1398519577861,0.0054779053,-9.870331,0.41323853
1398519578290848083,1858665,1398519577861,0.01737976,-9.8619995,0.3918152
1398519578295181579,1858674,1398519577870,0.02809143,-9.86319,0.4144287
1398519578300522156,1858675,1398519577870,-0.020706177,-9.839386,0.3834839
1398519578305893249,1858685,1398519577881,0.056655884,-9.93222,0.49298096
1398519578311081238,1858686,1398519577881,-0.001663208,-9.882233,0.49893188
1398519578315353699,1858695,1398519577890,0.01499939,-9.86319,0.43823242
1398519578320663757,1858695,1398519577890,0.053085327,-9.873901,0.47512817
1398519578325912781,1858705,1398519577901,-0.015945435,-9.8619995,0.4477539
1398519578331100769,1858706,1398519577901,0.0042877197,-9.86319,0.42037964
1398519578335495300,1858715,1398519577910,0.0030975342,-9.878662,0.5227356
1398519578340835876,1858715,1398519577911,0.009048462,-9.86795,0.41323853
1398519578346054382,1858726,1398519577921,0.039993286,-9.877472,0.4322815
1398519578351272888,1858726,1398519577921,0.042373657,-9.86438,0.4822693
1398519578355606384,1858735,1398519577931,0.042373657,-9.86438,0.4822693
1398519578360946960,1858735,1398519577931,0.019760132,-9.840576,0.4072876
1398519578366287536,1858746,1398519577941,-0.009994507,-9.895325,0.43823242
1398519578371536560,1858746,1398519577942,0.012619019,-9.871521,0.43704224
1398519578375747986,1858755,1398519577951,0.012619019,-9.871521,0.43704224
1398519578381119079,1858755,1398519577951,0.007858276,-9.86795,0.45251465
1398519578386307068,1858766,1398519577962,0.011428833,-9.884613,0.473938
1398519578391586609,1858766,1398519577962,0.035232544,-9.856049,0.4060974
1398519578395889587,1858775,1398519577971,-0.001663208,-9.951263,0.45251465
1398519578401291199,1858775,1398519577971,0.0054779053,-9.917938,0.40966797
1398519578406448669,1858786,1398519577982,-4.7302246E-4,-9.878662,0.4727478
1398519578411697693,1858786,1398519577982,0.009048462,-9.895325,0.40252686
1398519578416031189,1858796,1398519577992,0.031661987,-9.876282,0.3739624
1398519578421402283,1858796,1398519577992,-0.025466919,-9.885803,0.42633057
1398519578426395270,1858805,1398519578001,0.01499939,-9.827484,0.40966797
1398519578431674811,1858805,1398519578001,-0.0135650635,-9.857239,0.4810791
1398519578437442634,1858817,1398519578012,0.07688904,-9.821533,0.3977661
1398519578442722175,1858817,1398519578012,0.048324585,-9.903656,0.47512817
1398519578446506354,1858824,1398519578020,0.013809204,-9.840576,0.48345947
1398519578451694343,1858826,1398519578021,0.020950317,-9.876282,0.4572754
1398519578457126472,1858836,1398519578032,0.02809143,-9.86438,0.41085815
1398519578462344977,1858837,1398519578032,0.031661987,-9.882233,0.37872314
1398519578466739509,1858846,1398519578041,0.0054779053,-9.853668,0.4572754
1398519578472110602,1858846,1398519578041,0.007858276,-9.850098,0.44180298
1398519578477298591,1858857,1398519578052,-0.014755249,-9.837006,0.42514038
1398519578482517097,1858857,1398519578052,-0.00642395,-9.911987,0.46679688
1398519578486881110,1858866,1398519578061,0.02809143,-9.889374,0.42633057
1398519578492221686,1858866,1398519578062,0.011428833,-9.879852,0.37753296
1398519578496860358,1858872,1398519578068,-0.001663208,-9.80249,0.41918945
1398519578501865241,1858881,1398519578077,0.03404236,-9.8619995,0.37872314
1398519578507083747,1858882,1398519578077,0.022140503,-9.86795,0.45846558
1398519578512149665,1858892,1398519578088,0.016189575,-9.9131775,0.46917725
1398519578517978522,1858892,1398519578088,0.026901245,-9.835815,0.36801147
1398519578522098395,1858901,1398519578097,0.04475403,-9.859619,0.43585205
1398519578527469489,1858901,1398519578097,-0.0028533936,-9.886993,0.39538574
1398519578532687995,1858912,1398519578108,0.059036255,-9.875092,0.42514038
1398519578537998054,1858912,1398519578108,0.010238647,-9.882233,0.41323853
1398519578542301032,1858921,1398519578117,0.05189514,-9.92746,0.3977661
1398519578547672126,1858921,1398519578117,0.054275513,-9.888184,0.45132446
1398519578552829597,1858932,1398519578128,-0.043319702,-9.883423,0.43585205
1398519578558109138,1858932,1398519578128,-0.0076141357,-9.890564,0.42990112
1398519578562442634,1858942,1398519578137,-0.020706177,-9.848907,0.4477539
1398519578567813727,1858942,1398519578137,0.013809204,-9.860809,0.5144043
1398519578573001716,1858952,1398519578148,0.032852173,-9.908417,0.4656067
1398519578578281257,1858952,1398519578148,0.026901245,-9.885803,0.38110352
1398519578582584235,1858962,1398519578157,0.013809204,-9.875092,0.42990112
1398519578587955329,1858962,1398519578157,-0.01713562,-9.847717,0.41323853
1398519578593112800,1858972,1398519578168,0.03642273,-9.891754,0.46322632
1398519578598331306,1858973,1398519578168,0.023330688,-9.8810425,0.43347168
1398519578602695319,1858982,1398519578177,0.010238647,-9.904846,0.40490723
1398519578608035895,1858982,1398519578177,0.0030975342,-9.860809,0.44537354
1398519578613254401,1858993,1398519578188,0.01499939,-9.854858,0.42990112
1398519578618472907,1858993,1398519578188,0.053085327,-9.870331,0.4310913
1398519578622836921,1859002,1398519578197,0.023330688,-9.86557,0.4644165
1398519578628208015,1859002,1398519578198,0.03404236,-9.876282,0.43823242
1398519578633396003,1859013,1398519578208,0.037612915,-9.871521,0.4072876
1398519578638614509,1859013,1398519578208,-0.023086548,-9.892944,0.40490723
1398519578643009040,1859022,1398519578218,-0.023086548,-9.892944,0.40490723
1398519578648380134,1859022,1398519578218,0.043563843,-9.884613,0.44180298
1398519578653568122,1859033,1398519578228,0.0030975342,-9.860809,0.40966797
1398519578658786628,1859033,1398519578229,0.06260681,-9.938171,0.5227356
1398519578663120124,1859042,1398519578238,0.06260681,-9.938171,0.5227356
1398519578668521735,1859042,1398519578238,0.035232544,-9.9453125,0.41799927
1398519578673709724,1859053,1398519578249,0.06498718,-9.922699,0.43466187
1398519578678989265,1859053,1398519578249,-0.019515991,-9.873901,0.47631836
1398519578683292243,1859062,1398519578258,0.026901245,-9.848907,0.390625
1398519578688663337,1859063,1398519578258,0.006668091,-9.840576,0.4072876
1398519578693851325,1859073,1398519578269,0.072128296,-9.858429,0.42156982
1398519578699130866,1859073,1398519578269,0.031661987,-9.92627,0.42752075
1398519578703372809,1859082,1398519578278,-0.021896362,-9.884613,0.45846558
1398519578708743903,1859083,1398519578278,0.026901245,-9.872711,0.46203613
1398519578714053962,1859093,1398519578289,0.011428833,-9.900085,0.45132446
1398519578719333503,1859094,1398519578289,0.07807922,-9.8619995,0.37158203
1398519578723483893,1859102,1398519578298,-0.0076141357,-9.907227,0.39419556
1398519578728763434,1859103,1398519578298,0.032852173,-9.838196,0.4322815
1398519578734470222,1859114,1398519578309,0.020950317,-9.891754,0.47036743
1398519578739719245,1859114,1398519578309,0.039993286,-9.877472,0.45489502
1398519578743564460,1859122,1398519578318,0.048324585,-9.807251,0.42037964
1398519578748782966,1859122,1398519578318,0.04951477,-9.859619,0.45013428
1398519578754855964,1859134,1398519578330,0.026901245,-9.86438,0.46917725
1398519578760074470,1859134,1398519578330,0.039993286,-9.841766,0.49536133
1398519578763706061,1859141,1398519578337,-4.7302246E-4,-9.920319,0.46917725
1398519578768833015,1859143,1398519578338,-0.032608032,-9.86676,0.39419556
1398519578774906013,1859154,1398519578350,0.019760132,-9.860809,0.4310913
1398519578780124518,1859154,1398519578350,0.01499939,-9.832245,0.47155762
1398519578783908698,1859162,1398519578357,0.042373657,-9.8941345,0.45965576
1398519578789035651,1859163,1398519578359,0.037612915,-9.884613,0.45370483
1398519578794498298,1859174,1398519578369,0.009048462,-9.860809,0.41085815
1398519578799716804,1859174,1398519578370,0.037612915,-9.909607,0.45013428
1398519578804111335,1859183,1398519578379,0.03404236,-9.854858,0.3751526
1398519578809482429,1859183,1398519578379,0.0019073486,-9.888184,0.37039185
1398519578814670417,1859194,1398519578390,0.059036255,-9.878662,0.41204834
1398519578819949958,1859194,1398519578390,0.023330688,-9.839386,0.46679688
1398519578824252936,1859203,1398519578399,0.019760132,-9.885803,0.41799927
1398519578829624030,1859203,1398519578399,0.013809204,-9.873901,0.42752075
1398519578834842536,1859214,1398519578410,0.02809143,-9.812012,0.44537354
1398519578840122077,1859214,1398519578410,0.08403015,-9.895325,0.3834839
1398519578844425056,1859224,1398519578419,0.032852173,-9.825104,0.45013428
1398519578849796149,1859224,1398519578419,-0.012374878,-9.807251,0.39300537
1398519578854953620,1859234,1398519578430,0.03404236,-9.870331,0.45965576
1398519578860263679,1859234,1398519578430,0.054275513,-9.845337,0.43347168
1398519578864566657,1859244,1398519578439,0.01499939,-9.809631,0.40014648
1398519578869937751,1859244,1398519578439,0.045944214,-9.870331,0.47631836
1398519578875095222,1859254,1398519578450,0.01737976,-9.86319,0.43585205
1398519578880405280,1859255,1398519578450,-0.020706177,-9.8941345,0.43704224
1398519578884708259,1859264,1398519578459,-0.0052337646,-9.876282,0.45370483
1398519578890048835,1859264,1398519578459,0.05784607,-9.888184,0.4310913
1398519578895267341,1859275,1398519578470,0.012619019,-9.891754,0.43704224
1398519578900485847,1859275,1398519578470,-0.0052337646,-9.909607,0.44299316
1398519578904849860,1859284,1398519578479,0.04951477,-9.86557,0.3989563
1398519578910190436,1859284,1398519578480,0.045944214,-9.853668,0.43704224
1398519578915439460,1859295,1398519578490,0.030471802,-9.8810425,0.4477539
1398519578920657966,1859295,1398519578490,0.0042877197,-9.870331,0.45370483
1398519578924960944,1859304,1398519578500,0.0042877197,-9.870331,0.45370483
1398519578930301520,1859304,1398519578500,0.0054779053,-9.910797,0.49417114
1398519578935581061,1859315,1398519578510,0.082839966,-9.901276,0.53344727
1398519578940799567,1859315,1398519578511,0.011428833,-9.851288,0.4560852
1398519578945010993,1859321,1398519578517,0.011428833,-9.851288,0.4560852
1398519578950046393,1859327,1398519578523,0.0471344,-9.869141,0.39657593
1398519578955081794,1859329,1398519578524,0.05784607,-9.875092,0.46798706
1398519578960697028,1859340,1398519578536,0.018569946,-9.8810425,0.47155762
1398519578965976569,1859340,1398519578536,0.04951477,-9.851288,0.40966797
1398519578970279548,1859349,1398519578545,-0.044509888,-9.854858,0.47155762
1398519578975650641,1859349,1398519578545,0.059036255,-9.835815,0.45965576
1398519578980838630,1859360,1398519578556,0.029281616,-9.884613,0.3918152
1398519578986118171,1859360,1398519578556,-0.0135650635,-9.897705,0.49893188
1398519578990390632,1859369,1398519578565,0.03404236,-9.856049,0.46203613
1398519578995731208,1859371,1398519578566,0.01737976,-9.897705,0.42156982
1398519579000522468,1859380,1398519578575,0.04118347,-9.891754,0.3656311
1398519579005863044,1859380,1398519578575,0.013809204,-9.845337,0.41323853
1398519579011051032,1859391,1398519578586,0.016189575,-9.902466,0.4656067
1398519579016361091,1859391,1398519578587,-0.051651,-9.873901,0.5144043
1398519579020511481,1859398,1398519578594,-0.012374878,-9.835815,0.43704224
1398519579025729987,1859399,1398519578595,-0.011184692,-9.86438,0.42156982
1398519579031864020,1859411,1398519578607,0.050704956,-9.828674,0.390625
1398519579037052009,1859411,1398519578607,0.006668091,-9.839386,0.4156189
1398519579040714118,1859418,1398519578614,0.012619019,-9.853668,0.42276
1398519579045810554,1859421,1398519578616,0.019760132,-9.841766,0.37991333
1398519579050845954,1859430,1398519578626,0.07807922,-9.827484,0.4156189
1398519579056186530,1859430,1398519578626,0.011428833,-9.841766,0.45846558
1398519579061435554,1859441,1398519578636,0.02809143,-9.915558,0.4477539
1398519579066684577,1859441,1398519578637,0.02809143,-9.846527,0.4656067
1398519579071018073,1859450,1398519578646,-0.00642395,-9.891754,0.40847778
1398519579076358649,1859450,1398519578646,0.0471344,-9.869141,0.4394226
1398519579081546638,1859461,1398519578656,0.056655884,-9.820343,0.4072876
1398519579086765143,1859461,1398519578657,0.02809143,-9.908417,0.46679688
1398519579091159675,1859471,1398519578667,0.023330688,-9.847717,0.44656372
1398519579096500251,1859471,1398519578667,0.08403015,-9.896515,0.4560852
1398519579101138923,1859480,1398519578676,0.08998108,-9.904846,0.4656067
1398519579106479499,1859480,1398519578676,0.050704956,-9.8810425,0.37158203
1398519579111850593,1859492,1398519578687,0.0471344,-9.833435,0.4144287
1398519579117435309,1859492,1398519578688,0.0030975342,-9.851288,0.473938
1398519579121219489,1859498,1398519578694,0.016189575,-9.833435,0.4239502
1398519579126254890,1859500,1398519578696,0.006668091,-9.897705,0.42514038
1398519579132572028,1859512,1398519578708,0.016189575,-9.833435,0.44656372
1398519579137851569,1859512,1398519578708,0.03404236,-9.833435,0.46084595
1398519579141361091,1859519,1398519578714,0.0019073486,-9.835815,0.44418335
1398519579146427009,1859521,1398519578716,0.030471802,-9.907227,0.36801147
1398519579152408454,1859532,1398519578727,-0.023086548,-9.858429,0.47512817
1398519579157687995,1859532,1398519578728,0.050704956,-9.844147,0.45132446
1398519579161533210,1859541,1398519578737,0.063797,-9.844147,0.43704224
1398519579166751716,1859541,1398519578737,0.06260681,-9.838196,0.46322632
1398519579171726081,1859551,1398519578747,0.030471802,-9.850098,0.49179077
1398519579177188727,1859551,1398519578747,0.04951477,-9.883423,0.4906006
1398519579181949470,1859562,1398519578758,-0.025466919,-9.910797,0.3977661
1398519579187839362,1859562,1398519578758,0.06498718,-9.876282,0.44299316
1398519579191715095,1859571,1398519578767,0.06498718,-9.876282,0.44299316
1398519579196964118,1859571,1398519578767,0.012619019,-9.8810425,0.41918945
1398519579202365729,1859582,1398519578777,0.006668091,-9.872711,0.43704224
1398519579207584235,1859582,1398519578777,0.06617737,-9.842957,0.3668213
1398519579212009284,1859591,1398519578787,0.06617737,-9.842957,0.3668213
1398519579217380378,1859591,1398519578787,0.054275513,-9.921509,0.4810791
1398519579222507331,1859602,1398519578797,0.013809204,-9.8619995,0.4060974
1398519579227725837,1859602,1398519578798,0.04118347,-9.891754,0.4572754
1398519579232120368,1859611,1398519578807,0.04118347,-9.891754,0.4572754
1398519579237491462,1859611,1398519578807,-0.00642395,-9.808441,0.4810791
1398519579242679450,1859622,1398519578818,0.0054779053,-9.896515,0.42633057
1398519579247867438,1859622,1398519578818,0.023330688,-9.869141,0.46322632
1398519579252292487,1859631,1398519578827,0.01499939,-9.86676,0.44537354
1398519579257663581,1859632,1398519578827,0.032852173,-9.875092,0.42633057
1398519579262790534,1859642,1398519578838,0.07926941,-9.820343,0.44418335
1398519579268070075,1859642,1398519578838,0.045944214,-9.871521,0.4894104
1398519579272403571,1859652,1398519578847,0.04951477,-9.892944,0.4406128
1398519579277805183,1859652,1398519578847,0.0054779053,-9.891754,0.4644165
1398519579282962653,1859662,1398519578858,-0.008804321,-9.838196,0.4239502
1398519579288242194,1859663,1398519578858,0.023330688,-9.896515,0.3751526
1398519579292545173,1859672,1398519578867,-0.00642395,-9.857239,0.37634277
1398519579297946784,1859672,1398519578867,0.01499939,-9.942932,0.4322815
1398519579303104255,1859683,1398519578878,0.030471802,-9.897705,0.4906006
1398519579308383796,1859683,1398519578878,0.016189575,-9.858429,0.45846558
1398519579312686774,1859692,1398519578887,0.08403015,-9.850098,0.41204834
1398519579318088386,1859692,1398519578888,0.02571106,-9.895325,0.4727478
1398519579323245856,1859703,1398519578898,0.061416626,-9.86795,0.4477539
1398519579328464362,1859703,1398519578898,0.061416626,-9.844147,0.29660034
1398519579332828376,1859712,1398519578907,-0.015945435,-9.86676,0.44180298
1398519579338168952,1859712,1398519578908,0.0471344,-9.851288,0.43823242
1398519579343387458,1859723,1398519578918,0.02571106,-9.858429,0.40252686
1398519579348605964,1859723,1398519578918,0.01737976,-9.857239,0.3989563
1398519579353000495,1859732,1398519578928,0.0471344,-9.898895,0.4239502
1398519579358341071,1859732,1398519578928,0.054275513,-9.870331,0.48583984
1398519579363529059,1859743,1398519578938,-0.029037476,-9.820343,0.42514038
1398519579368717048,1859743,1398519578939,0.072128296,-9.883423,0.42037964
1398519579373142097,1859752,1398519578948,0.0388031,-9.845337,0.42276
1398519579378513190,1859752,1398519578948,0.063797,-9.854858,0.46679688
1398519579383640143,1859763,1398519578959,-0.001663208,-9.883423,0.38705444
1398519579388858649,1859763,1398519578959,0.01499939,-9.856049,0.43823242
1398519579393253181,1859772,1398519578968,-4.7302246E-4,-9.841766,0.39300537
1398519579398593757,1859772,1398519578968,-0.030227661,-9.853668,0.4489441
1398519579403842780,1859783,1398519578979,0.042373657,-9.86676,0.43466187
1398519579409091804,1859783,1398519578979,0.032852173,-9.86795,0.47512817
1398519579413394782,1859792,1398519578988,0.024520874,-9.86319,0.41204834
1398519579418735358,1859793,1398519578988,0.024520874,-9.879852,0.50250244
1398519579424014899,1859803,1398519578999,0.032852173,-9.895325,0.4144287
1398519579429294440,1859804,1398519578999,0.020950317,-9.841766,0.42037964
1398519579433505866,1859813,1398519579008,0.013809204,-9.92627,0.37753296
1398519579438876960,1859813,1398519579008,0.029281616,-9.86319,0.46679688
1398519579444187018,1859824,1398519579019,-4.7302246E-4,-9.890564,0.3989563
1398519579449466559,1859824,1398519579019,0.032852173,-9.873901,0.3894348
1398519579453647468,1859833,1398519579028,0.04475403,-9.891754,0.41799927
1398519579458988044,1859833,1398519579028,0.032852173,-9.856049,0.39657593
1398519579464420173,1859844,1398519579039,0.03642273,-9.896515,0.42156982
1398519579469699714,1859844,1398519579040,-0.0052337646,-9.807251,0.45370483
1398519579473728034,1859853,1398519579048,-0.018325806,-9.886993,0.4477539
1398519579478946540,1859853,1398519579048,0.029281616,-9.850098,0.48345947
1398519579484805915,1859864,1398519579060,0.053085327,-9.86438,0.43704224
1398519579489993903,1859864,1398519579060,-0.001663208,-9.835815,0.48703003
1398519579493869636,1859873,1398519579068,-0.001663208,-9.835815,0.48703003
1398519579499057624,1859873,1398519579068,0.050704956,-9.869141,0.38467407
1398519579505161140,1859885,1398519579080,0.031661987,-9.856049,0.46322632
1398519579510379645,1859885,1398519579080,0.018569946,-9.898895,0.42037964
1398519579513980720,1859891,1398519579087,0.018569946,-9.898895,0.42037964
1398519579519107673,1859893,1398519579089,0.023330688,-9.839386,0.4406128
1398519579525150153,1859904,1398519579100,0.01499939,-9.878662,0.4477539
1398519579530338141,1859905,1398519579100,0.07688904,-9.903656,0.43823242
1398519579534152839,1859912,1398519579108,0.07688904,-9.903656,0.43823242
1398519579539310309,1859913,1398519579109,0.048324585,-9.901276,0.42514038
1398519579545474860,1859925,1398519579120,0.04475403,-9.876282,0.4727478
1398519579550754401,1859925,1398519579121,-0.008804321,-9.845337,0.46679688
1398519579554263923,1859932,1398519579127,0.023330688,-9.925079,0.43823242
1398519579559299323,1859933,1398519579129,-0.004043579,-9.892944,0.5227356
1398519579565341804,1859945,1398519579140,0.05189514,-9.883423,0.41085815
1398519579570621345,1859945,1398519579140,0.022140503,-9.890564,0.50964355
1398519579574436042,1859953,1398519579149,0.010238647,-9.872711,0.40014648
1398519579579624030,1859953,1398519579149,0.016189575,-9.854858,0.4310913
1398519579585758063,1859965,1398519579161,0.013809204,-9.891754,0.32635498
1398519579591037604,1859965,1398519579161,0.054275513,-9.844147,0.41680908
1398519579594547126,1859971,1398519579166,0.056655884,-9.92865,0.41085815
1398519579599582526,1859977,1398519579172,0.035232544,-9.882233,0.41085815
1398519579604648444,1859978,1398519579174,0.031661987,-9.920319,0.39419556
1398519579609927985,1859989,1398519579185,0.023330688,-9.8941345,0.3894348
1398519579615390632,1859990,1398519579185,0.03642273,-9.86676,0.49298096
1398519579619876716,1859999,1398519579195,-0.023086548,-9.885803,0.4894104
1398519579625278327,1859999,1398519579195,0.06498718,-9.8619995,0.48464966
1398519579630283210,1860010,1398519579205,0.043563843,-9.917938,0.41680908
1398519579635501716,1860010,1398519579205,0.02571106,-9.889374,0.4656067
1398519579640018317,1860019,1398519579215,0.02571106,-9.915558,0.4656067
1398519579645389411,1860019,1398519579215,0.030471802,-9.897705,0.5322571
1398519579649997565,1860029,1398519579225,0.045944214,-9.835815,0.4156189
1398519579655216071,1860029,1398519579225,-0.0052337646,-9.86557,0.44299316
1398519579660648200,1860040,1398519579236,-0.014755249,-9.846527,0.44180298
1398519579665866706,1860040,1398519579236,-0.0052337646,-9.907227,0.44537354
1398519579670200202,1860049,1398519579245,0.05784607,-9.859619,0.42871094
1398519579675571296,1860049,1398519579245,0.0388031,-9.878662,0.45251465
1398519579680759284,1860060,1398519579256,0.030471802,-9.933411,0.3239746
1398519579685977790,1860060,1398519579256,0.050704956,-9.808441,0.4572754
1398519579690341804,1860069,1398519579265,0.059036255,-9.875092,0.39419556
1398519579695712897,1860071,1398519579266,0.0030975342,-9.888184,0.39300537
1398519579700351569,1860079,1398519579275,0.007858276,-9.942932,0.44299316
1398519579705661628,1860080,1398519579275,-0.0076141357,-9.873901,0.4644165
1398519579711185309,1860091,1398519579286,7.171631E-4,-9.86795,0.4560852
1398519579716556403,1860091,1398519579287,0.012619019,-9.870331,0.41918945
1398519579720462653,1860099,1398519579295,0.01737976,-9.879852,0.48583984
1398519579725681159,1860099,1398519579295,0.029281616,-9.833435,0.42037964
1398519579731662604,1860111,1398519579307,0.012619019,-9.878662,0.44299316
1398519579736942145,1860111,1398519579307,0.032852173,-9.907227,0.38586426
1398519579740604255,1860118,1398519579314,0.022140503,-9.902466,0.46084595
1398519579745731208,1860121,1398519579316,0.013809204,-9.86795,0.42037964
1398519579750736091,1860130,1398519579325,-0.015945435,-9.86319,0.4644165
1398519579756107184,1860130,1398519579326,0.04951477,-9.9131775,0.4156189
1398519579761356208,1860141,1398519579336,0.043563843,-9.902466,0.43585205
1398519579766666266,1860141,1398519579337,0.07688904,-9.846527,0.46917725
1398519579770908210,1860150,1398519579346,0.056655884,-9.853668,0.40252686
1398519579776248786,1860150,1398519579346,0.035232544,-9.839386,0.4882202
1398519579781467292,1860161,1398519579356,0.019760132,-9.856049,0.43585205
1398519579786685798,1860161,1398519579357,0.029281616,-9.891754,0.45251465
1398519579791049811,1860171,1398519579367,0.029281616,-9.891754,0.45251465
1398519579796420905,1860171,1398519579367,0.022140503,-9.86319,0.45132446
1398519579801120612,1860181,1398519579377,0.08522034,-9.872711,0.4906006
1398519579806522224,1860181,1398519579377,0.04118347,-9.876282,0.42633057
1398519579811221931,1860191,1398519579387,0.04118347,-9.876282,0.42633057
1398519579816623542,1860191,1398519579387,0.082839966,-9.844147,0.48703003
1398519579821292731,1860201,1398519579397,0.082839966,-9.844147,0.48703003
1398519579826663825,1860201,1398519579397,0.05784607,-9.86795,0.44537354
1398519579831363532,1860211,1398519579406,0.053085327,-9.892944,0.42871094
1398519579836734626,1860211,1398519579406,0.03642273,-9.835815,0.41204834
1398519579841770026,1860221,1398519579417,0.02809143,-9.831055,0.41204834
1398519579847080085,1860221,1398519579417,-0.00642395,-9.851288,0.45132446
1398519579851505134,1860232,1398519579427,0.020950317,-9.882233,0.41323853
1398519579856876227,1860232,1398519579427,0.03642273,-9.858429,0.41680908
1398519579861484382,1860241,1398519579437,0.032852173,-9.909607,0.506073
1398519579866763923,1860241,1398519579437,0.03404236,-9.853668,0.46917725
1398519579871921393,1860252,1398519579448,0.04118347,-9.884613,0.42156982
1398519579877536628,1860252,1398519579448,0.037612915,-9.871521,0.4406128
1398519579881564948,1860259,1398519579455,0.016189575,-9.841766,0.3977661
1398519579886783454,1860260,1398519579456,0.050704956,-9.885803,0.41085815
1398519579892917487,1860272,1398519579468,0.045944214,-9.860809,0.38824463
1398519579898227546,1860273,1398519579468,0.0030975342,-9.854858,0.46322632
1398519579901737067,1860279,1398519579474,0.022140503,-9.839386,0.5620117
1398519579906772468,1860281,1398519579476,0.02571106,-9.847717,0.44656372
1398519579913059089,1860293,1398519579488,0.08879089,-9.845337,0.47988892
1398519579918308112,1860293,1398519579488,-0.004043579,-9.8941345,0.48464966
1398519579921878669,1860299,1398519579495,-0.012374878,-9.898895,0.40490723
1398519579926883552,1860301,1398519579497,0.019760132,-9.876282,0.4406128
1398519579932926032,1860312,1398519579508,0.0042877197,-9.835815,0.44418335
1398519579938144538,1860312,1398519579508,0.020950317,-9.860809,0.35134888
1398519579941989753,1860317,1398519579513,0.009048462,-9.871521,0.473938
1398519579947025153,1860321,1398519579517,0.042373657,-9.869141,0.4144287
1398519579952701423,1860332,1398519579528,-0.018325806,-9.884613,0.5215454
1398519579957889411,1860332,1398519579528,7.171631E-4,-9.835815,0.41204834
1398519579962283942,1860342,1398519579538,0.05784607,-9.883423,0.4489441
1398519579967929694,1860342,1398519579538,0.018569946,-9.859619,0.45489502
1398519579972354743,1860352,1398519579548,0.06617737,-9.860809,0.4060974
1398519579978000495,1860352,1398519579548,0.03404236,-9.844147,0.38824463
1398519579982395026,1860362,1398519579557,0.007858276,-9.885803,0.40014648
1398519579987796638,1860362,1398519579557,0.010238647,-9.844147,0.44656372
1398519579992954108,1860372,1398519579568,0.0554657,-9.834625,0.4644165
1398519579998264167,1860373,1398519579568,0.048324585,-9.871521,0.3739624
1398519580002567145,1860382,1398519579577,0.056655884,-9.910797,0.47036743
1398519580007938239,1860382,1398519579577,-0.021896362,-9.901276,0.49417114
1398519580013095710,1860393,1398519579588,0.0471344,-9.833435,0.43347168
1398519580018405768,1860393,1398519579588,0.01737976,-9.8619995,0.4072876
1398519580022708747,1860403,1398519579598,0.050704956,-9.903656,0.41085815
1398519580028079841,1860403,1398519579598,-0.026657104,-9.856049,0.4477539
1398519580032865588,1860412,1398519579607,0.011428833,-9.831055,0.42156982
1398519580038236681,1860412,1398519579608,-0.011184692,-9.847717,0.46798706
1398519580043424670,1860423,1398519579618,0.037612915,-9.870331,0.38110352
1398519580048704211,1860423,1398519579619,0.01737976,-9.886993,0.44299316
1398519580052976672,1860432,1398519579628,0.05784607,-9.886993,0.42752075
1398519580058347765,1860432,1398519579628,0.04118347,-9.883423,0.49179077
1398519580063566271,1860443,1398519579638,-0.025466919,-9.888184,0.42752075
1398519580068784777,1860443,1398519579639,-0.015945435,-9.823914,0.47512817
1398519580073148791,1860452,1398519579648,0.07569885,-9.900085,0.45489502
1398519580078489367,1860452,1398519579648,0.07688904,-9.875092,0.42514038
1398519580083707873,1860463,1398519579659,0.072128296,-9.870331,0.39419556
1398519580088926379,1860463,1398519579659,0.018569946,-9.852478,0.42156982
1398519580093290392,1860473,1398519579669,0.018569946,-9.852478,0.42156982
1398519580098661486,1860473,1398519579669,0.01499939,-9.883423,0.4394226
1398519580103239123,1860482,1398519579678,0.01499939,-9.883423,0.4394226
1398519580108488146,1860482,1398519579678,0.010238647,-9.889374,0.43466187
1398519580114164416,1860493,1398519579689,0.023330688,-9.883423,0.46679688
1398519580119382922,1860494,1398519579689,-0.0028533936,-9.872711,0.42990112
1398519580123380724,1860502,1398519579698,0.03642273,-9.846527,0.47036743
1398519580128599230,1860502,1398519579698,0.050704956,-9.920319,0.42514038
1398519580134428088,1860514,1398519579709,0.020950317,-9.890564,0.4406128
1398519580139646594,1860514,1398519579709,0.009048462,-9.820343,0.43704224
1398519580143522326,1860522,1398519579718,0.032852173,-9.872711,0.44537354
1398519580148710314,1860523,1398519579718,0.0054779053,-9.885803,0.4882202
1398519580154691760,1860534,1398519579730,-0.001663208,-9.8810425,0.46084595
1398519580160001818,1860534,1398519579730,0.01737976,-9.888184,0.4406128
1398519580163663928,1860541,1398519579737,0.019760132,-9.895325,0.4394226
1398519580168790881,1860551,1398519579746,0.054275513,-9.86795,0.48703003
1398519580173704211,1860551,1398519579746,0.018569946,-9.8619995,0.43823242
1398519580178739611,1860578,1398519579773,0.012619019,-9.847717,0.31445313
1398519580183775012,1860578,1398519579774,0.04118347,-9.851288,0.4656067
1398519580188810412,1860578,1398519579774,0.043563843,-9.885803,0.43585205
1398519580193876330,1860578,1398519579774,0.029281616,-9.846527,0.41918945
1398519580198881213,1860579,1398519579774,-0.026657104,-9.859619,0.3822937
1398519580203916613,1860579,1398519579774,0.0054779053,-9.854858,0.39657593
1398519580208952014,1860633,1398519579828,-0.019515991,-9.933411,0.48345947
1398519580214017931,1860633,1398519579829,0.05784607,-9.883423,0.44180298
1398519580219022814,1860633,1398519579829,-0.012374878,-9.878662,0.44656372
1398519580224088732,1860633,1398519579829,0.035232544,-9.883423,0.40371704
1398519580229093615,1860633,1398519579829,0.007858276,-9.860809,0.46917725
1398519580234037463,1860633,1398519579829,0.035232544,-9.871521,0.473938
1398519580239103381,1860633,1398519579829,0.019760132,-9.877472,0.43466187
1398519580244108264,1860633,1398519579829,-0.01713562,-9.842957,0.4727478
1398519580249143664,1860633,1398519579829,0.011428833,-9.857239,0.45132446
1398519580254209582,1860633,1398519579829,0.029281616,-9.845337,0.4239502
1398519580259183947,1860633,1398519579829,0.042373657,-9.869141,0.3977661
1398519580264280383,1860647,1398519579843,7.171631E-4,-9.878662,0.41204834
1398519580269285265,1860647,1398519579843,0.031661987,-9.839386,0.44418335
1398519580274320666,1860647,1398519579843,-0.018325806,-9.885803,0.45251465
1398519580279447619,1860653,1398519579848,0.02809143,-9.873901,0.46322632
1398519580284421984,1860657,1398519579853,0.009048462,-9.854858,0.42037964
1398519580289426867,1860662,1398519579858,0.053085327,-9.906036,0.4656067
1398519580294462267,1860667,1398519579863,0.023330688,-9.86438,0.40014648
1398519580299497668,1860683,1398519579878,0.019760132,-9.92984,0.45965576
1398519580304563586,1860683,1398519579878,0.022140503,-9.847717,0.4727478
1398519580309568469,1860683,1398519579878,0.010238647,-9.846527,0.45846558
1398519580314603869,1860689,1398519579885,0.010238647,-9.838196,0.41204834
1398519580320066515,1860698,1398519579894,0.007858276,-9.850098,0.41680908
1398519580324827258,1860698,1398519579894,0.012619019,-9.895325,0.45965576
1398519580330259387,1860708,1398519579904,0.0471344,-9.891754,0.42752075
1398519580334928576,1860708,1398519579904,0.023330688,-9.909607,0.43347168
1398519580340330187,1860718,1398519579914,0.061416626,-9.850098,0.47631836
1398519580344999377,1860718,1398519579914,0.053085327,-9.835815,0.45846558
1398519580350400988,1860728,1398519579924,0.006668091,-9.873901,0.49298096
1398519580355070178,1860728,1398519579924,-0.0076141357,-9.872711,0.42276
1398519580360471789,1860738,1398519579934,0.02571106,-9.869141,0.44656372
1398519580365140978,1860738,1398519579934,0.031661987,-9.831055,0.37753296
1398519580370542590,1860748,1398519579944,0.020950317,-9.886993,0.40014648
1398519580375211779,1860748,1398519579944,0.054275513,-9.900085,0.4965515
1398519580380613390,1860758,1398519579954,0.05784607,-9.858429,0.47631836
1398519580385282580,1860759,1398519579954,0.018569946,-9.896515,0.40966797
1398519580390684191,1860769,1398519579964,0.043563843,-9.882233,0.4477539
1398519580395353381,1860769,1398519579964,0.043563843,-9.882233,0.4477539
